0 0.257876197265625 0.27136937499999997 0.258869794921875 0.2890981354166667 0.263640638671875 0.3062085677083333 0.2677931875 0.31660439322916667 0.635862517578125 0.21966156250000002 0.62604282421875 0.140382 0.259875771484375 0.2514465989583333 0.257876197265625 0.27136937499999997
0 0.274375400390625 0.3325662838541667 0.27943301953125 0.3666691901041667 0.621820544921875 0.26801731510416665 0.618022041015625 0.23370827604166666 0.274375400390625 0.3325662838541667
0 0.280779412109375 0.4090474375 0.627739578125 0.3045351380208333 0.6228043515625 0.2686515572916667 0.277533166015625 0.3737960442708333 0.280779412109375 0.4090474375
0 0.282381947265625 0.44518573437500003 0.2864888046875 0.45942292968750004 0.6391825546875 0.35471738281250004 0.63238027734375 0.3051385729166667 0.281474376953125 0.411042375 0.280555931640625 0.42535678125000004 0.282381947265625 0.44518573437500003
0 0.644236263671875 0.3792362708333334 0.64095075390625 0.3678465026041667 0.640960939453125 0.362269171875 0.28344440625 0.46886703645833333 0.29072987890625 0.5176212447916667 0.648516587890625 0.41357291406249996 0.644236263671875 0.3792362708333334
0 0.288932248046875 0.5223884375 0.28903805078125 0.5417535130208333 0.293531095703125 0.5723279322916667 0.6526900390625 0.4710368984375 0.653801560546875 0.4648911328125 0.64902819140625 0.43734440104166666 0.64739524609375 0.4256841380208333 0.644931125 0.41714184895833334 0.288932248046875 0.5223884375
0 0.293666361328125 0.5737967864583333 0.292139248046875 0.5815015911458333 0.29370453515625 0.5924274817708334 0.297443853515625 0.6208888463541666 0.664237310546875 0.523566296875 0.66548409765625 0.5188892838541667 0.662691623046875 0.5007095026041667 0.657889634765625 0.4726458046875 0.293666361328125 0.5737967864583333
0 0.295375666015625 0.6227184375 0.298669923828125 0.6706351588541667 0.674682873046875 0.5762760572916666 0.666643626953125 0.5254087994791666 0.295375666015625 0.6227184375
0 0.685524390625 0.6393575885416667 0.67671012109375 0.583532640625 0.300109779296875 0.6741267838541667 0.300486138671875 0.6964294635416667 0.305530029296875 0.7269138020833333 0.685524390625 0.6393575885416667
0 0.303461869140625 0.7287432864583333 0.307577484375 0.7795074427083333 0.692790271484375 0.7000427031249999 0.6844903203125 0.6402724322916666 0.303461869140625 0.7287432864583333
0 0.307364794921875 0.783269609375 0.3123694375 0.8376156666666666 0.70369943359375 0.7638587135416667 0.695679814453125 0.7010606484375 0.307364794921875 0.783269609375
0 0.3123694375 0.8376156666666666 0.317026091796875 0.894255046875 0.71211882421875 0.8278094296875 0.70418266015625 0.7630341536458333 0.3123694375 0.8376156666666666