0 0.837642728515625 0.9247438125 0.646286345703125 0.984845390625 0.839321572265625 0.96232753125 0.837642728515625 0.9247438125
0 0.516372849609375 1 0.624876681640625 0.987342859375 0.836477474609375 0.9194350234374999 0.83219218359375 0.8665766432291666 0.3940546171875 0.9993568828125 0.39411425 1 0.516372849609375 1
0 0.83331722265625 0.8588227994791667 0.826457994140625 0.8040867864583333 0.388351125 0.9248850572916667 0.394820001953125 0.9861218515625 0.83331722265625 0.8588227994791667
0 0.815027970703125 0.7948519296875 0.810172482421875 0.7488659661458333 0.47637884375 0.8253720859375 0.479436943359375 0.8813150703125 0.815027970703125 0.7948519296875
0 0.81112262890625 0.7446715911458334 0.806715623046875 0.6961831875 0.47220758984375 0.7711392265625 0.47798577734375 0.8218498723958333 0.81112262890625 0.7446715911458334
0 0.37134384375 0.7559537708333334 0.373912486328125 0.767088046875 0.374603857421875 0.7776246015625 0.372751560546875 0.7867447864583333 0.376009623046875 0.7897112395833333 0.807110921875 0.6928702421874999 0.810386818359375 0.6867711458333333 0.8114663515625 0.6752113020833334 0.80884452734375 0.6632665208333334 0.80511301171875 0.6530846015625 0.367954443359375 0.7416484010416666 0.36893475 0.7472510052083333 0.37134384375 0.7559537708333334
0 0.805547216796875 0.6130152552083333 0.80008978125 0.6096667682291667 0.36626848828125 0.6879423333333333 0.368677583984375 0.6966450989583333 0.369870619140625 0.7054897213541667 0.37151213671875 0.7118318984375 0.371093814453125 0.7241313177083333 0.368798224609375 0.7358330182291667 0.80627588671875 0.6521322421875 0.807887244140625 0.6486774427083334 0.808677841796875 0.6420515546875 0.80803965234375 0.6323255026041666 0.806025857421875 0.6203097942708333 0.805547216796875 0.6130152552083333
0 0.8008584140625 0.5882442578125 0.799369306640625 0.5655501380208333 0.797378533203125 0.5445479557291667 0.792347615234375 0.52390040625 0.415901466796875 0.5759805182291667 0.421296033203125 0.6675314140625 0.79822070703125 0.6040694062499999 0.8008584140625 0.5882442578125
0 0.416736642578125 0.5700339947916667 0.797105482421875 0.5217119765625 0.802152283203125 0.5145895963541667 0.8015371171875 0.49587706770833334 0.80026073828125 0.47642496614583335 0.799037541015625 0.4577833671875 0.79570132421875 0.4442885026041667 0.78919557421875 0.43851374479166666 0.41007441796875 0.4778385677083334 0.416736642578125 0.5700339947916667
0 0.78953769140625 0.43439029687499997 0.78423372265625 0.3909067734375 0.453595337890625 0.42212588020833336 0.456722955078125 0.4697909791666666 0.78953769140625 0.43439029687499997
0 0.453072259765625 0.36746745572916667 0.456145796875 0.4143083802083333 0.47085590234375 0.41439545312500004 0.793589908203125 0.38409840624999997 0.790056845703125 0.33959159375000003 0.453072259765625 0.36746745572916667
0 0.7991982578125 0.3295100494791667 0.792754435546875 0.27799241145833337 0.34978309765625 0.30598116927083335 0.35344264453125 0.3617529192708333 0.7991982578125 0.3295100494791667
0 0.4119171640625 0.2538141875 0.414641341796875 0.2859935 0.7989109296875 0.2691071640625 0.80147243359375 0.26145798697916667 0.803448927734375 0.244893265625 0.802066185546875 0.22382015364583333 0.798752990234375 0.2013388177083333 0.792376626953125 0.18819859114583334 0.40726726953125 0.1922867890625 0.40973668359375 0.22058351041666668 0.4119171640625 0.2538141875
0 0.794170552734375 0.17818883072916666 0.78925474609375 0.11260890885416668 0.4060456796875 0.1083083515625 0.410424001953125 0.184371625 0.794170552734375 0.17818883072916666
0 0.40189030859375 0.0263055625 0.406729912109375 0.10006145572916668 0.7910884609375 0.10320554427083334 0.7868472578125 0.0385693046875 0.40189030859375 0.0263055625
0 0.483627154296875 0 0.381142673828125 0.011954973958333332 0.381095560546875 0.026861429687499997 0.38222065234375 0.025333226562500002 0.779786662109375 0.03367597916666667 0.78274346484375 0.022713856770833332 0.783291171875 0.003048971354166667 0.782434935546875 0 0.483627154296875 0