0 0.348553240234375 0.15982803385416666 0.344052732421875 0.17656290625 0.343191537109375 0.1947813645833333 0.3438138046875 0.20653041927083335 0.709634521484375 0.3175784453125 0.724848212890625 0.23982759114583332 0.35645743359375 0.1427120703125 0.348553240234375 0.15982803385416666
0 0.3449577421875 0.22468196614583333 0.339174931640625 0.2585793463541667 0.682055498046875 0.3541384453125 0.689051451171875 0.32073558854166667 0.3449577421875 0.22468196614583333
0 0.32747733203125 0.29802397135416664 0.676322953125 0.39070911718749995 0.682760775390625 0.3552513854166666 0.335265263671875 0.26405973177083336 0.32747733203125 0.29802397135416664
0 0.317917244140625 0.3319070286458333 0.317325953125 0.3471405677083333 0.6714684140625 0.4427585859375 0.68037836328125 0.39377710677083333 0.327503654296875 0.30022332552083336 0.322297966796875 0.3128021015625 0.317917244140625 0.3319070286458333
0 0.668605658203125 0.46789840625 0.669078671875 0.45571155468749996 0.67078935546875 0.4506219322916667 0.31166380859375 0.35411716145833333 0.303446826171875 0.4026073723958334 0.662041453125 0.5015877786458333 0.668605658203125 0.46789840625
0 0.300350365234375 0.40598753645833335 0.29453965625 0.42373579166666664 0.289317455078125 0.4541035625 0.648324556640625 0.5563470703125 0.651214763671875 0.5513354270833334 0.6552572734375 0.5235815625 0.65732249609375 0.5120438125 0.657677255859375 0.5029037135416666 0.300350365234375 0.40598753645833335
0 0.288992947265625 0.4555187838541667 0.285247490234375 0.461729296875 0.283344484375 0.4725594713541667 0.278078310546875 0.5005881145833333 0.642849291015625 0.6105973255208333 0.6454150234375 0.6070008151041667 0.6484097578125 0.5888783541666667 0.65258382421875 0.5606366979166667 0.288992947265625 0.4555187838541667
0 0.2756308046875 0.5011379192708333 0.26402314453125 0.546698546875 0.636312544921875 0.6644148802083333 0.64448551171875 0.6135855208333333 0.2756308046875 0.5011379192708333
0 0.6269735859375 0.7279222500000001 0.635950890625 0.6721435052083334 0.264273388671875 0.5506691640625 0.257813724609375 0.5712477786458333 0.25312222265625 0.6018319895833334 0.6269735859375 0.7279222500000001
0 0.250674775390625 0.6023817109375 0.238948845703125 0.6509890364583334 0.615099154296875 0.7873012604166667 0.62574983984375 0.7281972083333333 0.250674775390625 0.6023817109375
0 0.23760688671875 0.6543106041666666 0.225600455078125 0.7066722942708333 0.6055979375 0.8515162942708333 0.61742835546875 0.7897982421875 0.23760688671875 0.6543106041666666
0 0.225600455078125 0.7066722942708333 0.21257653515625 0.7609403177083333 0.593781107421875 0.9145041484375 0.606290919921875 0.8510250833333334 0.225600455078125 0.7066722942708333