0 0.747960626953125 0.7172246848958334 0.746503591796875 0.6995529583333333 0.741287794921875 0.6826749505208333 0.736865669921875 0.6724786848958333 0.371558 0.7864897083333333 0.38344682421875 0.8652640390625 0.746483744140625 0.7372283697916666 0.747960626953125 0.7172246848958334
0 0.729869669921875 0.6568328072916666 0.7239225 0.6229860208333333 0.384325724609375 0.7375100026041667 0.38901994140625 0.7716213880208334 0.729869669921875 0.6568328072916666
0 0.721467693359375 0.5806962369791667 0.37745445703125 0.7012898541666667 0.383325916015625 0.7369219270833334 0.725634654296875 0.6157751015625 0.721467693359375 0.5806962369791667
0 0.718920228515625 0.5446545286458333 0.714443220703125 0.5306171067708333 0.36470494921875 0.6516706484375 0.372800791015625 0.7009027317708334 0.720720935546875 0.5787348567708334 0.7212641484375 0.5643864322916666 0.718920228515625 0.5446545286458333
0 0.359012546875 0.6274018619791667 0.362594177734375 0.6386318072916667 0.362729984375 0.6442062135416667 0.717238568359375 0.5210370911458333 0.70868141015625 0.47265159375 0.353836080078125 0.5932853098958334 0.359012546875 0.6274018619791667
0 0.71035316796875 0.46780365625000003 0.7097405546875 0.44845530208333334 0.70444997265625 0.4181085807291667 0.34816107421875 0.53605053125 0.347211091796875 0.5422442760416667 0.352702580078125 0.569552109375 0.354639732421875 0.5811292838541667 0.357325943359375 0.5895517057291667 0.71035316796875 0.46780365625000003
0 0.70427634375 0.4166469140625 0.70560085546875 0.4088757421875 0.7037505390625 0.39802934635416665 0.69926853515625 0.36975931770833337 0.335245900390625 0.48409045833333336 0.334122291015625 0.48882263802083337 0.3373889140625 0.5068614036458333 0.342922533203125 0.5346845572916666 0.70427634375 0.4166469140625
0 0.70128757421875 0.3678346041666667 0.69674112109375 0.32010036197916664 0.323427041015625 0.4318988671875 0.3327928203125 0.48236104947916664 0.70128757421875 0.3678346041666667
0 0.3109409921875 0.36936024739583334 0.32121108984375 0.4247410390625 0.69521075 0.3166778645833333 0.69425085546875 0.29440628645833333 0.688412123046875 0.26417522135416666 0.3109409921875 0.36936024739583334
0 0.69043113671875 0.2622506145833333 0.684989296875 0.21170889583333333 0.30209112890625 0.3090502005208333 0.31195048828125 0.36839784375 0.69043113671875 0.2622506145833333
0 0.685103380859375 0.20793912239583334 0.67867930078125 0.15385904947916665 0.289518251953125 0.24578069791666668 0.299176701171875 0.3081673359375 0.685103380859375 0.20793912239583334
0 0.67867930078125 0.15385904947916665 0.67254296875 0.097470859375 0.279430103515625 0.1822607161458333 0.28905690234375 0.24662724218749998 0.67867930078125 0.15385904947916665