0 0.8557402265625 0.8905443489583332 0.887607541015625 0.8713497291666666 0.881157986328125 0.84284978125 0.711465552734375 0.9420887239583333 0.8557402265625 0.8905443489583332
0 0.549369689453125 1 0.666465685546875 0.9581656302083333 0.87728353125 0.8307571744791667 0.8724584140625 0.8103405390625 0.54804058984375 1 0.549369689453125 1
0 0.53670771875 1 0.868993140625 0.8038775260416666 0.8643003203125 0.780525734375 0.492274455078125 1 0.53670771875 1
0 0.85099299609375 0.7718031692708333 0.840837185546875 0.7176737057291667 0.472752138671875 0.9271508359374999 0.4871691171875 0.9845167968749999 0.85099299609375 0.7718031692708333
0 0.845324931640625 0.7112572395833333 0.836035685546875 0.6722202604166667 0.461513373046875 0.8676324973958334 0.471559029296875 0.9140268958333334 0.845324931640625 0.7112572395833333
0 0.828118572265625 0.6615719583333334 0.81932260546875 0.6213961145833333 0.636753787109375 0.7155005624999999 0.54782759375 0.7617102786458334 0.453198400390625 0.8118827395833333 0.46427622265625 0.8598197916666667 0.46532734375 0.86145675 0.828118572265625 0.6615719583333334
0 0.436437126953125 0.7572252916666667 0.446657814453125 0.8044906588541667 0.826060369140625 0.6189889427083334 0.816951615234375 0.580850109375 0.441875533203125 0.7591328567708334 0.436437126953125 0.7572252916666667
0 0.437086322265625 0.7281144661458333 0.443021134765625 0.7576464947916667 0.442056025390625 0.760031 0.828538109375 0.573822765625 0.822533642578125 0.5403506536458333 0.437086322265625 0.7281144661458333
0 0.80860073828125 0.5357021041666666 0.8028249609375 0.5069614401041667 0.4234293359375 0.6781237421875 0.43228561328125 0.711412765625 0.80860073828125 0.5357021041666666
0 0.415619935546875 0.6356701744791667 0.423619796875 0.6682910781250001 0.42400671875 0.6702164244791667 0.78821827734375 0.5025536093749999 0.786978439453125 0.4712297786458333 0.415619935546875 0.6356701744791667
0 0.7983843984375 0.4633040625 0.791393365234375 0.43210967968749997 0.40736540625 0.598188546875 0.414870193359375 0.6319394036458333 0.7983843984375 0.4633040625
0 0.792873212890625 0.4286930911458333 0.788757779296875 0.39743398437500005 0.41276694140625 0.5567909453125001 0.419235041015625 0.5889766484375 0.792873212890625 0.4286930911458333
0 0.404331962890625 0.5184113958333333 0.411652453125 0.551245171875 0.411371193359375 0.5534390807291667 0.789383359375 0.39335996875 0.7813575625 0.3606100104166667 0.404331962890625 0.5184113958333333
0 0.3948499296875 0.4640412161458333 0.405417416015625 0.5130322604166667 0.4056313203125 0.5140966588541667 0.784545951171875 0.3585082760416667 0.775701791015625 0.3144991354166667 0.3948499296875 0.4640412161458333
0 0.771514546875 0.30444353645833333 0.76862665625 0.29007320572916667 0.76537778125 0.2739065807291667 0.75984298046875 0.26433241927083334 0.2582887578125 0.4492962630208333 0.27218675390625 0.5076732239583334 0.769770099609375 0.3137304375 0.771514546875 0.30444353645833333
0 0.741758736328125 0.239026515625 0.737294603515625 0.220406171875 0.349115306640625 0.3658276875 0.35944855078125 0.4100596640625 0.744971705078125 0.26579489322916666 0.7462228671875 0.25764685937500004 0.741758736328125 0.239026515625
0 0.723385314453125 0.19072081249999998 0.71888527734375 0.18270222395833333 0.33816571484375 0.32930915104166664 0.347184939453125 0.3634090026041667 0.726598283203125 0.21748919270833333 0.727488458984375 0.20754486458333332 0.723385314453125 0.19072081249999998
0 0.718788884765625 0.17503562239583334 0.71742904296875 0.16108200260416666 0.716297888671875 0.151859828125 0.711569162109375 0.13910979166666668 0.364081041015625 0.26421797135416664 0.37327820703125 0.29920327343750003 0.37435685546875 0.3009772239583333 0.718788884765625 0.17503562239583334
0 0.70729781640625 0.13582265104166666 0.706659943359375 0.12546161197916667 0.703459265625 0.1131282890625 0.698056763671875 0.10061897135416666 0.355200974609375 0.23081058333333335 0.363806451171875 0.25925812239583335 0.364887115234375 0.26104209895833336 0.70729781640625 0.13582265104166666
0 0.695288880859375 0.0688784296875 0.690427859375 0.059063549479166665 0.347343380859375 0.18452371614583332 0.35743925390625 0.22398103385416668 0.700474984375 0.09109135677083334 0.697815783203125 0.08145246874999999 0.695288880859375 0.0688784296875
0 0.685469287109375 0 0.27842444140625 0.1398367421875 0.289516525390625 0.19143824739583334 0.289927798828125 0.19348477083333335 0.7083911328125 0.04783273958333333 0.70009262890625 0 0.685469287109375 0
0 0.5271573046875 0 0.263997283203125 0.08242013541666666 0.271968943359375 0.114900703125 0.62487740625 0 0.5271573046875 0
0 0.450630314453125 0 0.26001164453125 0.0681014921875 0.26206005859375 0.07637383333333334 0.505914779296875 0 0.450630314453125 0