0 0.112169830078125 0.1598837265625 0.29279168359375 0.05639030989583333 0.105621734375 0.12325969270833333 0.112169830078125 0.1598837265625
0 0.4506303125 0 0.313550826171875 0.04897378385416667 0.114008779296875 0.1648420703125 0.1251130390625 0.215905234375 0.510226666015625 0 0.4506303125 0
0 0.53461796875 0 0.125014919921875 0.22380176302083332 0.138898548828125 0.27611809114583336 0.554617291015625 0.05571973697916666 0.5410249765625 0 0.53461796875 0
0 0.151357638671875 0.28256624479166664 0.162128392578125 0.3267293828125 0.480887095703125 0.17410202083333334 0.47058965625 0.11971697916666667 0.151357638671875 0.28256624479166664
0 0.16173894140625 0.3310800234375 0.172393935546875 0.377811421875 0.492058056640625 0.2265451875 0.479763294921875 0.17794277864583333 0.16173894140625 0.3310800234375
0 0.593367150390625 0.21814686718749998 0.589387447265625 0.20777646354166668 0.58733433984375 0.19756005729166667 0.58797071875 0.18814956510416667 0.5843758125 0.18598252083333333 0.172436107421875 0.3811655598958333 0.170004302734375 0.38793046875000003 0.1704466796875 0.39956463541666665 0.174584314453125 0.4107209166666667 0.1795851953125 0.4198841901041667 0.598568134765625 0.23145015364583332 0.59687305859375 0.22615963802083336 0.593367150390625 0.21814686718749998
0 0.1843760625 0.4594453229166667 0.1901866796875 0.46147937499999997 0.6072229453125 0.28394995572916665 0.603717037109375 0.2759371822916667 0.601390236328125 0.26750315625 0.59894767578125 0.26163739062499997 0.597757814453125 0.24942797656250001 0.598494544921875 0.23737254947916667 0.178564017578125 0.4210913203125 0.177427080078125 0.42486671354166666 0.177511421875 0.4315749869791667 0.179406599609375 0.4410055182291666 0.1829546796875 0.45237242708333336 0.1843760625 0.4594453229166667
0 0.192219708984375 0.48275439062500003 0.1966417890625 0.5047589609375 0.201337560546875 0.5249811484375 0.20898110546875 0.544150203125 0.572925478515625 0.4057023880208333 0.5556896328125 0.31679136197916663 0.192756337890625 0.466558953125 0.192219708984375 0.48275439062500003
0 0.572877443359375 0.41175194010416666 0.204580533203125 0.5474069765625 0.20053799609375 0.5555896432291666 0.203580865234375 0.5738754557291667 0.20737121875 0.5927365156250001 0.211003642578125 0.6108117005208333 0.216046693359375 0.623329109375 0.223205689453125 0.6275098541666667 0.59144562890625 0.5010042005208334 0.572877443359375 0.41175194010416666
0 0.223405791015625 0.6316498671875 0.234292306640625 0.6732447447916666 0.5558416953125 0.5659469244791667 0.546553875 0.5197301041666667 0.223405791015625 0.6316498671875
0 0.563475330078125 0.6196538541666666 0.55434810546875 0.5742361692708333 0.539850138671875 0.5775562604166666 0.22596495703125 0.6821159270833334 0.235240740234375 0.7251285651041667 0.563475330078125 0.6196538541666666
0 0.2275511875 0.73717346875 0.240606572265625 0.7864164947916666 0.673203033203125 0.6562913932291666 0.6623355859375 0.6022142395833333 0.2275511875 0.73717346875
0 0.618806947265625 0.7220517994791668 0.611933248046875 0.6909920937499999 0.2357007890625 0.796592171875 0.234174400390625 0.8047182083333334 0.2343852578125 0.8214888958333333 0.238491474609375 0.8419217109375 0.244682216796875 0.8632943984375 0.252673041015625 0.8747586692708333 0.631399291015625 0.7815678645833333 0.62528213671875 0.7542727760416666 0.618806947265625 0.7220517994791668
0 0.252210001953125 0.8850317083333333 0.265592001953125 0.9484771640625 0.643539349609375 0.8639876432291667 0.629321357421875 0.7900936588541666 0.252210001953125 0.8850317083333333
0 0.38054675390625 1 0.65831131640625 0.9437825286458333 0.6439395546875 0.872267671875 0.265010802734375 0.9581622317708334 0.273418599609375 1 0.38054675390625 1
0 0.5493696875 1 0.68061271484375 0.9531113828125001 0.678717751953125 0.9384204817708334 0.67780878125 0.9401859609375 0.3976828125 1 0.5493696875 1