0 0.823174193359375 0.9379848776041667 0.856371724609375 0.923336796875 0.852191791015625 0.8940940911458334 0.67564898046875 0.9691391432291666 0.823174193359375 0.9379848776041667
0 0.529513140625 1 0.6296352578125 0.9788562864583333 0.849286578125 0.8815277421875 0.846088482421875 0.86055046875 0.517890783203125 1 0.529513140625 1
0 0.50283529296875 1 0.843148869140625 0.8536399010416668 0.840312451171875 0.8297619895833334 0.444240921875 1 0.50283529296875 1
0 0.82776184375 0.819232546875 0.821905220703125 0.7639841848958334 0.43941433984375 0.9210132890625 0.44925505859375 0.9800743046874999 0.82776184375 0.819232546875
0 0.82687141015625 0.7582283307291666 0.820693408203125 0.7181105442708334 0.432903162109375 0.8602546380208334 0.439256634765625 0.9077949583333332 0.82687141015625 0.7582283307291666
0 0.813654453125 0.70641715625 0.8080563125 0.6652354947916667 0.619110177734375 0.7333795807291666 0.527048458984375 0.7669423958333333 0.429004318359375 0.8036514140625001 0.436263365234375 0.8528697916666667 0.43718039453125 0.8546442786458334 0.813654453125 0.70641715625
0 0.416619806640625 0.7469573463541667 0.42307907421875 0.7953882578125001 0.814945876953125 0.6637805625000001 0.80887696875 0.6245811588541667 0.421878875 0.7496124166666666 0.416619806640625 0.7469573463541667
0 0.41954762890625 0.7180964713541668 0.4231347265625 0.7482938645833334 0.42198796875 0.750530796875 0.820950908203125 0.6192071354166667 0.81760342578125 0.5850815390625 0.41954762890625 0.7180964713541668
0 0.80411127734375 0.5785166067708333 0.80062030078125 0.5491284088541667 0.409884546875 0.6664762083333333 0.416082572265625 0.7008171848958332 0.80411127734375 0.5785166067708333
0 0.4054461328125 0.6231668020833333 0.410844810546875 0.6567239557291666 0.411078671875 0.6586926796875 0.786439193359375 0.5427089713541667 0.787661822265625 0.5113839375 0.4054461328125 0.6231668020833333
0 0.79962664453125 0.5050913046875 0.79511943359375 0.4730934583333333 0.40017524609375 0.5847400572916667 0.404992974609375 0.6193519765625001 0.79962664453125 0.5050913046875
0 0.796859025390625 0.46990183333333335 0.795216734375 0.43824039583333335 0.408792611328125 0.5443220572916666 0.412702037109375 0.5772329088541667 0.796859025390625 0.46990183333333335
0 0.40341265625 0.5049771588541666 0.40811899609375 0.5386513333333333 0.40766728125 0.5407940260416667 0.79615827734375 0.4342758828125 0.790743923828125 0.40058676822916667 0.40341265625 0.5049771588541666
0 0.398244990234375 0.4495833020833333 0.404913869140625 0.4997787708333334 0.405043154296875 0.5008671536458333 0.79407961328125 0.3989409192708333 0.78873405859375 0.3539402395833333 0.398244990234375 0.4495833020833333
0 0.78535807421875 0.3433561484375 0.7836125859375 0.32866204947916666 0.781648912109375 0.3121311848958333 0.77689501171875 0.3018380807291667 0.263587865234375 0.4158864166666667 0.2728331875 0.47588056510416665 0.782895125 0.35234904687499996 0.78535807421875 0.3433561484375
0 0.760893724609375 0.2741503828125 0.757913814453125 0.2550098697916667 0.36046048828125 0.34553370312500004 0.3672695 0.39096353125 0.761990548828125 0.3012199140625 0.7638736328125 0.2932908932291667 0.760893724609375 0.2741503828125
0 0.7464079453125 0.22354857552083332 0.7425611875 0.21494673697916666 0.35243380078125 0.30768915885416664 0.3587303125 0.3428592317708334 0.74750476953125 0.250618109375 0.74916966796875 0.24085232291666667 0.7464079453125 0.22354857552083332
0 0.743066357421875 0.20730870052083336 0.742807876953125 0.19324199739583334 0.742405904296875 0.18391269270833333 0.738702638671875 0.17057345312500002 0.3833100703125 0.24656640885416667 0.3897141328125 0.28264187760416665 0.39064780078125 0.2845564453125 0.743066357421875 0.20730870052083336
0 0.734712390625 0.16670901562499998 0.73489028125 0.15631583333333335 0.7326740234375 0.1436039921875 0.72828180078125 0.13041025 0.377097666015625 0.21210440625000002 0.38342581640625 0.24159546093749998 0.384360705078125 0.24352027864583334 0.734712390625 0.16670901562499998
0 0.728017423828125 0.0984578203125 0.723952482421875 0.08801922135416666 0.372911837890625 0.16497597916666668 0.379859095703125 0.20562422135416666 0.731433705078125 0.12127185677083334 0.729544724609375 0.11131515624999999 0.728017423828125 0.0984578203125
0 0.30787373828125 0.11092848437500001 0.31485969140625 0.1637932265625 0.315108271484375 0.16588586197916666 0.7426978046875 0.07935350000000001 0.737748326171875 0.02579640625 0.30787373828125 0.11092848437500001
0 0.60483643359375 0 0.2980268671875 0.0518156796875 0.3034085 0.08522933854166666 0.7465897734375 0.005100888020833334 0.74598384765625 0 0.60483643359375 0
0 0.47048686328125 0 0.295185591796875 0.037019992187499996 0.29657426171875 0.04553250520833333 0.566180068359375 0 0.47048686328125 0