0 0.365338552734375 0 0.74911598046875 0.10127061197916666 0.752366525390625 0.08705201041666666 0.562753478515625 0 0.365338552734375 0
0 0.30329653125 0 0.2945282109375 0.045159658854166666 0.7316085625 0.17239710416666668 0.74437938671875 0.11294633854166668 0.335929638671875 0 0.30329653125 0
0 0.30215294140625 0.05979479947916667 0.292560517578125 0.10443827604166667 0.6208345625 0.21556792968750002 0.63510639453125 0.162803015625 0.30215294140625 0.05979479947916667
0 0.29041301171875 0.10775475 0.27964750390625 0.15444109635416667 0.608101322265625 0.2673742473958333 0.618292095703125 0.21791416666666666 0.29041301171875 0.10775475
0 0.695612580078125 0.3359468255208333 0.696662548828125 0.32438214322916664 0.699245150390625 0.31438158072916667 0.703719443359375 0.30705440624999997 0.701647978515625 0.30257752083333334 0.2782757578125 0.15725324479166666 0.273422533203125 0.16104847656250001 0.26890997265625 0.17102347135416665 0.267661341796875 0.18335742968750002 0.267964232421875 0.19468273437500003 0.6943450625 0.3508535546875 0.695158595703125 0.34520368749999997 0.695612580078125 0.3359468255208333
0 0.2553443125 0.23105242708333332 0.259308462890625 0.2370710755208333 0.67950208984375 0.4008308098958333 0.67995607421875 0.39157394791666666 0.68156425390625 0.3828469817708333 0.6819993515625 0.3761628932291667 0.686133474609375 0.3651536770833333 0.691800232421875 0.355708578125 0.266611373046875 0.19492211197916667 0.2640854296875 0.19720436458333335 0.261341939453125 0.20282866145833334 0.258957998046875 0.21205995052083335 0.257132267578125 0.2241289609375 0.2553443125 0.23105242708333332
0 0.252071291015625 0.2562246692708333 0.24650876171875 0.27776434635416664 0.24192065625 0.298030421875 0.240218041015625 0.3196212421875 0.60000587890625 0.4761962838541667 0.623005525390625 0.38963482031249996 0.25930845703125 0.24319814843749998 0.252071291015625 0.2562246692708333
0 0.59742890625 0.4811757734375 0.235203927734375 0.31904020572916664 0.22842074609375 0.3228098671875 0.22327442578125 0.34023822656249997 0.218506544921875 0.3587008046875 0.21393732421875 0.37639411197916667 0.21286846875 0.3905315651041667 0.217050162109375 0.39933523958333333 0.57539070703125 0.569013515625 0.59742890625 0.4811757734375
0 0.21547975390625 0.4029166614583333 0.2070604140625 0.44551726041666667 0.51863707421875 0.5963075156250001 0.5303202109375 0.5510671276041667 0.21547975390625 0.4029166614583333
0 0.5024412421875 0.6465241458333334 0.5139223671875 0.6020660052083333 0.500510578125 0.5940089401041667 0.196436203125 0.4466630104166667 0.186086904296875 0.4892380416666667 0.5024412421875 0.6465241458333334
0 0.174660408203125 0.4934904609375 0.164831548828125 0.54404875 0.57804404296875 0.7587099791666666 0.59171419140625 0.7057753229166667 0.174660408203125 0.4934904609375
0 0.50536808203125 0.7726706197916666 0.51269580078125 0.7417959921875 0.156496845703125 0.5488270625 0.151823396484375 0.5544257916666667 0.144964666015625 0.5684865338541667 0.1397994609375 0.5884876614583333 0.135968228515625 0.6108221822916667 0.1377848671875 0.6262843776041667 0.49084688671875 0.8314004062499999 0.49722294921875 0.8042108619791667 0.50536808203125 0.7726706197916666
0 0.13309253125 0.634455875 0.11757802734375 0.6970320338541667 0.466345033203125 0.9087810130208333 0.48554852734375 0.8369193229166667 0.13309253125 0.634455875
0 0.445125998046875 0.9859478098958333 0.46320421875 0.9159438567708333 0.11303432421875 0.7046279817708333 0.097191412109375 0.7659761927083334 0.445125998046875 0.9859478098958333
0 0.463183900390625 1 0.464292513671875 0.9967173151041666 0.46279851171875 0.9975032447916666 0.102148865234375 0.7742755390624999 0.096103669921875 0.7826864166666666 0.0896044921875 0.8003541562500001 0.08891407421875 0.8155258307291667 0.232594798828125 0.9060436822916667 0.43724651953125 1 0.463183900390625 1