0 0.875305908203125 0.8565060911458334 0.906091384765625 0.8343942916666666 0.898166498046875 0.8065636328125 0.734079345703125 0.9213436979166666 0.875305908203125 0.8565060911458334
0 0.690030197265625 0.9415668151041667 0.893668828125 0.7948608411458333 0.8877873203125 0.7749427161458334 0.57206261328125 0.9957261432291666 0.690030197265625 0.9415668151041667
0 0.55620931640625 1 0.883992359375 0.7688177473958334 0.878089267578125 0.7459593151041667 0.517743529296875 1 0.55620931640625 1
0 0.864358017578125 0.7384956927083333 0.851395037109375 0.6854426640625001 0.4951659140625 0.9286446041666667 0.512549009765625 0.9845299192708333 0.864358017578125 0.7384956927083333
0 0.855536158203125 0.6786244270833334 0.844227228515625 0.6405465208333333 0.480840685546875 0.8703165520833333 0.4932891015625 0.9156636015625 0.855536158203125 0.6786244270833334
0 0.83577230859375 0.6306605182291667 0.824895876953125 0.591400640625 0.64769508203125 0.7022563333333333 0.561403078125 0.7566243880208333 0.469629287109375 0.8154759609375 0.483188064453125 0.8622659062500001 0.484322265625 0.8638011145833334 0.83577230859375 0.6306605182291667
0 0.45004930859375 0.7625106015625001 0.462717900390625 0.8087102187499999 0.8314912890625 0.5883726640625 0.820409400390625 0.5511739270833333 0.455574267578125 0.7639076979166667 0.45004930859375 0.7625106015625001
0 0.449173921875 0.7334103046874999 0.45663931640625 0.7623184088541667 0.45580130859375 0.7647868671875 0.83160001953125 0.5430860572916667 0.8238590078125 0.5102539505208333 0.449173921875 0.7334103046874999
0 0.809716841796875 0.5069126041666666 0.802451498046875 0.4787791458333333 0.4329348203125 0.6848115729166667 0.443511119140625 0.7171957994791667 0.809716841796875 0.5069126041666666
0 0.422923384765625 0.6431877630208334 0.432610400390625 0.6749851484375 0.433097107421875 0.6768698177083333 0.7876497890625 0.47574059895833337 0.784774193359375 0.44460838802083336 0.422923384765625 0.6431877630208334
0 0.79573771484375 0.4356411276041667 0.787131703125 0.4051729583333334 0.412728025390625 0.6065651822916667 0.42198028515625 0.6395358125 0.79573771484375 0.4356411276041667
0 0.788429201171875 0.4016270546875 0.782688396484375 0.3708268645833333 0.41595058984375 0.5647660338541667 0.4240868046875 0.5962717447916667 0.788429201171875 0.4016270546875
0 0.405528240234375 0.5272645 0.414548673828125 0.5593374244791667 0.41438287890625 0.5615521510416667 0.7830993125 0.36670458854166665 0.77337967578125 0.33478087500000003 0.405528240234375 0.5272645
0 0.393224802734375 0.4739086744791667 0.40632962890625 0.5217975104166667 0.406598697265625 0.522839421875 0.77645033984375 0.3323877135416667 0.765325279296875 0.289308359375 0.393224802734375 0.4739086744791667
0 0.76062215234375 0.2796667057291667 0.75698948046875 0.26559997916666667 0.752902724609375 0.24977490885416667 0.74688051171875 0.2407388515625 0.2562248671875 0.47190100781250005 0.273143138671875 0.5288431302083333 0.759367822265625 0.28909323177083335 0.76062215234375 0.2796667057291667
0 0.727516380859375 0.2171765859375 0.72208895703125 0.19901680208333336 0.3424633125 0.38018810416666665 0.355085486328125 0.4233512526041667 0.732121974609375 0.243580921875 0.7329438046875 0.23533636718749998 0.727516380859375 0.2171765859375
0 0.706660490234375 0.17069744010416665 0.70175190234375 0.16311692708333334 0.329629841796875 0.3447769296875 0.340411109375 0.37795485156249997 0.711266083984375 0.19710177864583334 0.711633830078125 0.18709888020833332 0.706660490234375 0.17069744010416665
0 0.701254650390625 0.15547796614583334 0.699168103515625 0.1416848125 0.697557224609375 0.13259030989583334 0.692172970703125 0.12031114583333334 0.352076640625 0.2774339609375 0.363081740234375 0.311478625 0.3642505703125 0.31314793229166665 0.701254650390625 0.15547796614583334
0 0.687740052734375 0.11742928125 0.686561671875 0.10715280989583333 0.682723544921875 0.09514722135416666 0.676679748046875 0.08317085677083333 0.341470419921875 0.244933875 0.351543232421875 0.27251173437500004 0.35271459765625 0.2741908515625 0.687740052734375 0.11742928125
0 0.672258025390625 0.051765067708333334 0.666895357421875 0.04242621354166667 0.331210361328125 0.1994905859375 0.34334594140625 0.23791278125 0.6785936171875 0.07344153385416667 0.67543661328125 0.06407345572916666 0.672258025390625 0.051765067708333334
0 0.622814306640625 0 0.2601213984375 0.16132252083333334 0.273886119140625 0.21176666666666666 0.274403458984375 0.21376995572916668 0.684227306640625 0.0295520234375 0.677440689453125 0 0.622814306640625 0
0 0.4977673359375 0 0.2427255 0.10538763020833335 0.2523770390625 0.13704764322916665 0.574014490234375 0 0.4977673359375 0
0 0.437246521484375 0 0.238000455078125 0.09147456250000001 0.240476666015625 0.09953623437499999 0.4813579140625 0 0.437246521484375 0