0 0.5365379609375 0 0.238540431640625 0.166216328125 0.2461636953125 0.21973066666666666 0.580674587890625 0.04020481770833333 0.57305380859375 0 0.5365379609375 0
0 0.59169651171875 0.10364876302083333 0.581282861328125 0.049715046875 0.25390523046875 0.22842946354166668 0.2646519765625 0.27965047395833337 0.59169651171875 0.10364876302083333
0 0.26468807421875 0.28467926302083335 0.27223567578125 0.34910785937500005 0.6102540546875 0.19158410677083335 0.591197111328125 0.1062109296875 0.26468807421875 0.28467926302083335
0 0.628615103515625 0.23842427343749997 0.619439259765625 0.18656030729166664 0.27229009765625 0.35514406249999997 0.279489716796875 0.400306125 0.628615103515625 0.23842427343749997
0 0.279174927734375 0.4040263333333333 0.28774255859375 0.44638005208333337 0.6399755546875 0.29175485416666663 0.63022210546875 0.24281010677083334 0.279174927734375 0.4040263333333333
0 0.639833521484375 0.3429633984375 0.631265921875 0.3006096692708333 0.289534140625 0.45192392708333334 0.295347677734375 0.49725039583333336 0.639833521484375 0.3429633984375
0 0.294312587890625 0.4989824479166667 0.298667427734375 0.537688921875 0.6487199453125 0.39044573958333334 0.6391495234375 0.34436760937500005 0.294312587890625 0.4989824479166667
0 0.663614486328125 0.4693590546875 0.646218982421875 0.394407828125 0.2990911171875 0.5460411067708334 0.30980027734375 0.6129599401041667 0.663614486328125 0.4693590546875
0 0.30440214453125 0.6135241223958333 0.314979091796875 0.6855664401041667 0.679012462890625 0.554558859375 0.661193341796875 0.47125550781250003 0.30440214453125 0.6135241223958333
0 0.70087164453125 0.6802886484375 0.675592580078125 0.5615796302083333 0.3146643046875 0.6892866458333334 0.329628703125 0.7937045625 0.70087164453125 0.6802886484375
0 0.32270190234375 0.8080407760416667 0.341552974609375 0.9092064635416667 0.726147083984375 0.8197697395833333 0.699297833984375 0.698889640625 0.32270190234375 0.8080407760416667
0 0.539414087890625 1 0.747416505859375 0.9410502942708333 0.726846625 0.8375309114583334 0.338817015625 0.9148231302083333 0.349848251953125 1 0.539414087890625 1