0 0.46058591015625 0 0.1678168515625 0.0829733125 0.16994306640625 0.09939132552083334 0.173637125 0.110821046875 0.5000619765625 0.029122484374999997 0.5002410625 0.022417518229166666 0.500345498046875 0.0074159375 0.49879495703125 0 0.46058591015625 0
0 0.172681939453125 0.1244001796875 0.174458087890625 0.13554167447916668 0.17636110546875 0.14747899479166668 0.180905912109375 0.16033115885416668 0.510315833984375 0.07778659895833333 0.502881974609375 0.035069359375000005 0.17354758203125 0.11417352864583334 0.172681939453125 0.1244001796875
0 0.513412876953125 0.08938552083333333 0.510950171875 0.08176570572916667 0.17938397265625 0.16252678906249998 0.178719375 0.1701003854166667 0.1796447734375 0.17981943749999998 0.180659716796875 0.18618600781250003 0.18218212890625 0.19573586197916668 0.18524184765625 0.2031864765625 0.1867269375 0.20858802604166668 0.519069708984375 0.13269826302083335 0.518703998046875 0.118661703125 0.515659171875 0.09956199739583334 0.513412876953125 0.08938552083333333
0 0.50705496484375 0.19432770833333335 0.5272265703125 0.18777911979166664 0.523002609375 0.15736871875 0.520102787109375 0.13917859114583334 0.18978665625 0.216038640625 0.18897323046875 0.2187645 0.188704603515625 0.228821953125 0.19026433984375 0.24252011197916667 0.193234517578125 0.2533232083333333 0.499704173828125 0.1756165703125 0.501226365234375 0.18203369791666668 0.503323912109375 0.1951912734375 0.50705496484375 0.19432770833333335
0 0.176765181640625 0.2593495651041667 0.183599125 0.3022178020833333 0.506679203125 0.22041359114583334 0.499971373046875 0.1762488984375 0.176765181640625 0.2593495651041667
0 0.2134698984375 0.35807621875 0.21564305078125 0.36544538541666666 0.508597787109375 0.2846375208333333 0.50274454296875 0.250008625 0.210142458984375 0.32885348177083334 0.210512642578125 0.3416133802083334 0.2134698984375 0.35807621875
0 0.21208094921875 0.3952898411458334 0.214504845703125 0.4021443255208333 0.560979876953125 0.30217581510416663 0.5559200234375 0.27043616666666664 0.209227146484375 0.36903816666666667 0.20959733203125 0.38179806510416664 0.21208094921875 0.3952898411458334
0 0.208980521484375 0.4196800807291667 0.21575474609375 0.4559110260416666 0.550341224609375 0.35443207812500005 0.543583537109375 0.31830485677083337 0.208980521484375 0.4196800807291667
0 0.227197603515625 0.48593908593749996 0.235177794921875 0.5213846354166667 0.554070720703125 0.407052421875 0.54835795703125 0.3733047213541667 0.227197603515625 0.48593908593749996
0 0.523201185546875 0.4388690572916667 0.51917357421875 0.42195473177083337 0.518834974609375 0.42191829947916665 0.2359220859375 0.5260534505208333 0.239854470703125 0.5444580026041667 0.523201185546875 0.4388690572916667
0 0.2407141796875 0.5477632682291667 0.244395822265625 0.5666824973958333 0.52624601171875 0.457968765625 0.522672923828125 0.44181802604166664 0.2407141796875 0.5477632682291667
0 0.59232359375 0.4779143515625 0.59042903515625 0.4660300911458333 0.58941409375 0.45966352083333334 0.586496650390625 0.44762553906249997 0.582402734375 0.4386455234375 0.2423142109375 0.5682377890625 0.240423671875 0.57099165625 0.241410765625 0.5813586458333333 0.2426486015625 0.5912109583333334 0.244841662109375 0.6007925520833334 0.24669640625 0.6082519557291667 0.250596921875 0.6160188020833334 0.592363408203125 0.4823392109375 0.59232359375 0.4779143515625
0 0.6008411640625 0.5376063854166667 0.5965863515625 0.5046539453125 0.594054978515625 0.49295015885416665 0.59241473828125 0.48683632031249996 0.2492476875 0.6221681692708333 0.25921794921875 0.665922 0.6008411640625 0.5376063854166667
0 0.619822248046875 0.539768421875 0.242624970703125 0.6808277239583332 0.241912548828125 0.6867966119791666 0.242899640625 0.6971636015625 0.24509269921875 0.7067451979166667 0.247468841796875 0.7153876744791666 0.250617125 0.7246985520833333 0.628857193359375 0.5860053984375 0.62461434375 0.5614782369791667 0.619822248046875 0.539768421875
0 0.627691041015625 0.5912156536458334 0.252519625 0.7303699661458333 0.25039825 0.7358509375 0.2532679375 0.7496769114583333 0.25615753125 0.7657153151041666 0.2589197421875 0.7746919921875 0.636956822265625 0.6347255260416667 0.634453298828125 0.6190213229166667 0.631651275390625 0.6056197864583334 0.627691041015625 0.5912156536458334
0 0.269861013671875 0.7702602994791666 0.2750988984375 0.7989416015624999 0.622003736328125 0.6828811666666667 0.615613419921875 0.6448832942708334 0.269861013671875 0.7702602994791666
0 0.276093935546875 0.8030957395833332 0.281323876953125 0.8379898932291666 0.629406830078125 0.725144484375 0.623288912109375 0.6888553125 0.276093935546875 0.8030957395833332
0 0.284124140625 0.8430301536458332 0.289091375 0.870013703125 0.617663908203125 0.76003603125 0.612958248046875 0.7326057395833333 0.284124140625 0.8430301536458332
0 0.288378955078125 0.87598259375 0.2931153515625 0.9056932526041667 0.62532569140625 0.7955718229166666 0.62048609765625 0.767301390625 0.288378955078125 0.87598259375
0 0.2943810390625 0.9115451432291667 0.30122292578125 0.9482005260416666 0.646265072265625 0.8308935390625 0.64066257421875 0.7957499661458334 0.2943810390625 0.9115451432291667
0 0.3241042265625 1 0.668705 0.8839781692708333 0.663781546875 0.8530941354166667 0.29634737890625 0.9739810807291667 0.2974021328125 0.9847725078125 0.29938426171875 0.9992936380208333 0.2996431015625 1 0.3241042265625 1
0 0.393216423828125 1 0.658301109375 0.9126563489583334 0.65525366796875 0.8914526718750001 0.32791944140625 1 0.393216423828125 1
0 0.492189158203125 1 0.66240069140625 0.942547484375 0.66025538671875 0.9311778958333333 0.658426900390625 0.9176205260416667 0.40123466796875 1 0.492189158203125 1