0 0.029942734375 0.760855484375 0.064595337890625 0.7676257760416667 0.147538427734375 0.28396453645833336 0.11501797265625 0.27443070833333333 0.029942734375 0.760855484375
0 0.067789947265625 0.768453734375 0.10084525 0.7748100416666667 0.19450316796875 0.25744832031250003 0.157998759765625 0.24688195833333335 0.067789947265625 0.768453734375
0 0.103396484375 0.7743658776041666 0.141576904296875 0.7853666171875 0.227891673828125 0.26720712239583333 0.196255751953125 0.2567971666666667 0.103396484375 0.7743658776041666
0 0.145880728515625 0.7842712994791667 0.180555580078125 0.7965742447916666 0.266071697265625 0.27820776041666667 0.23342369140625 0.26974625520833334 0.145880728515625 0.7842712994791667
0 0.18421603125 0.7942068046875 0.2286299921875 0.8079284921875001 0.309731958984375 0.342581515625 0.264315025390625 0.3308106380208333 0.18421603125 0.7942068046875
0 0.23517448828125 0.8085192760416667 0.279255638671875 0.8188385755208333 0.35589850390625 0.35565205208333334 0.31144719140625 0.3430260598958333 0.23517448828125 0.8085192760416667
0 0.282450248046875 0.8196665338541668 0.3112017265625 0.8271181614583334 0.403883005859375 0.2652881875 0.37446288671875 0.257663265625 0.282450248046875 0.8196665338541668
0 0.31011476171875 0.8345740989583333 0.34046354296875 0.8424397057291667 0.4345201015625 0.2654908671875 0.407503861328125 0.25848896875 0.31011476171875 0.8345740989583333
0 0.339376578125 0.8498956406249999 0.35694692578125 0.8544494114583333 0.462494259765625 0.19868068489583335 0.448419263671875 0.19392744010416665 0.339376578125 0.8498956406249999
0 0.362692771484375 0.8548332083333333 0.3777118828125 0.8598311432291667 0.482460564453125 0.20385542708333335 0.469832939453125 0.20058267708333333 0.362692771484375 0.8548332083333333
0 0.3876948046875 0.8425216458333334 0.4113215625 0.8453289453125 0.50007632421875 0.2990619947916667 0.477226453125 0.29203452864583335 0.3876948046875 0.8425216458333334
0 0.413406955078125 0.8480801822916666 0.43736651953125 0.8542898723958333 0.524679259765625 0.30654380989583335 0.50327794921875 0.30099715104166663 0.413406955078125 0.8480801822916666
0 0.437544048828125 0.8587573958333333 0.479229244140625 0.8684557265625 0.561706033203125 0.3481961484375 0.522572076171875 0.33805365364583334 0.437544048828125 0.8587573958333333
0 0.4825791328125 0.8682185520833333 0.548379171875 0.8830614375 0.6299905625 0.3459968958333333 0.568340275390625 0.32670262499999997 0.4825791328125 0.8682185520833333
0 0.697720716796875 0.3646561536458333 0.636730833984375 0.34663841927083333 0.603726326171875 0.5602655651041667 0.5563656953125 0.8851313359374999 0.616752697265625 0.9029928151041666 0.697720716796875 0.3646561536458333
0 0.62729045703125 0.904618546875 0.6569958671875 0.9112120338541666 0.73503534375 0.35885182552083333 0.708249455078125 0.35080425 0.62729045703125 0.904618546875
0 0.664183736328125 0.9130749401041666 0.6905392578125 0.9199055989583332 0.767935361328125 0.36627327083333333 0.740203466796875 0.359085890625 0.664183736328125 0.9130749401041666
0 0.696440384765625 0.9192242578125001 0.719446017578125 0.92629209375 0.78730325 0.42103494531249996 0.76692282421875 0.4146474921875 0.696440384765625 0.9192242578125001
0 0.722485345703125 0.9281851875 0.748197494140625 0.9337437213541667 0.814457423828125 0.42807259375 0.79488258203125 0.4218939296875 0.722485345703125 0.9281851875
0 0.752523564453125 0.9381810598958333 0.767720205078125 0.9476465208333332 0.779544705078125 0.9518165000000001 0.786865607421875 0.9470816171875001 0.86643564453125 0.3785374166666667 0.8627529453125 0.3753722005208333 0.84598125 0.37102541666666666 0.83000820703125 0.3668856223958334 0.752523564453125 0.9381810598958333
0 0.795828310546875 0.9538260286458334 0.810381580078125 0.9620193645833334 0.82218383203125 0.9606566875000001 0.829349455078125 0.9569869348958333 0.910339265625 0.38438919010416667 0.900910720703125 0.38084018229166666 0.885736328125 0.37690737760416665 0.874888009765625 0.37741191145833336 0.795828310546875 0.9538260286458334