0 0.713821181640625 0.8693877916666667 0.711766345703125 0.8594676041666666 0.32176915625 0.8713221640625001 0.321055505859375 0.9102113020833333 0.708991296875 0.8886035 0.712412365234375 0.8844973984375 0.713821181640625 0.8693877916666667
0 0.713434298828125 0.8584978671875 0.714754294921875 0.8249151432291667 0.31988098828125 0.8364289739583333 0.320235908203125 0.8688648046875 0.713434298828125 0.8584978671875
0 0.713554728515625 0.8139684270833333 0.713079029296875 0.7846053828125 0.396436556640625 0.7961543072916667 0.397519423828125 0.8308028072916667 0.713554728515625 0.8139684270833333
0 0.71166655859375 0.7790752369791667 0.7128588125 0.7487424557291668 0.39519075 0.7656511588541667 0.39648687109375 0.7948742213541666 0.71166655859375 0.7790752369791667
0 0.315717767578125 0.7557526666666666 0.318465482421875 0.7687777083333334 0.716109560546875 0.7489696067708334 0.717255580078125 0.6990803854166666 0.31464228515625 0.7209162630208333 0.315717767578125 0.7557526666666666
0 0.31425174609375 0.6893865859375 0.315846689453125 0.711007109375 0.716698376953125 0.6925237161458333 0.719384607421875 0.644914703125 0.31535883984375 0.6612204296875 0.31425174609375 0.6893865859375
0 0.3207422734375 0.6279216458333333 0.321954498046875 0.6592790963541667 0.72032503515625 0.641721546875 0.721297076171875 0.5755258359375001 0.32137732421875 0.5910321927083334 0.3207422734375 0.6279216458333333
0 0.726258357421875 0.5736999348958333 0.727021150390625 0.5335605390625 0.319914958984375 0.5453058619791666 0.320829849609375 0.5842279713541666 0.726258357421875 0.5736999348958333
0 0.3171715234375 0.5114391979166667 0.31851265234375 0.5395171536458333 0.730399640625 0.5305377526041667 0.730264583984375 0.49250819531249995 0.3185377578125 0.4974129088541666 0.3171715234375 0.5114391979166667
0 0.33897169921875 0.43366342447916667 0.33933400390625 0.4866441614583333 0.72979254296875 0.4837848984375 0.72966114453125 0.4663950911458334 0.729313189453125 0.4337821041666667 0.33897169921875 0.43366342447916667
0 0.7322123203125 0.3807565208333333 0.338105462890625 0.372770703125 0.3372538515625 0.3944369765625 0.337613080078125 0.4267631875 0.73431705078125 0.43087289062499995 0.73473919921875 0.3994000052083333 0.7322123203125 0.3807565208333333
0 0.7357611328125 0.37340047395833337 0.736736828125 0.3278445104166667 0.35396500390625 0.32173704166666667 0.354626544921875 0.3671047604166667 0.7357611328125 0.37340047395833337
0 0.737723619140625 0.323471859375 0.73874189453125 0.276832578125 0.35451501953125 0.26627827864583337 0.353420169921875 0.31486565364583335 0.737723619140625 0.323471859375
0 0.746222744140625 0.25237066927083335 0.750576927734375 0.20379191666666666 0.35258061328125 0.21182865364583334 0.35388176171875 0.2616565390625 0.746222744140625 0.25237066927083335
0 0.74873499609375 0.18845516145833333 0.74735779296875 0.14056220572916667 0.35337501953125 0.10868669791666667 0.35151160546875 0.15609473958333334 0.74873499609375 0.18845516145833333
0 0.751034345703125 0.12995621875 0.750984451171875 0.08976003385416666 0.370260150390625 0.0522932578125 0.37087794921875 0.09877384374999999 0.751034345703125 0.12995621875
0 0.371012296875 0 0.371154341796875 0.029543669270833333 0.759920349609375 0.06974495833333333 0.75999819921875 0.026298830729166667 0.45642594140625 0 0.371012296875 0