0 0.5299090546875 1 0.227924611328125 0.8686523229166667 0.21849027734375 0.9125208984375001 0.4472971875 1 0.5299090546875 1
0 0.63662190625 1 0.640238 0.9831855755208333 0.2384055390625 0.8166961640625 0.22951240625 0.8655646848958334 0.547791099609375 1 0.63662190625 1
0 0.63758183984375 0.9439910052083333 0.64223188671875 0.9223688177083332 0.24445952734375 0.7702896328125001 0.241033166015625 0.7862218177083333 0.63758183984375 0.9439910052083333
0 0.64442853515625 0.9207455000000001 0.655567224609375 0.8646565833333333 0.30010416015625 0.7349113255208333 0.2896997265625 0.7875861901041666 0.64442853515625 0.9207455000000001
0 0.664228486328125 0.8630417057291666 0.673039119140625 0.8220732708333333 0.20502170703125 0.6529902005208333 0.197428787109375 0.6968872760416667 0.664228486328125 0.8630417057291666
0 0.676578802734375 0.8185002734375 0.684165732421875 0.7832219140625 0.2141407890625 0.6082992786458333 0.20771384375 0.6404720755208334 0.676578802734375 0.8185002734375
0 0.685998302734375 0.7789962421875 0.696026615234375 0.7409565989583333 0.219938259765625 0.5671699973958334 0.212375892578125 0.6016122994791667 0.685998302734375 0.7789962421875
0 0.23390698828125 0.5100860130208333 0.223508544921875 0.5541421640625 0.6970055859375 0.7364044921874999 0.7075880390625 0.6899476067708333 0.23390698828125 0.5100860130208333
0 0.70728463671875 0.6886080807291667 0.7121794453125 0.6658477734375 0.236765216796875 0.4842026692708334 0.233423501953125 0.5037433151041667 0.70728463671875 0.6886080807291667
0 0.713892626953125 0.6578816796875 0.721604880859375 0.6177250052083333 0.25034849609375 0.4352136640625 0.238079556640625 0.47350233593749996 0.713892626953125 0.6578816796875
0 0.72063193359375 0.6136582421875 0.732373423828125 0.5676525026041667 0.258161408203125 0.38943671614583336 0.24994041015625 0.43123700520833336 0.72063193359375 0.6136582421875
0 0.732618154296875 0.5665145338541667 0.738247189453125 0.5403401614583333 0.263682927734375 0.3590383854166667 0.25936590625 0.38311409635416666 0.732618154296875 0.5665145338541667
0 0.7402051015625 0.5312360989583333 0.752071990234375 0.4803519895833333 0.341776322265625 0.3265860104166667 0.331700203125 0.3775168098958333 0.7402051015625 0.5312360989583333
0 0.356054794921875 0.2599753046875 0.3446774140625 0.30858333072916666 0.75684744921875 0.4608969661458333 0.768463529296875 0.4127240625 0.356054794921875 0.2599753046875
0 0.7707916015625 0.3976035078125 0.7808199140625 0.3595638619791666 0.294142912109375 0.18704141666666665 0.28564457421875 0.22385192447916666 0.7707916015625 0.3976035078125
0 0.307842361328125 0.13193146614583331 0.300374775390625 0.1709503125 0.785504646484375 0.34181596354166666 0.7941551953125 0.30185160677083334 0.307842361328125 0.13193146614583331
0 0.7928241015625 0.2865637552083333 0.799557490234375 0.25095897916666665 0.3153099140625 0.0929127734375 0.30833781640625 0.12103673177083334 0.7928241015625 0.2865637552083333
0 0.810564755859375 0.20836730208333332 0.3275408984375 0.04463094010416666 0.319834591796875 0.07616896614583334 0.804076189453125 0.24283397656250003 0.810564755859375 0.20836730208333332
0 0.33354175 0 0.327097849609375 0.0310989296875 0.812642091796875 0.20300351041666667 0.82267641015625 0.1563450703125 0.371971509765625 0 0.33354175 0
0 0.39328786328125 0 0.8232912109375 0.1491907421875 0.832380142578125 0.10692824479166667 0.69907195703125 0.05596090364583334 0.53775025390625 0 0.39328786328125 0