0 0.480347087890625 0 0.18087165234375 0.04196818229166666 0.184106025390625 0.07601346354166667 0.547232734375 0 0.480347087890625 0
0 0.566579865234375 0.05950034635416667 0.562893337890625 0.0023531197916666666 0.183636857421875 0.08044231510416668 0.185167658203125 0.09986175520833333 0.18861337890625 0.13319292447916667 0.566579865234375 0.05950034635416667
0 0.570832083984375 0.11344323177083333 0.56620844921875 0.06516923177083334 0.187974123046875 0.13546405989583335 0.1902703203125 0.16459321875 0.19312073046875 0.19037238281250002 0.570832083984375 0.11344323177083333
0 0.57444505078125 0.1696572578125 0.570277875 0.1167932265625 0.194824462890625 0.19122439843750003 0.1923935859375 0.21228979947916668 0.19630847265625 0.24119211979166666 0.57444505078125 0.1696572578125
0 0.19162249609375 0.24403035677083332 0.19727937109375 0.305411828125 0.59914205859375 0.2338243411458333 0.59477846484375 0.16808799479166667 0.19162249609375 0.24403035677083332
0 0.590315783203125 0.2983262421875 0.58835976171875 0.27351251302083335 0.58714433203125 0.24771316927083334 0.205158779296875 0.311943046875 0.20174846875 0.33096415364583337 0.202000755859375 0.35492586718749997 0.206214720703125 0.37724161458333333 0.210812806640625 0.39404965885416665 0.217243615234375 0.4029654322916667 0.59346242578125 0.33824397916666665 0.591931626953125 0.3188245390625 0.590315783203125 0.2983262421875
0 0.637786345703125 0.4749240963541667 0.63506492578125 0.4404006484375 0.63204726953125 0.3917386302083334 0.627813197265625 0.338025953125 0.212557640625 0.405803671875 0.2103847421875 0.40938050781249996 0.20850807421875 0.4270959114583333 0.207525796875 0.4457767552083333 0.20931173046875 0.46843277083333335 0.21224718359375 0.4952907916666667 0.2169303125 0.5131776901041667 0.221997568359375 0.5255568828125 0.637786345703125 0.4749240963541667
0 0.2274843515625 0.5847806380208334 0.22986559375 0.6149886536458333 0.234208548828125 0.6285601223958334 0.23927580078125 0.6409393125 0.645182361328125 0.5895098567708333 0.637678349609375 0.4839347109375 0.225105955078125 0.5338474791666666 0.2274843515625 0.5847806380208334
0 0.61664300390625 0.642689203125 0.6140477265625 0.620146609375 0.61477487109375 0.5982291927083333 0.2412420703125 0.6451218203125 0.240344837890625 0.6648815208333333 0.24140646875 0.6887298125 0.244171833984375 0.7134301197916666 0.24970825390625 0.7213804557291666 0.622343822265625 0.6942475338541666 0.621364388671875 0.6922032369791666 0.618599025390625 0.6675029296875 0.61664300390625 0.642689203125
0 0.6128400390625 0.7293934322916668 0.611564373046875 0.7132105651041667 0.609837263671875 0.7016814114583334 0.258311958984375 0.7267193984375 0.25635025 0.7433559479166667 0.257115650390625 0.7530656666666666 0.25562310546875 0.7652733645833334 0.257538025390625 0.7791850963541668 0.26073145703125 0.7885545520833334 0.6135586484375 0.7696514296875 0.61292223828125 0.7511974296875 0.6128400390625 0.7293934322916668
0 0.23951558203125 0.8100709114583333 0.241891134765625 0.8817292057291667 0.64510883984375 0.8688537187500001 0.641007888671875 0.7856879427083333 0.23951558203125 0.8100709114583333
0 0.2449144765625 0.8889409453125 0.2486535859375 0.9571358281250001 0.653531080078125 0.9549354947916666 0.649857142578125 0.8771867526041667 0.2449144765625 0.8889409453125
0 0.519652921875 1 0.624948470703125 0.9852439895833333 0.623523033203125 0.9583414765625 0.250143283203125 0.9656532708333333 0.25119201171875 1 0.519652921875 1