0 0.536431712890625 1 0.3266329921875 0.9234751041666667 0.322017708984375 0.9470980520833333 0.337664970703125 0.9542817630208332 0.46060796484375 1 0.536431712890625 1
0 0.62112990625 1 0.621173923828125 0.9997911484375 0.279697984375 0.8779287630208333 0.27365261328125 0.9043686822916667 0.5473503828125 1 0.62112990625 1
0 0.6218738984375 0.9985036848958333 0.62743747265625 0.9739293125 0.28622515625 0.8496231640624999 0.281097328125 0.8785712057291667 0.6218738984375 0.9985036848958333
0 0.62702473046875 0.9664360286458332 0.633070091796875 0.9399960338541667 0.28483801171875 0.8155973385416666 0.27761118359375 0.8435816510416667 0.62702473046875 0.9664360286458332
0 0.643726294921875 0.9229768229166666 0.642685474609375 0.9098266822916666 0.293487201171875 0.7851357864583334 0.28413833984375 0.8152761145833334 0.6372911484375 0.9388037604166667 0.643726294921875 0.9229768229166666
0 0.262943837890625 0.7064219895833334 0.249189833984375 0.7627119036458333 0.648762044921875 0.9065074218750001 0.6603354765625 0.8548123046875 0.262943837890625 0.7064219895833334
0 0.66483297265625 0.8533680208333334 0.6769237109375 0.8004881822916667 0.278669685546875 0.646308046875 0.26482496875 0.7051988177083334 0.66483297265625 0.8533680208333334
0 0.676728845703125 0.7951816666666667 0.685905818359375 0.7566151927083333 0.318415802734375 0.6098107578124999 0.308516115234375 0.6511756744791667 0.676728845703125 0.7951816666666667
0 0.68896843359375 0.7538476354166667 0.697227865234375 0.7127730416666668 0.33000171484375 0.5619162005208334 0.320560837890625 0.6045351276041667 0.68896843359375 0.7538476354166667
0 0.703547916015625 0.712544421875 0.716315326171875 0.6631054192708333 0.322478587890625 0.5031617421875 0.314621109375 0.5214658567708333 0.31019298046875 0.5507350677083334 0.703547916015625 0.712544421875
0 0.718437359375 0.6609494088541666 0.730482080078125 0.6143088619791667 0.3378657734375 0.43708125000000003 0.321102248046875 0.4993996145833333 0.718437359375 0.6609494088541666
0 0.737960650390625 0.6156554244791667 0.748319091796875 0.5755446302083334 0.30916459375 0.37288376041666665 0.298118541015625 0.41768556510416666 0.737960650390625 0.6156554244791667
0 0.321668083984375 0.3274972760416667 0.310827841796875 0.36947374739583333 0.747401552734375 0.5730365052083334 0.75666082421875 0.5318062057291667 0.321668083984375 0.3274972760416667
0 0.74728787890625 0.5249876848958334 0.751933900390625 0.49790524739583336 0.429430125 0.34358214843749996 0.421262705078125 0.3721781458333333 0.74728787890625 0.5249876848958334
0 0.43595728125 0.31527661458333334 0.428730453125 0.34326092708333333 0.753356283203125 0.4954280234375 0.757887115234375 0.4703992369791667 0.43595728125 0.31527661458333334
0 0.774107015625 0.4423504010416666 0.77755518359375 0.4209017317708333 0.3926018828125 0.22859402604166668 0.380534171875 0.2783541953125 0.76526294921875 0.467505359375 0.774107015625 0.4423504010416666
0 0.7827331875 0.41500853125000003 0.790418828125 0.3882782265625 0.793619466796875 0.366792703125 0.407996142578125 0.17201372395833334 0.394288146484375 0.22206433854166666 0.7827331875 0.41500853125000003
0 0.798104419921875 0.3615479010416667 0.809931279296875 0.3127205234375 0.424402267578125 0.1153190078125 0.41599168359375 0.13499158854166668 0.414718181640625 0.14901463802083334 0.410382078125 0.16580525520833334 0.798104419921875 0.3615479010416667
0 0.810676962890625 0.3068023776041667 0.820140857421875 0.26106377343750004 0.43622679296875 0.056635557291666666 0.42397388671875 0.103646421875 0.810676962890625 0.3068023776041667
0 0.45164993359375 0 0.44051690625 0.046084179687500004 0.823075490234375 0.2513000078125 0.83341309375 0.20663948697916668 0.453475400390625 0 0.45164993359375 0
0 0.460628734375 0 0.835317205078125 0.2022966875 0.842784951171875 0.17337947135416668 0.52963761328125 0 0.460628734375 0
0 0.53689616015625 0 0.846570255859375 0.16781345572916664 0.853519134765625 0.1367465 0.815823328125 0.11618525 0.56275348046875 0 0.53689616015625 0