0 0.27498496484375 0 0.27134760546875 0.0453725234375 0.63349201953125 0.08469238281250001 0.64236302734375 0.023831554687500003 0.529513140625 0 0.27498496484375 0
0 0.264140642578125 0.06063140885416667 0.263438259765625 0.08925018489583332 0.625458279296875 0.13016108333333334 0.627439935546875 0.09779789843749999 0.264140642578125 0.06063140885416667
0 0.61997516796875 0.190913234375 0.62442782421875 0.13072341406250002 0.26066028125 0.1126361328125 0.25851732421875 0.1685192109375 0.61997516796875 0.190913234375
0 0.610792 0.313631453125 0.619506888671875 0.20999244010416665 0.2568068515625 0.17534975 0.249970986328125 0.2697060755208333 0.610792 0.313631453125
0 0.24717125 0.2716025677083333 0.239845353515625 0.36354856249999995 0.597837248046875 0.4209487369791667 0.60612894140625 0.31504396093750003 0.24717125 0.2716025677083333
0 0.585710810546875 0.48693062760416667 0.592195396484375 0.42477265625 0.227610248046875 0.3681565182291667 0.226483267578125 0.42305556250000004 0.585710810546875 0.48693062760416667
0 0.582135177734375 0.5473056588541666 0.587048216796875 0.4908089791666667 0.229435884765625 0.4284735989583333 0.224201357421875 0.4801078828125 0.582135177734375 0.5473056588541666
0 0.572880529296875 0.6100773151041666 0.57982548046875 0.5516123984375 0.2208757421875 0.485398671875 0.2153016171875 0.5365939296875 0.572880529296875 0.6100773151041666
0 0.22150280859375 0.5406681328125 0.21659765625 0.5743925416666666 0.568610623046875 0.658664765625 0.57218604296875 0.6159237421875 0.22150280859375 0.5406681328125
0 0.561717048828125 0.7191923203125 0.566951544921875 0.66755803125 0.210545642578125 0.5874979947916666 0.208636810546875 0.63384134375 0.561717048828125 0.7191923203125
0 0.208497896484375 0.6350107578125 0.206033470703125 0.68603128125 0.579972580078125 0.7925680625 0.585068181640625 0.7421030260416667 0.208497896484375 0.6350107578125
0 0.20270777734375 0.6913222161458333 0.20079900390625 0.7376655755208333 0.550317416015625 0.8459571432291666 0.554121263671875 0.7907047213541666 0.20270777734375 0.6913222161458333
0 0.540925888671875 0.9017878046875 0.548192279296875 0.8481854375000001 0.198628197265625 0.7408030651041666 0.196580451171875 0.788315828125 0.540925888671875 0.9017878046875
0 0.5585814296875 1 0.568940076171875 0.923286078125 0.19399294921875 0.794961234375 0.18557181640625 0.9033984635416666 0.439799955078125 0.9935195625 0.470486861328125 1 0.5585814296875 1