0 0.780090494140625 0.8030017421875 0.77687035546875 0.7818289635416668 0.314231603515625 0.792708546875 0.31524556640625 0.8992748046875 0.780484724609375 0.8859049661458333 0.78123702734375 0.846778328125 0.780090494140625 0.8030017421875
0 0.351574947265625 0.7258171197916666 0.350202896484375 0.7412807213541667 0.3505437578125 0.7542953880208333 0.3528454296875 0.7743262994791666 0.763826330078125 0.7587444166666667 0.763350357421875 0.7066444348958334 0.35224548046875 0.7174937265625 0.351574947265625 0.7258171197916666
0 0.758034296875 0.63937009375 0.7538957578125 0.6170554479166667 0.35181348828125 0.6419251354166667 0.351614541015625 0.6594779635416667 0.350242486328125 0.6749415651041667 0.35058334765625 0.6879562317708333 0.35028466796875 0.7104774791666667 0.352183505859375 0.7151274296875 0.755878953125 0.6927771432291667 0.75820039453125 0.6796385182291668 0.76027399609375 0.6570347083333333 0.759964119140625 0.6452031510416667 0.758034296875 0.63937009375
0 0.35099479296875 0.6358149296875 0.753709833984375 0.6099565598958333 0.75223359765625 0.5875179557291667 0.751861748046875 0.5733201822916667 0.75243934765625 0.5614473046875 0.748269763671875 0.5379496302083333 0.348155140625 0.5613177421875 0.35099479296875 0.6358149296875
0 0.3844053359375 0.5205382864583333 0.3861604296875 0.5536252630208334 0.74866144140625 0.5189779453125 0.745069453125 0.483607234375 0.3844053359375 0.5205382864583333
0 0.74763885546875 0.4799339505208333 0.744872369140625 0.442155703125 0.386138046875 0.4849198125 0.387893140625 0.5180067864583333 0.74763885546875 0.4799339505208333
0 0.34974155078125 0.4522612239583333 0.34812159765625 0.4582595651041667 0.348338509765625 0.4665416380208333 0.3494738515625 0.4759655 0.351627572265625 0.48558855208333335 0.745759783203125 0.4421143828125 0.747410724609375 0.43729915104166667 0.747678447265625 0.41359471354166666 0.746481103515625 0.4018046380208333 0.744365349609375 0.3888726145833334 0.352857501953125 0.4355317942708334 0.347594814453125 0.4381460911458333 0.349586615234375 0.44634552604166666 0.34974155078125 0.4522612239583333
0 0.74499370703125 0.34501338541666665 0.74388937890625 0.33677263020833337 0.346041310546875 0.38422424739583333 0.34737790234375 0.42986401822916664 0.74604727734375 0.3852404895833333 0.747841990234375 0.3519882317708333 0.74499370703125 0.34501338541666665
0 0.74449790625 0.32608286197916664 0.7412046328125 0.2681911458333333 0.35483555859375 0.30750359374999997 0.35448605859375 0.3620111119791667 0.74449790625 0.32608286197916664
0 0.7402552421875 0.26586608854166666 0.73699295703125 0.20915747656250003 0.35033865234375 0.24982782552083335 0.352080234375 0.30407807291666666 0.7402552421875 0.26586608854166666
0 0.34967870703125 0.18732045833333333 0.348527869140625 0.20236828645833335 0.34874478125 0.21065036197916667 0.34544290625 0.22028098177083333 0.346733185546875 0.23562054427083334 0.3504378984375 0.24137096354166665 0.736961970703125 0.20797436718749998 0.73649716015625 0.19022711197916667 0.73587741015625 0.16656399479166667 0.731955787109375 0.15253150520833333 0.34967870703125 0.18732045833333333
0 0.731955787109375 0.15253150520833333 0.72903436328125 0.10883755729166666 0.367265830078125 0.137527859375 0.369361779296875 0.18362933854166666 0.731955787109375 0.15253150520833333
0 0.367936361328125 0.12920446354166668 0.368978771484375 0.13507884114583332 0.72805392578125 0.10532939583333334 0.7259579453125 0.0592279140625 0.366820814453125 0.08661098437499999 0.367936361328125 0.12920446354166668
0 0.723202677734375 0.055802393229166664 0.72468745703125 0.010718578125000001 0.3654573671875 0.03455232291666666 0.367553353515625 0.08065396354166667 0.723202677734375 0.055802393229166664