0 0.52293598828125 1 0.860739296875 0.9446972916666666 0.861221853515625 0.9394869140625 0.859040490234375 0.9157991979166668 0.85675997265625 0.8910347630208334 0.851843427734375 0.8732595651041667 0.41759336328125 0.9388871015625 0.391547501953125 0.9409652473958333 0.361462958984375 0.9437045755208334 0.348539181640625 0.9458203619791666 0.35240094140625 1 0.52293598828125 1
0 0.85368623046875 0.8576566145833334 0.85622310546875 0.8495906666666667 0.8496935234375 0.7697815625 0.84738398046875 0.76250903125 0.412212515625 0.8359380442708333 0.368099 0.8376952526041667 0.346290125 0.8412656432291666 0.353193310546875 0.9340353359375001 0.85368623046875 0.8576566145833334
0 0.8404698671875 0.7319454973958334 0.83500194140625 0.68147215625 0.3665004765625 0.7669153958333333 0.37114961328125 0.8174009765625 0.8404698671875 0.7319454973958334
0 0.83976371875 0.6708560651041666 0.8249173671875 0.554155375 0.355806470703125 0.64188428125 0.364079376953125 0.7584314661458333 0.83976371875 0.6708560651041666
0 0.827766212890625 0.5405736171875 0.813613931640625 0.43140992708333337 0.348839177734375 0.5217077890625 0.3581450390625 0.6316649010416667 0.827766212890625 0.5405736171875
0 0.821507501953125 0.4191881770833333 0.812709478515625 0.3681670703125 0.29945604296875 0.4751450859375 0.3059300078125 0.5276396223958334 0.821507501953125 0.4191881770833333
0 0.298196080078125 0.44365589583333337 0.30057575 0.46949704166666667 0.8178678671875 0.36185783854166664 0.80906984765625 0.31083672916666666 0.296411326171875 0.4242750338541667 0.298196080078125 0.44365589583333337
0 0.814029927734375 0.3023740703125 0.8081363671875 0.2650857734375 0.2919494453125 0.37582288281250004 0.295518951171875 0.4145846041666667 0.814029927734375 0.3023740703125
0 0.81077239453125 0.2580965416666667 0.803065056640625 0.2189192890625 0.29020823046875 0.3302041666666667 0.29284939453125 0.36778845312499997 0.81077239453125 0.2580965416666667
0 0.8073165546875 0.21166558333333332 0.7990578359375 0.1397901875 0.282162330078125 0.25173624739583333 0.28899578515625 0.31703808333333333 0.8073165546875 0.21166558333333332
0 0.78742548046875 0.0936048828125 0.7825089375 0.0758296796875 0.307402892578125 0.18749195833333332 0.31133021484375 0.23904282031250002 0.79229848828125 0.13761793749999998 0.791420625 0.11918155468750001 0.78742548046875 0.0936048828125
0 0.785541576171875 0.07314730729166667 0.78746901953125 0.06736702343749999 0.78779550390625 0.05310526302083333 0.786605669921875 0.0401846875 0.78411233203125 0.02201277864583333 0.780201830078125 0.0062587734375 0.303282005859375 0.11603209114583334 0.306995037109375 0.17415945833333335 0.785541576171875 0.07314730729166667
0 0.59363064453125 0 0.267516720703125 0.0748906015625 0.26938611328125 0.10409413020833334 0.7502095234375 0 0.59363064453125 0
0 0.477064015625 0 0.264593923828125 0.0347840625 0.266723498046875 0.06627688541666667 0.555847326171875 0 0.477064015625 0