0 0.042266810546875 0.7643194713541667 0.0826764921875 0.7622536692708333 0.08090539453125 0.30984991927083333 0.042561767578125 0.30717058072916664 0.042266810546875 0.7643194713541667
0 0.125420908203125 0.3121456119791667 0.083463166015625 0.30839880989583335 0.0836716171875 0.7680276380208334 0.11660921484375 0.7695142994791667 0.124081298828125 0.7659618333333333 0.125420908203125 0.3121456119791667
0 0.12517225390625 0.7692977395833333 0.137873068359375 0.7726299921875 0.159906 0.7717248307291666 0.164395150390625 0.7663340885416666 0.166280236328125 0.3141858229166667 0.126674849609375 0.3130481536458333 0.124747658203125 0.31372840625000004 0.12517225390625 0.7692977395833333
0 0.188249283203125 0.3149060364583333 0.168121876953125 0.31594434895833334 0.1652944453125 0.7745461171875 0.20390798046875 0.7715398854166667 0.2064024296875 0.31943419791666666 0.188249283203125 0.3149060364583333
0 0.2226066015625 0.7777360026041666 0.242907271484375 0.7742650390625 0.250276634765625 0.32249999739583335 0.210755990234375 0.3197384140625 0.209513134765625 0.31802172916666666 0.204485400390625 0.7723951510416667 0.2226066015625 0.7777360026041666
0 0.27202896875 0.7795596536458334 0.280623951171875 0.7785304062499999 0.289853349609375 0.326080421875 0.25335816015625 0.32434516406249997 0.244126 0.7743502005208334 0.247013103515625 0.7786265364583334 0.27202896875 0.7795596536458334
0 0.28248398828125 0.7778454609375 0.2890272734375 0.7823772812500001 0.304870736328125 0.7834843776041667 0.3184364609375 0.7803577135416666 0.329430064453125 0.32966084375 0.29666567578125 0.3265564453125 0.292258861328125 0.3270634296875 0.28248398828125 0.7778454609375
0 0.3202006640625 0.7821108307291667 0.3567944453125 0.7838529765625001 0.369648083984375 0.33247115885416667 0.333204638671875 0.3299245989583333 0.3202006640625 0.7821108307291667
0 0.409344302734375 0.33443009375 0.372823119140625 0.33269302083333335 0.35691394921875 0.7822314895833333 0.3738803125 0.7858618046875 0.39341190234375 0.7864116953125001 0.409344302734375 0.33443009375
0 0.4048301015625 0.7912841588541667 0.4146118671875 0.7911527604166667 0.426799146484375 0.7920043723958333 0.43427123046875 0.7884519062500001 0.4495303828125 0.3380530989583333 0.411864029296875 0.33460616666666665 0.3969403125 0.7899179244791666 0.4048301015625 0.7912841588541667
0 0.462365859375 0.7887852369791667 0.470960841796875 0.7877559895833333 0.4885616171875 0.33996556510416664 0.453374943359375 0.3358769869791667 0.43574550390625 0.7820355729166667 0.43978744921875 0.7880224427083333 0.462365859375 0.7887852369791667
0 0.475066673828125 0.7921174895833333 0.511083033203125 0.7930043671874999 0.5305757890625 0.34371630989583335 0.493475166015625 0.3419387473958333 0.475066673828125 0.7921174895833333
0 0.573808685546875 0.3475522161458333 0.536237052734375 0.3424820651041667 0.516503421875 0.7950129661458334 0.527440029296875 0.7965921015625 0.551428828125 0.7925639375000001 0.573808685546875 0.3475522161458333
0 0.579331796875 0.7977733880208334 0.591037486328125 0.795331671875 0.6139628203125 0.35198790625 0.57932096484375 0.35038215625 0.55453953515625 0.7911514661458333 0.561628298828125 0.7973512395833334 0.579331796875 0.7977733880208334
0 0.6060160390625 0.8028976796874999 0.61400165625 0.8018258541666667 0.6225646953125 0.8016092942708334 0.62872222265625 0.8004097265625 0.65851027734375 0.35347091406250003 0.64638688671875 0.3509939296875 0.63294893359375 0.35086984374999997 0.62316716796875 0.3510012421875 0.598323037109375 0.799915359375 0.6060160390625 0.8028976796874999
0 0.6951679453125 0.3535876848958333 0.662952306640625 0.352966390625 0.635938759765625 0.8033587526041667 0.6522957578125 0.8069464895833334 0.668298935546875 0.8039901484374999 0.6951679453125 0.3535876848958333
0 0.67554741796875 0.8061264895833333 0.706752751953125 0.8050473515625001 0.739010208984375 0.357466171875 0.70446321875 0.3542372109375 0.67554741796875 0.8061264895833333
0 0.712109255859375 0.8086813229166667 0.744501375 0.80850003125 0.779805650390625 0.36113175520833335 0.747065388671875 0.3588439635416667 0.712109255859375 0.8086813229166667
0 0.82008755859375 0.3623166979166667 0.78498309765625 0.35823386458333334 0.750177310546875 0.8040071354166667 0.764160740234375 0.8057991744791666 0.783082966796875 0.806306484375 0.82008755859375 0.3623166979166667
0 0.783660384765625 0.8071617526041667 0.818939609375 0.811256796875 0.862165615234375 0.3644420703125 0.828258669921875 0.36125783333333333 0.783660384765625 0.8071617526041667
0 0.850722365234375 0.8110329270833333 0.858771869140625 0.8083357265625 0.900010068359375 0.36545669010416665 0.864893462890625 0.3621879270833333 0.8222419765625 0.8049682057291667 0.826989115234375 0.8085595989583334 0.850722365234375 0.8110329270833333
0 0.867787470703125 0.8138552239583333 0.877441462890625 0.8169745729166666 0.8902061640625 0.8186814505208333 0.9018160234375 0.8186777942708333 0.946902064453125 0.37117811979166665 0.940294888671875 0.3682716744791667 0.925060791015625 0.3672071614583334 0.91176223828125 0.36709281510416664 0.867787470703125 0.8138552239583333