0 0.698948337890625 0.9315702526041667 0.7049412890625 0.8811694947916666 0.337283572265625 0.8044459010416666 0.3294403984375 0.8572660390625 0.698948337890625 0.9315702526041667
0 0.704076033203125 0.8809031484375001 0.7102015625 0.8402632760416666 0.343940421875 0.7561591536458333 0.337483298828125 0.8032924140625001 0.704076033203125 0.8809031484375001
0 0.722913939453125 0.8405313854166666 0.7301715546875 0.7880899036458334 0.293429017578125 0.6840252369791666 0.28384173828125 0.7393946614583333 0.722913939453125 0.8405313854166666
0 0.733833107421875 0.7722068020833334 0.738495029296875 0.71896621875 0.304082111328125 0.6119736770833334 0.295160345703125 0.6687630156250001 0.733833107421875 0.7722068020833334
0 0.73084143359375 0.7105352473958333 0.7353690390625 0.6791234947916666 0.37197205859375 0.5830563333333333 0.366179740234375 0.61650871875 0.73084143359375 0.7105352473958333
0 0.735568767578125 0.6779700052083334 0.7416271328125 0.6482445859375 0.377113138671875 0.5472118307291667 0.371706041015625 0.5793293776041667 0.735568767578125 0.6779700052083334
0 0.762328912109375 0.6023714817708333 0.31753411328125 0.47638806250000004 0.30955427734375 0.5264155755208334 0.75394002734375 0.6508198255208334 0.762328912109375 0.6023714817708333
0 0.7613973984375 0.5972247005208333 0.767856076171875 0.5493973229166667 0.3261042265625 0.41925803906250003 0.317467826171875 0.4715076197916667 0.7613973984375 0.5972247005208333
0 0.768189216796875 0.5422098932291667 0.77271771484375 0.49500333072916664 0.340308080078125 0.36616798958333335 0.33324518359375 0.4119684791666667 0.768189216796875 0.5422098932291667
0 0.386029353515625 0.33344573437499997 0.380303322265625 0.3717785625 0.7771773125 0.49030093229166666 0.779773259765625 0.45601069270833333 0.386029353515625 0.33344573437499997
0 0.391689095703125 0.29023246354166665 0.38616279296875 0.32741180208333337 0.7792427109375 0.45205640625000004 0.7828388046875 0.4154978697916667 0.391689095703125 0.29023246354166665
0 0.414253935546875 0.25465292968750003 0.409526568359375 0.2872181640625 0.784236951171875 0.40742314583333333 0.78768414453125 0.3755931796875 0.414253935546875 0.25465292968750003
0 0.788498544921875 0.3722845989583334 0.792360685546875 0.3394530286458333 0.4200294375 0.21832113802083333 0.4148531171875 0.25119246614583335 0.788498544921875 0.3722845989583334
0 0.798284720703125 0.33155651302083333 0.803877283203125 0.2992577708333333 0.42676666015625 0.17362334895833334 0.42184385546875 0.21081884635416667 0.798284720703125 0.33155651302083333
0 0.80247999609375 0.29153751302083336 0.808472041015625 0.2569316432291667 0.4321129921875 0.13117007552083335 0.42643864453125 0.16849272395833334 0.80247999609375 0.29153751302083336
0 0.83755923828125 0.22578994791666665 0.840688755859375 0.20245293489583335 0.83702895703125 0.1867462421875 0.83902631640625 0.17521090104166667 0.833568884765625 0.16988606770833334 0.35190332421875 0.009467546875 0.34724313671875 0.031118252604166664 0.346111005859375 0.0429199296875 0.34191658984375 0.06714394791666667 0.83755923828125 0.22578994791666665
0 0.3647674453125 0 0.844484548828125 0.16474106510416667 0.85107666796875 0.11087959375 0.531998041015625 0 0.3647674453125 0