0 0.6366180625 1 0.6367236015625 0.9993754791666666 0.287600166015625 0.9005987630208333 0.27983655859375 0.9421162656250001 0.342756623046875 0.9630332447916666 0.477475439453125 1 0.6366180625 1
0 0.641922666015625 0.9878859348958334 0.649796775390625 0.9416989869791667 0.29468790625 0.8522632942708334 0.28670115234375 0.8972496510416667 0.641922666015625 0.9878859348958334
0 0.649257798828125 0.940503015625 0.65838694921875 0.8916829791666667 0.30459945703125 0.7974563802083333 0.29690631640625 0.8467538020833333 0.649257798828125 0.940503015625
0 0.661257005859375 0.8885700546874999 0.67128313671875 0.8390314791666666 0.315556818359375 0.7406624401041667 0.30674948046875 0.7900370494791668 0.661257005859375 0.8885700546874999
0 0.662287076171875 0.7933368151041668 0.6624600703125 0.7801764166666666 0.378894275390625 0.6979757942708332 0.373844396484375 0.7330343854166667 0.6570919609375 0.8129617499999999 0.6597790234375 0.8026706380208334 0.662287076171875 0.7933368151041668
0 0.384015189453125 0.6750758567708334 0.38064651171875 0.6966586640625 0.668741138671875 0.7792141640625 0.672146185546875 0.7691617395833333 0.6714261796875 0.76485534375 0.384015189453125 0.6750758567708334
0 0.703189599609375 0.7581297447916667 0.70336259375 0.7449693463541666 0.28495032421875 0.6211249140625 0.279983201171875 0.6438466015625001 0.69816954296875 0.7686620052083333 0.699424529296875 0.7660289661458334 0.703189599609375 0.7581297447916667
0 0.69004647265625 0.6734362317708333 0.401587859375 0.5805920651041666 0.39228400390625 0.6308566484375 0.682532341796875 0.7217763697916667 0.69004647265625 0.6734362317708333
0 0.6904044765625 0.6715217291666667 0.698457642578125 0.6243775104166667 0.410788275390625 0.527416 0.401945865234375 0.5786775572916667 0.6904044765625 0.6715217291666667
0 0.452345529296875 0.51307459375 0.448588482421875 0.5372445677083334 0.6840954453125 0.6155358750000001 0.68874951953125 0.5906472447916666 0.538506623046875 0.5417177578125 0.452345529296875 0.51307459375
0 0.68920674609375 0.5898332656249999 0.694712599609375 0.5634484635416667 0.457470357421875 0.4857243046875 0.452802267578125 0.5112435911458334 0.68920674609375 0.5898332656249999
0 0.695519615234375 0.56219165625 0.700756939453125 0.537242671875 0.46337824609375 0.4574945494791667 0.459115119140625 0.4836019765625 0.695519615234375 0.56219165625
0 0.700082689453125 0.5347307916666667 0.705590021484375 0.5113967578124999 0.4689892265625 0.42748865885416665 0.46327393359375 0.4552441770833333 0.700082689453125 0.5347307916666667
0 0.720263962890625 0.5155123802083333 0.72872484375 0.4763836328125 0.4399480859375 0.37086622916666667 0.432159810546875 0.4136352447916667 0.720263962890625 0.5155123802083333
0 0.729530365234375 0.4720759453125 0.73731845703125 0.4334861875 0.44813583203125 0.32820014583333335 0.44061619921875 0.36535416666666665 0.729530365234375 0.4720759453125
0 0.74216204296875 0.4289957161458333 0.746722138671875 0.39543340625 0.47691974609375 0.29425314583333334 0.470614380859375 0.3272845625 0.74216204296875 0.4289957161458333
0 0.752224958984375 0.36294703385416666 0.751549193359375 0.35738437239583337 0.484745587890625 0.2524028255208333 0.477863986328125 0.2885157890625 0.747123380859375 0.39022877864583333 0.75115394140625 0.37479210416666664 0.752224958984375 0.36294703385416666
0 0.75786655859375 0.3388949895833333 0.75665380078125 0.3362041927083333 0.46741236328125 0.22399529427083334 0.46357333203125 0.24258612760416667 0.753567486328125 0.35576759375 0.755851296875 0.34661333593750004 0.75786655859375 0.3388949895833333
0 0.47110220703125 0.2008991875 0.469076171875 0.21009976302083333 0.467466646484375 0.22176581250000002 0.75799932421875 0.3351263046875 0.762162615234375 0.3159209322916667 0.47110220703125 0.2008991875
0 0.759738583984375 0.31358990364583333 0.767259732421875 0.279486765625 0.51535365234375 0.17954525260416665 0.508786939453125 0.2149128098958333 0.759738583984375 0.31358990364583333
0 0.7667196953125 0.27625695833333336 0.7754505859375 0.23874316406249999 0.523771716796875 0.13789180729166667 0.516305076171875 0.17470801302083336 0.7667196953125 0.27625695833333336
0 0.779217162109375 0.2338946536458333 0.784855748046875 0.20374115104166668 0.4939173125 0.08643294791666667 0.487335966796875 0.11551049479166665 0.779217162109375 0.2338946536458333
0 0.78687400390625 0.20212436197916664 0.79345387109375 0.16999604166666668 0.499601677734375 0.051856242187500005 0.493243064453125 0.08392106510416668 0.78687400390625 0.20212436197916664