0 0.562753478515625 1 0.650239802734375 0.9598347239583332 0.85959728125 0.8319492864583333 0.8433508515625 0.7923684765625 0.5066525546875 0.9916928255208334 0.508947466796875 1 0.562753478515625 1
0 0.498176318359375 0.9588704609375 0.506286943359375 0.9769456822916666 0.82912275 0.7472718177083334 0.812396919921875 0.7125003333333333 0.4931435546875 0.9393821796875 0.498176318359375 0.9588704609375
0 0.80236869140625 0.71366240625 0.79110466015625 0.6867091562500001 0.50613679296875 0.8863773385416667 0.5158626796875 0.9173730078125 0.80236869140625 0.71366240625
0 0.789540548828125 0.6839853229166667 0.779071166015625 0.660109171875 0.496601029296875 0.8494521770833333 0.50762391015625 0.8821373307291666 0.789540548828125 0.6839853229166667
0 0.7882795625 0.652439640625 0.778024697265625 0.6227284661458333 0.4865606796875 0.8139059765625 0.4970513671875 0.8445303203125 0.7882795625 0.652439640625
0 0.781581958984375 0.6165060885416667 0.77002786328125 0.5850967760416667 0.4772646171875 0.7745761562500001 0.486983341796875 0.8055440963541667 0.781581958984375 0.6165060885416667
0 0.466669322265625 0.7335481979166666 0.47768478125 0.7662046067708334 0.772071375 0.5830112864583333 0.767038611328125 0.5635230052083333 0.761791328125 0.5498697499999999 0.466669322265625 0.7335481979166666
0 0.761766146484375 0.5464393880208334 0.736828962890625 0.47987123697916667 0.391086421875 0.6741693697916666 0.41142043359375 0.74957553125 0.761766146484375 0.5464393880208334
0 0.72545208203125 0.40248827604166665 0.707401837890625 0.362588296875 0.410853751953125 0.5974029869791667 0.429673458984375 0.6369497005208333 0.72545208203125 0.40248827604166665
0 0.703264451171875 0.35989855729166664 0.684709623046875 0.32137754166666666 0.395566123046875 0.54820353125 0.414604833984375 0.5885982916666667 0.703264451171875 0.35989855729166664
0 0.6897806328125 0.3110182734375 0.68188452734375 0.2871080260416667 0.38823896484375 0.42651095572916664 0.395601646484375 0.4550213255208333 0.6897806328125 0.3110182734375
0 0.681329580078125 0.28162626822916664 0.672399125 0.2570435885416667 0.377164271484375 0.39029232291666666 0.385054482421875 0.42084544010416663 0.681329580078125 0.28162626822916664
0 0.3634911171875 0.350677421875 0.3726780625 0.3829190078125 0.672109060546875 0.2525875260416667 0.67020451953125 0.23854691406249998 0.662598478515625 0.2190927265625 0.3634911171875 0.350677421875
0 0.6650206640625 0.19847646875 0.65632991015625 0.171489125 0.35056224609375 0.30727889583333334 0.361020349609375 0.3377770625 0.6650206640625 0.19847646875
0 0.33392408203125 0.31950676562499997 0.348720064453125 0.31014400000000003 0.64502763671875 0.174383421875 0.638430759765625 0.15217131250000002 0.3267722578125 0.2918128958333333 0.33392408203125 0.31950676562499997
0 0.654968197265625 0.126222 0.64591183203125 0.08448751562500001 0.3105640703125 0.2223845390625 0.323691119140625 0.26655046614583333 0.654968197265625 0.126222
0 0.61958198046875 0 0.2841765625 0.13353608854166668 0.285500974609375 0.13866458333333334 0.292123033203125 0.16430705729166667 0.296890916015625 0.18276963802083335 0.301898498046875 0.1988275546875 0.30344239453125 0.2081388046875 0.639264591796875 0.055414679687499996 0.63969362890625 0.043744632812499996 0.627029638671875 0.0013718098958333334 0.624919505859375 0 0.61958198046875 0