0 0.060985986328125 0.378556390625 0.0522008125 0.38083327604166667 0.182352916015625 0.8699452343749999 0.238569126953125 0.8575862239583333 0.11243253515625 0.36190666145833333 0.060985986328125 0.378556390625
0 0.30117455859375 0.843571296875 0.178742912109375 0.3391938619791666 0.171399763671875 0.33999163281250006 0.11656155078125 0.3608365286458333 0.243982166015625 0.8606048203125001 0.297647140625 0.8478016458333334 0.30117455859375 0.843571296875
0 0.33935458203125 0.8325706588541667 0.204832828125 0.27937387760416665 0.174151234375 0.29064187760416665 0.16982069140625 0.2939749973958333 0.307874337890625 0.8440456484375001 0.328639294921875 0.8386639166666666 0.33935458203125 0.8325706588541667
0 0.343480876953125 0.8381335026041666 0.375271681640625 0.82878878125 0.2396629609375 0.26813606770833337 0.20705609375 0.2821138020833333 0.343480876953125 0.8381335026041666
0 0.278929951171875 0.2645913645833333 0.2493727109375 0.2766733359375 0.3789321328125 0.8311562239583333 0.402891697265625 0.8249465338541667 0.406263833984375 0.8196510494791666 0.278929951171875 0.2645913645833333
0 0.32571716015625 0.29557510416666666 0.326848623046875 0.29196572395833337 0.316000759765625 0.2516674479166667 0.286608109375 0.26481214322916663 0.4107229375 0.8218115026041667 0.43756655078125 0.8126435859375 0.32571716015625 0.29557510416666666
0 0.44089419140625 0.8184134192708333 0.4707771328125 0.8073524114583334 0.360547294921875 0.2843372890625 0.327658189453125 0.2961774166666667 0.44089419140625 0.8184134192708333
0 0.392848896484375 0.2273289140625 0.3588600859375 0.23724330208333333 0.4737942109375 0.8109919765625001 0.490565908203125 0.8066451953125 0.505740296875 0.802712390625 0.392848896484375 0.2273289140625
0 0.43471162109375 0.2131630598958333 0.40024501953125 0.22541203385416667 0.5073376015625 0.8022984114583332 0.52506323046875 0.7988097708333334 0.539438970703125 0.7950839557291666 0.43471162109375 0.2131630598958333
0 0.5449850390625 0.8047003463541667 0.571828650390625 0.7955324296874999 0.48382804296875 0.2601238046875 0.450658681640625 0.2698258125 0.5449850390625 0.8047003463541667
0 0.576997412109375 0.8196165234375 0.609409341796875 0.8145323385416666 0.5210541328125 0.2482650234375 0.485114783203125 0.2575795598958333 0.576997412109375 0.8196165234375
0 0.610785078125 0.7898574583333334 0.6336354296875 0.7817244921875001 0.551891005859375 0.23806215885416668 0.52384234375 0.24864777083333334 0.610785078125 0.7898574583333334
0 0.5788898984375 0.22995937760416665 0.55404337109375 0.23971508072916667 0.636208916015625 0.7766359973958333 0.645149369140625 0.7754242447916666 0.659525109375 0.7716984322916667 0.5788898984375 0.22995937760416665
0 0.66786861328125 0.7828005546875 0.768476537109375 0.7622525130208334 0.69764809375 0.12290926302083333 0.581340802734375 0.15968533072916666 0.66786861328125 0.7828005546875
0 0.83297537109375 0.07899295833333334 0.709512296875 0.11762361458333333 0.778703734375 0.758496515625 0.878690537109375 0.7336879375 0.83326368359375 0.08665588541666668 0.83297537109375 0.07899295833333334