0 0.18053704296875 0.7774049843749999 0.196519333984375 0.7750370234375 0.07487641015625 0.19133299479166666 0.0501598125 0.19472064583333334 0.18053704296875 0.7774049843749999
0 0.102401453125 0.1925169765625 0.0828675546875 0.19370095833333334 0.206286283203125 0.7703011015625 0.223011375 0.7676373124999999 0.102401453125 0.1925169765625
0 0.224932248046875 0.7703011015625 0.24180241015625 0.7703011015625 0.1312145 0.19211647916666666 0.105953060546875 0.1925169765625 0.224932248046875 0.7703011015625
0 0.244466146484375 0.7714851223958333 0.26400004296875 0.7714851223958333 0.15855825 0.1895123125 0.12992649609375 0.1925169765625 0.244466146484375 0.7714851223958333
0 0.18320071875 0.188965015625 0.161891017578125 0.188965015625 0.267551650390625 0.7738530833333334 0.28355825 0.7715435624999999 0.18320071875 0.188965015625
0 0.287085546875 0.7726690625 0.303067837890625 0.7726690625 0.2093395 0.18821022916666666 0.185864453125 0.190149015625 0.287085546875 0.7726690625
0 0.227595984375 0.190149015625 0.211613693359375 0.190149015625 0.3066194453125 0.7750370234375 0.3196910625 0.7715435624999999 0.227595984375 0.190149015625
0 0.322601736328125 0.7762210442708333 0.335032419921875 0.7762210442708333 0.2474254375 0.18690814583333334 0.23114758984375 0.188965015625 0.322601736328125 0.7762210442708333
0 0.338006853515625 0.7788456328125001 0.352805265625 0.7768723307291667 0.27129203125 0.1850536640625 0.25069626953125 0.188827 0.338006853515625 0.7788456328125001
0 0.289912052734375 0.18685368229166666 0.27215396875 0.18784034895833335 0.355025044921875 0.7778589479166667 0.3683435703125 0.77489903125 0.289912052734375 0.18685368229166666
0 0.311369703125 0.1848803828125 0.294351560546875 0.18784034895833335 0.372043185546875 0.7768723307291667 0.385224322265625 0.7775015807291666 0.311369703125 0.1848803828125
0 0.387581541015625 0.7788456328125001 0.400160173828125 0.7778589479166667 0.331513384765625 0.1828835234375 0.315069318359375 0.18586703125 0.387581541015625 0.7788456328125001
0 0.3542851015625 0.1819204140625 0.333567345703125 0.18389373177083335 0.401640009765625 0.7808189322916667 0.41939809375 0.7788456328125001 0.3542851015625 0.1819204140625
0 0.37722263671875 0.180933765625 0.3557649375 0.18389373177083335 0.422357765625 0.7818056145833333 0.43937590625 0.7808189322916667 0.37722263671875 0.180933765625
0 0.4401158984375 0.7808189322916667 0.4452953515625 0.7798323151041666 0.38685192578125 0.18071338541666668 0.380182310546875 0.180933765625 0.4401158984375 0.7808189322916667
0 0.3957206640625 0.180933765625 0.38832143359375 0.1819204140625 0.44751503125 0.7818056145833333 0.45276989453125 0.7807567890625 0.3957206640625 0.180933765625
0 0.4541743671875 0.7837789166666668 0.480071525390625 0.7847655338541667 0.43079723828125 0.17854324739583335 0.3972005 0.1819204140625 0.4541743671875 0.7837789166666668
0 0.481551412109375 0.7857522161458333 0.506708677734375 0.7857522161458333 0.46741833203125 0.1752880390625 0.434196455078125 0.17896046354166664 0.481551412109375 0.7857522161458333
0 0.4933901015625 0.17600049739583334 0.470452615234375 0.17994711458333335 0.5081885625 0.7896988177083334 0.526686490234375 0.7906854999999999 0.4933901015625 0.17600049739583334
0 0.52002725390625 0.1779738125 0.49486998828125 0.17994711458333335 0.52890626953125 0.7926588020833334 0.547404296875 0.7906854999999999 0.52002725390625 0.1779738125
0 0.55258375 0.1769871640625 0.5244668125 0.17896046354166664 0.54888418359375 0.79561871875 0.5703418828125 0.7926588020833334 0.55258375 0.1769871640625
0 0.5784810078125 0.17600049739583334 0.55480352734375 0.1779738125 0.571821669921875 0.7975920208333332 0.589488646484375 0.7959477604166666 0.5784810078125 0.17600049739583334
0 0.59105958984375 0.8005520026041667 0.6125172890625 0.7995653203124999 0.609833697265625 0.1752880390625 0.5814406796875 0.17600049739583334 0.59105958984375 0.8005520026041667
0 0.6324951015625 0.1769871640625 0.61399717578125 0.1779738125 0.613257181640625 0.8005520026041667 0.62773734375 0.7981178984375 0.6324951015625 0.1769871640625
0 0.707227103515625 0.16416066145833333 0.644333892578125 0.16909392708333335 0.635454873046875 0.8044986041666666 0.683075884765625 0.7981178984375 0.707227103515625 0.16416066145833333
0 0.685769404296875 0.8054852890625 0.7375638203125 0.8025253046874999 0.787242552734375 0.1633522734375 0.722765458984375 0.16909392708333335 0.685769404296875 0.8054852890625
0 0.88110837890625 0.16021405989583334 0.792317908203125 0.1661339765625 0.73830371484375 0.8025253046874999 0.801890990234375 0.8035432473958334 0.88110837890625 0.16021405989583334
0 0.812295822265625 0.8044986041666666 0.877408814453125 0.8094318880208333 0.980997646484375 0.151334171875 0.8889678125 0.15901199739583333 0.812295822265625 0.8044986041666666