0 0.115915853515625 0.7525762760416667 0.145985009765625 0.7592331328125 0.144751958984375 0.23171994270833332 0.107531048828125 0.22245013020833335 0.115915853515625 0.7525762760416667
0 0.145985009765625 0.7592331328125 0.17800674609375 0.7676089947916668 0.183682322265625 0.24179293229166665 0.146704578125 0.23343900260416664 0.145985009765625 0.7592331328125
0 0.227620759765625 0.2500900703125 0.1928803125 0.24380727083333334 0.189825609375 0.7562337447916666 0.2164748359375 0.7629660520833333 0.227620759765625 0.2500900703125
0 0.21799304296875 0.7706586770833334 0.240200361328125 0.7745067682291666 0.253499650390625 0.3094234296875 0.22766746875 0.3032226171875 0.21799304296875 0.7706586770833334
0 0.24105519921875 0.7778765729166667 0.25735335546875 0.7806349427083333 0.275972248046875 0.327562234375 0.27783714453125 0.3242108828125 0.279177806640625 0.3175396640625 0.253205408203125 0.3133679010416667 0.24105519921875 0.7778765729166667
0 0.257811119140625 0.8012276640625 0.28073316796875 0.8053310989583333 0.299975677734375 0.333891140625 0.274020701171875 0.32795470833333334 0.257811119140625 0.8012276640625
0 0.28368073828125 0.8135343880208333 0.31270354296875 0.8177744348958332 0.338400548828125 0.2896678776041667 0.304234673828125 0.2805259869791667 0.28368073828125 0.8135343880208333
0 0.328375712890625 0.8274593854166666 0.34720104296875 0.8290777838541666 0.379330435546875 0.30326926041666663 0.343352099609375 0.29552275 0.317514978515625 0.8205148880208334 0.328375712890625 0.8274593854166666
0 0.410292884765625 0.36768695052083333 0.382376080078125 0.36053759114583334 0.3506858515625 0.8231725651041667 0.36855352734375 0.8295560703125 0.371080712890625 0.8284160338541667 0.410292884765625 0.36768695052083333
0 0.37139832421875 0.8458942864583333 0.395035103515625 0.8502530703125001 0.439166939453125 0.3791260026041667 0.411296052734375 0.3729126145833333 0.37139832421875 0.8458942864583333
0 0.4768857265625 0.3667232682291666 0.4455787265625 0.35860272135416665 0.398888931640625 0.8577586432291667 0.423217568359375 0.8609602447916668 0.4768857265625 0.3667232682291666
0 0.425907689453125 0.8643471848958333 0.450067634765625 0.8699142994791668 0.509044755859375 0.3793773203125 0.478455251953125 0.37034837239583335 0.425907689453125 0.8643471848958333
0 0.542255873046875 0.3921206822916667 0.51309296875 0.38476614583333335 0.45224916015625 0.8819297291666667 0.47933709375 0.8877499010416666 0.542255873046875 0.3921206822916667
0 0.482509798828125 0.8876335026041667 0.506146482421875 0.8919922526041667 0.5761928359375 0.390966234375 0.547553091796875 0.3848200625 0.482509798828125 0.8876335026041667
0 0.50776747265625 0.8915498880208333 0.53102120703125 0.8978147369791666 0.60846982421875 0.40029496875 0.577762314453125 0.39459132291666665 0.50776747265625 0.8915498880208333
0 0.631099189453125 0.39219611718749997 0.611942216796875 0.388416359375 0.53110990234375 0.9049966458333333 0.5459990625 0.9081958880208334 0.631099189453125 0.39219611718749997
0 0.65444162109375 0.40564288020833333 0.633140603515625 0.401097125 0.545581609375 0.9244673385416666 0.560590505859375 0.9298295 0.65444162109375 0.40564288020833333
0 0.558189400390625 0.94940084375 0.6036878515625 0.9707631197916666 0.713115212890625 0.44554459114583334 0.707699126953125 0.43794890625 0.695217416015625 0.4314467109375 0.65780967578125 0.42318949218749996 0.558189400390625 0.94940084375
0 0.65556720703125 0.9984909609375 0.78450451953125 0.4674317421875 0.77664273046875 0.46462299739583335 0.769341482421875 0.4742720130208333 0.7632407890625 0.47413535416666663 0.76290915234375 0.4719739609375 0.76377797265625 0.4600268619791667 0.72623012109375 0.4486552161458333 0.60799698046875 0.9853895885416667 0.65556720703125 0.9984909609375
0 0.686440439453125 1 0.82448555859375 0.47409991927083334 0.78722323046875 0.46533867968750003 0.65666503125 0.9968402630208333 0.663986373046875 1 0.686440439453125 1
0 0.72032941796875 1 0.862848919921875 0.48443578645833335 0.830960578125 0.48402889583333336 0.826723705078125 0.47842938281249997 0.689629798828125 1 0.72032941796875 1
0 0.762689732421875 1 0.89452749609375 0.5527048020833333 0.853546248046875 0.543170890625 0.723341525390625 1 0.762689732421875 1
0 0.800223611328125 1 0.940203470703125 0.5648691927083334 0.89686316015625 0.5525177994791667 0.7634610625 1 0.800223611328125 1