0 0.4725611484375 0 0.169165431640625 0.17696137239583332 0.174991298828125 0.20329959114583332 0.545855845703125 0 0.4725611484375 0
0 0.545446482421875 0 0.168530412109375 0.2094585 0.17518966796875 0.24281247916666668 0.63639375 0 0.545446482421875 0
0 0.661653828125 0.06936220572916667 0.649768009765625 0.0071461953125 0.17634448828125 0.244965859375 0.184484642578125 0.2955370234375 0.661653828125 0.06936220572916667
0 0.204434021484375 0.30735581770833337 0.211049583984375 0.3479107786458333 0.680103642578125 0.15656180729166666 0.6693726796875 0.09649925 0.204434021484375 0.30735581770833337
0 0.1996041796875 0.35751956510416666 0.20746989453125 0.4085981979166667 0.68808801953125 0.2234626015625 0.67599616015625 0.15982647135416667 0.1996041796875 0.35751956510416666
0 0.219633466796875 0.4731528020833333 0.701851259765625 0.3017978567708333 0.692814853515625 0.23828415885416665 0.2122281953125 0.4183810182291667 0.219633466796875 0.4731528020833333
0 0.200294626953125 0.48442860156249995 0.20589420703125 0.5239994505208333 0.743461732421875 0.3493462135416667 0.735176673828125 0.29525391927083333 0.200294626953125 0.48442860156249995
0 0.2068665 0.5321845442708334 0.212926462890625 0.5680622552083333 0.75486580078125 0.41106255468749997 0.746049240234375 0.3559916223958333 0.2068665 0.5321845442708334
0 0.23287254296875 0.577034984375 0.242170814453125 0.6326055911458334 0.736449107421875 0.4946627421875 0.72590069140625 0.4285683828125 0.23287254296875 0.577034984375
0 0.750279701171875 0.5056313359375 0.25015958984375 0.6393089505208334 0.256358462890625 0.6763560729166667 0.261533453125 0.689646734375 0.760804158203125 0.5710261901041667 0.750279701171875 0.5056313359375
0 0.263426455078125 0.6904455572916667 0.273185125 0.7423231822916666 0.77322488671875 0.6405270703125 0.7633916640625 0.5776716015625 0.263426455078125 0.6904455572916667
0 0.778150693359375 0.6716437916666668 0.77233276953125 0.6680779114583334 0.773852740234375 0.6581679166666666 0.7752338125 0.6470885078125 0.27974120703125 0.7445344296875 0.280852412109375 0.7538889375000001 0.282658087890625 0.7690897109375 0.286860802734375 0.7741954375 0.7805556328125 0.68432084375 0.778150693359375 0.6716437916666668
0 0.286539373046875 0.7790578203125 0.295274146484375 0.807178828125 0.79021212109375 0.7252667526041666 0.784341646484375 0.6859184895833333 0.286539373046875 0.7790578203125
0 0.29333746484375 0.8135810651041666 0.309477568359375 0.8964738463541666 0.760899095703125 0.8442936848958333 0.755724103515625 0.8310030234375 0.7529976875 0.8231883645833333 0.7510531015625 0.8068181744791666 0.749568884765625 0.7867550104166666 0.74614798046875 0.7730937578125 0.74371353125 0.7416778619791667 0.29333746484375 0.8135810651041666
0 0.7690425703125 0.8977109921875001 0.7654827578125 0.8828804895833334 0.7643715703125 0.8735261432291667 0.762244435546875 0.8631877552083332 0.759391732421875 0.8570152057291667 0.30957283984375 0.9048441484374999 0.309529158203125 0.9120452109375 0.31623203515625 0.9381981432291666 0.3190100234375 0.9615841718749999 0.326312177734375 0.9852132135416666 0.721412619140625 0.9594748098958333 0.77628676953125 0.9478865286458333 0.775197771484375 0.9419590078125001 0.772515044921875 0.9269434479166666 0.7707093515625 0.9117425130208333 0.7690425703125 0.8977109921875001