0 0.48362714453125 0 0.35469627734375 0.015039986979166668 0.19016953515625 0.08827443489583332 0.194485521484375 0.12915084635416665 0.497686556640625 0 0.48362714453125 0
0 0.20623016015625 0.14629286458333332 0.21068796875 0.18933062239583334 0.535468609375 0.07195153124999999 0.533169078125 0.02445676302083333 0.20623016015625 0.14629286458333332
0 0.22514836328125 0.21051162239583332 0.22984959765625 0.2448094296875 0.511986708984375 0.14982788020833335 0.507812541015625 0.11111281249999999 0.22514836328125 0.21051162239583332
0 0.2294643515625 0.2513880338541667 0.234692650390625 0.28126858072916666 0.514610375 0.18981276041666664 0.51145964453125 0.15424513802083334 0.2294643515625 0.2513880338541667
0 0.218022388671875 0.2886579140625 0.22148745703125 0.3165662552083333 0.546450130859375 0.21441115104166666 0.54359542578125 0.18335500520833334 0.218022388671875 0.2886579140625
0 0.224283640625 0.34673051302083335 0.5485774296875 0.24683132291666665 0.546591951171875 0.21657249479166665 0.22007877734375 0.3199974140625 0.22100060546875 0.33404615624999995 0.224283640625 0.34673051302083335
0 0.22523616796875 0.3487972864583333 0.23181175390625 0.3992106119791667 0.53996234765625 0.3022834921875 0.534423724609375 0.25522382552083334 0.22523616796875 0.3487972864583333
0 0.226420458984375 0.4041952916666667 0.23278331640625 0.45136659635416665 0.54527107421875 0.3582893203125 0.538497095703125 0.3048525130208333 0.226420458984375 0.4041952916666667
0 0.224818083984375 0.454473640625 0.230927998046875 0.4853402916666667 0.54782383203125 0.3971935234375 0.5432797421875 0.36529060937499996 0.224818083984375 0.454473640625
0 0.227016291015625 0.4879744869791667 0.23238641015625 0.5200163776041666 0.551258205078125 0.43708383333333334 0.54569127734375 0.4020425807291667 0.227016291015625 0.4879744869791667
0 0.23450419140625 0.5273919453125 0.23839471875 0.5617843229166667 0.559911361328125 0.48181008333333336 0.553919607421875 0.44029444791666666 0.23450419140625 0.5273919453125
0 0.228737166015625 0.5639998333333334 0.231148103515625 0.6007426953125 0.5570728203125 0.5256989713541667 0.55048384765625 0.4875314453125 0.228737166015625 0.5639998333333334
0 0.23568633984375 0.6699057317708333 0.235097880859375 0.698286921875 0.6150964296875 0.6256469557291667 0.60106363671875 0.5238342057291666 0.23192811328125 0.6126300911458333 0.235535 0.6426997786458334 0.23568633984375 0.6699057317708333
0 0.23521491796875 0.7996687682291667 0.25093051171875 0.8773284453125 0.64115603515625 0.7240025598958333 0.61504309375 0.6497336432291666 0.23521491796875 0.7996687682291667
0 0.602017791015625 0.7873710859375 0.58791594140625 0.7467547786458333 0.248609521484375 0.89175546875 0.25393942578125 0.91073471875 0.256168330078125 0.9322535989583334 0.602017791015625 0.7873710859375
0 0.279648087890625 0.9414930338541666 0.28042809765625 0.9533804296875 0.286143248046875 0.965781078125 0.612880814453125 0.803527 0.60988141796875 0.7951653307291666 0.606156443359375 0.7881955651041667 0.2797496953125 0.9305917421875001 0.279648087890625 0.9414930338541666
0 0.405984802734375 1 0.603585185546875 0.9233062630208333 0.581424162109375 0.8594657890624999 0.252630208984375 0.9903803671875 0.25410434375 1 0.405984802734375 1
0 0.51637285546875 1 0.607685720703125 0.9893482135416667 0.590143728515625 0.9425534661458334 0.431795857421875 1 0.51637285546875 1