0 0.5225345546875 0 0.168149150390625 0.19550189583333333 0.177177576171875 0.22834945052083333 0.58932305859375 0.013527604166666667 0.5864520625 0 0.5225345546875 0
0 0.176750671875 0.23070753385416667 0.186145138671875 0.2656690807291667 0.599267013671875 0.0661333671875 0.5895264296875 0.014702138020833333 0.176750671875 0.23070753385416667
0 0.187487142578125 0.268595984375 0.196881609375 0.3035575338541667 0.608356732421875 0.1089820703125 0.60024298046875 0.0669462734375 0.187487142578125 0.268595984375
0 0.196454705078125 0.3059156171875 0.205849171875 0.3408771666666666 0.61604358203125 0.1533759453125 0.60890579296875 0.1121530625 0.196454705078125 0.3059156171875
0 0.205422267578125 0.34323524739583333 0.2121935859375 0.3678709140625 0.668500931640625 0.1717416927083333 0.66441319140625 0.13848660677083333 0.205422267578125 0.34323524739583333
0 0.214511556640625 0.3716107265625 0.223844728515625 0.39657112760416663 0.675760447265625 0.204020421875 0.67005388671875 0.17588690885416666 0.214511556640625 0.3716107265625
0 0.22341782421875 0.39892920833333334 0.234337314453125 0.43787465885416665 0.60848405078125 0.28818983072916665 0.60021716015625 0.24526963020833334 0.22341782421875 0.39892920833333334
0 0.233666529296875 0.44364781770833334 0.244829904296875 0.4791781901041667 0.619220951171875 0.34055150781250004 0.609797255859375 0.29577398437499997 0.233666529296875 0.44364781770833334
0 0.24574500390625 0.4844631744791667 0.25471213671875 0.5073095807291667 0.611170640625 0.3808829817708333 0.603911125 0.34860424739583334 0.24574500390625 0.4844631744791667
0 0.61721030859375 0.4157638854166667 0.6119384609375 0.3853173776041667 0.254041349609375 0.5130827421875 0.25733571484375 0.5321086901041666 0.262520712890625 0.5427593046875 0.61721030859375 0.4157638854166667
0 0.2624598515625 0.5472313828125001 0.27392840234375 0.5893478229166667 0.63422990234375 0.47064493749999997 0.6237133046875 0.419555578125 0.2624598515625 0.5472313828125001
0 0.261119564453125 0.602197375 0.274906087890625 0.6480536276041667 0.6452111171875 0.5340647578125001 0.63408736328125 0.48429247395833336 0.261119564453125 0.602197375
0 0.2754551484375 0.6512246197916667 0.2857038515625 0.6959432291666667 0.655094208984375 0.5911425989583333 0.6441742890625 0.5377239244791666 0.2754551484375 0.6512246197916667
0 0.6683321015625 0.6483010833333334 0.658205123046875 0.5946383229166666 0.29003461328125 0.6968367864583334 0.288997787109375 0.7004959505208334 0.301625322265625 0.7444822994791668 0.6683321015625 0.6483010833333334
0 0.30418717578125 0.74480703125 0.312422658203125 0.7778986744791667 0.676933623046875 0.6835067213541667 0.6705279140625 0.6465118255208333 0.30418717578125 0.74480703125
0 0.31199575390625 0.7802567552083333 0.320841158203125 0.8120473151041666 0.689378138671875 0.7264360703125 0.679068572265625 0.6861895364583334 0.31199575390625 0.7802567552083333
0 0.31450897265625 0.8285364192708333 0.3218293515625 0.8563430755208333 0.74233505078125 0.7669812864583333 0.734892515625 0.7336455546875 0.31450897265625 0.8285364192708333
0 0.321280720703125 0.8676453098958333 0.325612345703125 0.8974853125000001 0.750327080078125 0.8179612291666666 0.744287412109375 0.7830803281250001 0.321280720703125 0.8676453098958333
0 0.32774729296875 0.9001681302083333 0.333054880859375 0.9308210442708332 0.75886773828125 0.8576389427083333 0.752445666015625 0.825373125 0.32774729296875 0.9001681302083333
0 0.335861048828125 0.942203921875 0.344157390625 0.9708234869791666 0.764541794921875 0.9048790755208334 0.756184158203125 0.8662583593750001 0.335861048828125 0.942203921875
0 0.397617517578125 1 0.6810372734375 0.957424390625 0.768749306640625 0.9304245 0.764102205078125 0.91198746875 0.3450724921875 0.9761084739583333 0.353167837890625 1 0.397617517578125 1
0 0.542725853515625 1 0.628615021484375 0.9735612317708333 0.447687158203125 1 0.542725853515625 1