0 0.658709345703125 1 0.66063708203125 0.9700533515625 0.38156393359375 0.9827203151041667 0.4737774453125 1 0.658709345703125 1
0 0.66696794921875 0.9270059270833334 0.666321412109375 0.916125203125 0.663036818359375 0.9047501380208334 0.312168869140625 0.9071457552083334 0.307892890625 0.9689152630208334 0.3621455703125 0.9790815520833333 0.6637694296875 0.9658582994791667 0.66539017578125 0.9589889895833333 0.667243759765625 0.941403734375 0.66696794921875 0.9270059270833334
0 0.657223427734375 0.8833371822916667 0.660654783203125 0.8337688671875 0.290317666015625 0.8337116614583334 0.285759822265625 0.8854598932291666 0.657223427734375 0.8833371822916667
0 0.295740501953125 0.7737569557291667 0.293326416015625 0.8306889140624999 0.66441930078125 0.8320832864583334 0.668996658203125 0.7823317682291666 0.295740501953125 0.7737569557291667
0 0.67386820703125 0.7764695651041666 0.678178875 0.7270660234375 0.327337447265625 0.711734609375 0.321735837890625 0.7738461484375 0.67386820703125 0.7764695651041666
0 0.686691001953125 0.6378025833333333 0.32923959765625 0.60907675 0.322253310546875 0.709385765625 0.675911529296875 0.7230546796875 0.6816819453125 0.719353890625 0.687300046875 0.7000830520833333 0.690527234375 0.6779731822916667 0.691007216796875 0.664912546875 0.68897271484375 0.6501851848958333 0.686691001953125 0.6378025833333333
0 0.68542660546875 0.6327836354166666 0.695260537109375 0.582024078125 0.349010052734375 0.5435465572916667 0.34367983203125 0.6081962057291667 0.68542660546875 0.6327836354166666
0 0.349510953125 0.49332468229166665 0.347191751953125 0.532341828125 0.689708662109375 0.5666376015625 0.69205452734375 0.5355105182291667 0.349510953125 0.49332468229166665
0 0.694048009765625 0.533976484375 0.698263830078125 0.50248784375 0.35297098828125 0.4604987916666667 0.34975810546875 0.49097990885416665 0.694048009765625 0.533976484375
0 0.70165763671875 0.5043192656250001 0.706942568359375 0.4371657734375 0.3159093828125 0.37823697916666665 0.309374388671875 0.44874277083333336 0.70165763671875 0.5043192656250001
0 0.71158646875 0.43564489843750004 0.71901511328125 0.3736751276041667 0.320557671875 0.2989068307291667 0.31715944921875 0.3748846744791667 0.71158646875 0.43564489843750004
0 0.717750712890625 0.3686561822916667 0.725303001953125 0.30551395833333334 0.32618909375 0.221160859375 0.32027016796875 0.29227855989583335 0.717750712890625 0.3686561822916667
0 0.353762193359375 0.18926691145833333 0.351813693359375 0.22476713281250002 0.72567372265625 0.301996875 0.727652798828125 0.2726308697916667 0.353762193359375 0.18926691145833333
0 0.730398138671875 0.27419008854166665 0.73411962890625 0.24739066927083334 0.356767517578125 0.1518511953125 0.35388576171875 0.1880946015625 0.730398138671875 0.27419008854166665
0 0.730972958984375 0.24321463020833334 0.736671662109375 0.19765766145833333 0.38237573046875 0.1049657734375 0.379067951171875 0.15336170052083334 0.730972958984375 0.24321463020833334
0 0.344862857421875 0.05250710677083333 0.342420087890625 0.09269656250000001 0.7388010703125 0.19447013541666666 0.74037883203125 0.16248715364583333 0.344862857421875 0.05250710677083333
0 0.34232696484375 0 0.339049474609375 0.0310940703125 0.744143357421875 0.1608014921875 0.74862063671875 0.13533932031249998 0.74997993359375 0.12244345833333332 0.380669052734375 0 0.34232696484375 0
0 0.40171975390625 0 0.74971841796875 0.1164169765625 0.750212705078125 0.1117275859375 0.75220423828125 0.10134112239583333 0.75306924609375 0.09313464843750001 0.751907716796875 0.07994399739583334 0.537060013671875 0.002030807291666667 0.5262225546875 0 0.40171975390625 0