0 0.70946365234375 1 0.7131011484375 0.9336583671875 0.356271181640625 0.9240112838541666 0.351062826171875 0.9818822369791667 0.471936787109375 0.998821390625 0.56423398046875 1 0.70946365234375 1
0 0.714335712890625 0.9283774973958333 0.71701034375 0.8633057708333333 0.361670078125 0.8451412447916667 0.35687078125 0.9164048645833334 0.714335712890625 0.9283774973958333
0 0.71436828125 0.8553000859375 0.71981112109375 0.7862531901041666 0.37188109375 0.75712859375 0.3657637890625 0.8347316015625 0.71436828125 0.8553000859375
0 0.71678493359375 0.7727397942708333 0.720567986328125 0.7143680546875001 0.37847345703125 0.6838796901041667 0.372398896484375 0.750559828125 0.71678493359375 0.7727397942708333
0 0.722611896484375 0.7092006067708333 0.730142591796875 0.6448094036458333 0.385320953125 0.6073942109375 0.378822564453125 0.6794509765625 0.722611896484375 0.7092006067708333
0 0.7314182578125 0.6286265390625 0.73499012109375 0.5833145130208334 0.3489358828125 0.5499380052083334 0.345119291015625 0.5983545911458333 0.7314182578125 0.6286265390625
0 0.737500353515625 0.5618507786458333 0.735961021484375 0.5190948020833334 0.354208634765625 0.48304882552083334 0.35029659375 0.53267628125 0.737500353515625 0.5618507786458333
0 0.7265890703125 0.5134183229166667 0.73029276953125 0.49757571875 0.73050395703125 0.4845160052083333 0.727946935546875 0.47543146093750005 0.396672955078125 0.45300413020833336 0.397611287109375 0.4618618333333333 0.396590755859375 0.474808125 0.395838103515625 0.4843561354166667 0.7265890703125 0.5134183229166667
0 0.733952521484375 0.4719099739583333 0.734888009765625 0.46004253906250003 0.7351842421875 0.44590396614583333 0.73611973046875 0.4340365338541667 0.402502763671875 0.41019008333333334 0.40361118359375 0.4168900703125 0.403314951171875 0.4310286432291666 0.402052771484375 0.4470404322916666 0.733952521484375 0.4719099739583333
0 0.744383259765625 0.43301302343750003 0.744547658203125 0.38940503125 0.363944796875 0.3491570442708333 0.361182275390625 0.39458248958333336 0.744383259765625 0.43301302343750003
0 0.74561213671875 0.3862818802083334 0.746415791015625 0.3449450234375 0.368666181640625 0.29964300781250003 0.36655823828125 0.34714523437499994 0.74561213671875 0.3862818802083334
0 0.748289611328125 0.3419352916666667 0.748198880859375 0.30156386979166666 0.40720992578125 0.25705035416666666 0.406082384765625 0.3024959765625 0.748289611328125 0.3419352916666667
0 0.750157744140625 0.29747528125 0.750706265625 0.25937499999999997 0.405585548828125 0.21537323697916666 0.405676283203125 0.25574465625000004 0.750157744140625 0.29747528125
0 0.75330438671875 0.2575575442708333 0.753043564453125 0.21934384114583336 0.411670490234375 0.16932261458333334 0.410160638671875 0.20923751822916667 0.75330438671875 0.2575575442708333
0 0.416391876953125 0.11980858072916667 0.41364832421875 0.16499338020833335 0.754747296875 0.21849182552083335 0.756703318359375 0.19367809635416666 0.756105162109375 0.18050496354166667 0.416391876953125 0.11980858072916667
0 0.3781769296875 0.07518524739583334 0.376904109375 0.11209325260416668 0.755721041015625 0.17499725260416665 0.75789109375 0.15784895052083334 0.758272373046875 0.14263151822916667 0.3781769296875 0.07518524739583334
0 0.3886898671875 0.014484299479166666 0.385095181640625 0.04970525 0.75852466015625 0.11866980989583333 0.761589103515625 0.10055606770833332 0.760990947265625 0.08738293229166666 0.3886898671875 0.014484299479166666
0 0.388857591796875 0 0.38849780078125 0.006540234375 0.764398412109375 0.08567890104166666 0.766395533203125 0.04996317447916667 0.535811916015625 0.002264505208333333 0.519652919921875 0 0.388857591796875 0