0 0.0644703828125 0.2857289895833333 0.145926671875 0.9399576145833333 0.1482444296875 0.9436985989583334 0.1704413671875 0.93686584375 0.20215127734375 0.9271047630208332 0.21227393359375 0.9228751510416666 0.1229838984375 0.2721715520833333 0.095298212890625 0.2762394348958333 0.075479517578125 0.28234010937500004 0.0644703828125 0.2857289895833333
0 0.219774794921875 0.9227934296875001 0.224104666015625 0.9236878125 0.25026533984375 0.9156349218750001 0.281609123046875 0.9037593229166667 0.28252283984375 0.8945691666666667 0.19012391015625 0.2548450625 0.133959787109375 0.26322485156250003 0.12924807421875 0.26912967708333335 0.219774794921875 0.9227934296875001
0 0.1996368828125 0.2519167395833333 0.192196130859375 0.25643440624999997 0.291061609375 0.9053040625 0.34002890625 0.8891171302083333 0.2394573359375 0.24077264843750001 0.1996368828125 0.2519167395833333
0 0.35606692578125 0.8852938489583333 0.38716715625 0.8768340546875 0.3986922421875 0.8710591328125 0.2901931953125 0.225154921875 0.260495396484375 0.2320694036458333 0.24532340625 0.24008054166666667 0.34856606640625 0.8853755729166667 0.35606692578125 0.8852938489583333
0 0.411498787109375 0.8726850234375 0.473393595703125 0.8491778541666667 0.36166307421875 0.20872281510416668 0.30418435546875 0.22307532552083334 0.411498787109375 0.8726850234375
0 0.479979130859375 0.8438098333333334 0.528946427734375 0.8276229010416666 0.411241662109375 0.205711046875 0.366827982421875 0.21826904427083335 0.479979130859375 0.8438098333333334
0 0.5393142421875 0.8344539375000001 0.587915408203125 0.8161524869791666 0.45142180859375 0.138775671875 0.40391742578125 0.14894422916666666 0.5393142421875 0.8344539375000001
0 0.592305763671875 0.8125738046875001 0.64304162109375 0.7969560755208334 0.504414939453125 0.1313719921875 0.457037517578125 0.14595591145833334 0.592305763671875 0.8125738046875001
0 0.64718842578125 0.7967932005208334 0.684081439453125 0.7832094166666667 0.556744341796875 0.18764846354166667 0.521697923828125 0.196209375 0.64718842578125 0.7967932005208334
0 0.688594376953125 0.7851610572916666 0.725121259765625 0.7694627526041667 0.59735754296875 0.17626034375 0.562504220703125 0.18587543229166667 0.688594376953125 0.7851610572916666
0 0.731661517578125 0.7730175572916668 0.77154245703125 0.7574004036458333 0.63798434765625 0.1548455390625 0.599992939453125 0.16208577083333334 0.731661517578125 0.7730175572916668
0 0.776055392578125 0.7593520442708334 0.815143583984375 0.7439789192708334 0.68097579296875 0.14272534114583332 0.644326328125 0.15289332291666666 0.776055392578125 0.7593520442708334
0 0.8179484453125 0.7408882916666667 0.8318517734375 0.7343812890625 0.84453573828125 0.7304768567708333 0.8549019453125 0.7228314427083333 0.724336587890625 0.1616725625 0.71329860546875 0.160615875 0.70220013671875 0.16403225260416668 0.6916338125 0.169512046875 0.8179484453125 0.7408882916666667
0 0.8647205625 0.7264907005208333 0.9113701015625 0.7065627838541667 0.765490939453125 0.08107396875 0.7210970625 0.09473948177083334 0.8647205625 0.7264907005208333
0 0.9160661015625 0.7095716848958333 0.932164609375 0.7012753411458333 0.811666255859375 0.183789265625 0.795628234375 0.18761254687499998 0.9160661015625 0.7095716848958333
0 0.93149283203125 0.6925732421875 0.937651748046875 0.689563765625 0.820631640625 0.19216561458333334 0.8154596015625 0.19487130729166668 0.93149283203125 0.6925732421875