0 0.3525129609375 0 0.347747818359375 0.03170415364583334 0.800241935546875 0.1667867734375 0.813274025390625 0.10146514322916667 0.810211634765625 0.10153320572916667 0.4632676015625 0 0.3525129609375 0
0 0.788526171875 0.23543543489583332 0.800747193359375 0.17388518489583335 0.7960801875 0.1719667265625 0.34573264453125 0.036350580729166665 0.3360320546875 0.10035281510416666 0.788526171875 0.23543543489583332
0 0.799778341796875 0.25869653645833335 0.80083096484375 0.24435415364583335 0.798983626953125 0.243496265625 0.333347259765625 0.1033890078125 0.329448314453125 0.11679476041666666 0.3240724140625 0.13234427604166668 0.324604328125 0.13931874479166667 0.325129931640625 0.15577034635416667 0.792512361328125 0.29248251302083333 0.796549017578125 0.2737125260416667 0.799778341796875 0.25869653645833335
0 0.784970962890625 0.3369969557291667 0.787931177734375 0.32323229947916665 0.7919345703125 0.30461697656250003 0.790359478515625 0.30249317187499997 0.320699072265625 0.1622016328125 0.318277080078125 0.173463625 0.3141090234375 0.18812071354166668 0.312356650390625 0.20099294010416668 0.312481744140625 0.21458297395833334 0.7818730390625 0.35612584374999995 0.78268037109375 0.3523718463541667 0.784970962890625 0.3369969557291667
0 0.758654921875 0.37433334114583333 0.763324798828125 0.35734284374999997 0.762021955078125 0.35395311718750005 0.311805814453125 0.22244987239583333 0.308977001953125 0.24032742708333332 0.758654921875 0.37433334114583333
0 0.7554192890625 0.3988264635416667 0.758479611328125 0.3798724140625 0.757847591796875 0.3780873385416667 0.3109858671875 0.24515813281249998 0.305603658203125 0.27018478385416667 0.7554192890625 0.3988264635416667
0 0.752964611328125 0.4007927604166666 0.30546594921875 0.27554901822916666 0.297386330078125 0.322566125 0.7429088125 0.4522748567708333 0.752964611328125 0.4007927604166666
0 0.7324135078125 0.5010768255208333 0.7408518984375 0.45711536718749995 0.740762236328125 0.4528083854166667 0.295102046875 0.32846388541666666 0.28796116015625 0.3758398958333333 0.7324135078125 0.5010768255208333
0 0.28500725390625 0.3801274192708333 0.27719674609375 0.42589319531250003 0.72231871484375 0.552740359375 0.730892345703125 0.5034261510416667 0.28500725390625 0.3801274192708333
0 0.275181572265625 0.4305396223958333 0.26885432421875 0.4646845 0.708343900390625 0.58937825 0.712877806640625 0.5588483046875 0.275181572265625 0.4305396223958333
0 0.26992445703125 0.46915630208333337 0.263597208984375 0.5033011822916666 0.6989250390625 0.6331748854166667 0.70560325 0.6021219661458334 0.26992445703125 0.46915630208333337
0 0.2606433046875 0.5075887083333334 0.253902927734375 0.5578262864583333 0.660793375 0.6876613723958332 0.6715577890625 0.6376080729166667 0.6692798125 0.6340286979166666 0.67035625390625 0.6290233697916666 0.2606433046875 0.5075887083333334
0 0.65176871484375 0.7437967057291667 0.6611391328125 0.6907775390625001 0.661732107421875 0.6880202734375 0.25738874609375 0.5605132291666667 0.247563064453125 0.6109254322916667 0.65176871484375 0.7437967057291667
0 0.67774625390625 0.8119601171875 0.687645380859375 0.7659303125 0.687033716796875 0.7640505807291667 0.244609158203125 0.6152129557291667 0.24015306640625 0.6595527760416667 0.67774625390625 0.8119601171875
0 0.236792341796875 0.6704558645833334 0.229926873046875 0.7071034088541667 0.66523577734375 0.8654085130208333 0.673924123046875 0.8202847916666666 0.674391837890625 0.8133860755208334 0.241761419921875 0.6615219140625 0.236792341796875 0.6704558645833334
0 0.223468224609375 0.7371353880208332 0.219562970703125 0.7600182760416666 0.6489640625 0.9268984270833333 0.6593953359375 0.8783941979166667 0.65530392578125 0.8737992812500001 0.2297891640625 0.7124676432291667 0.223468224609375 0.7371353880208332
0 0.636584986328125 0.9844597213541667 0.647282365234375 0.934718125 0.222110056640625 0.7623463177083334 0.21364254296875 0.7875475911458333 0.211614751953125 0.8111482812499999 0.636584986328125 0.9844597213541667