0 0.327996619140625 0.9726824557291667 0.423523357421875 0.9905829973958333 0.6646550859375 0.9980333307291667 0.66773247265625 0.9617485390625 0.32918755859375 0.9490584765625 0.327996619140625 0.9726824557291667
0 0.664686376953125 0.9552002187499999 0.667248884765625 0.9238001744791666 0.331073767578125 0.9077740703125 0.329473826171875 0.9451870546875 0.664686376953125 0.9552002187499999
0 0.673257365234375 0.8880646328125 0.28946287890625 0.8639665104166667 0.28766938671875 0.8985448880208334 0.670385982421875 0.9223955234375 0.673257365234375 0.8880646328125
0 0.674299103515625 0.8852711145833334 0.675281087890625 0.8475973828125 0.29430279296875 0.8180494609375 0.290916498046875 0.8572651640625 0.674299103515625 0.8852711145833334
0 0.676219802734375 0.8457807812499999 0.6804777265625 0.8266535390624999 0.682755142578125 0.81213646875 0.682616349609375 0.7921853359375 0.680714978515625 0.7818664453125 0.25206958203125 0.7224649505208333 0.249804087890625 0.7439580546875 0.2441523046875 0.8046668619791667 0.245733037109375 0.8052193515625 0.676219802734375 0.8457807812499999
0 0.6826954296875 0.777256328125 0.6865055859375 0.7411087760416667 0.312625646484375 0.6851705104166667 0.309112146484375 0.7271765104166666 0.6826954296875 0.777256328125
0 0.692114130859375 0.7162571067708333 0.693337880859375 0.6975575833333334 0.69570635546875 0.6750874895833333 0.69370200390625 0.6657455885416667 0.260521080078125 0.5855690651041666 0.257086990234375 0.5968806588541666 0.250572716796875 0.6735425494791666 0.68681451171875 0.7381779427083334 0.692114130859375 0.7162571067708333
0 0.686805369140625 0.610655453125 0.68613971875 0.5886130859375 0.300887001953125 0.5074551927083334 0.29284284765625 0.5766819401041666 0.6819534765625 0.6495965182291666 0.684642849609375 0.6311716328125 0.686805369140625 0.610655453125
0 0.6887380390625 0.5781411640624999 0.690852763671875 0.5297209427083334 0.30082496875 0.4462808697916667 0.29574553515625 0.49951794010416667 0.6887380390625 0.5781411640624999
0 0.6909750625 0.4789347942708333 0.361826189453125 0.40430492968750004 0.35783397265625 0.45635847395833334 0.68603216796875 0.5258288307291666 0.6909750625 0.4789347942708333
0 0.68929157421875 0.4736379635416667 0.69486429296875 0.42785829947916665 0.3646465078125 0.3475712083333333 0.35920396484375 0.4008247630208333 0.68929157421875 0.4736379635416667
0 0.69689994921875 0.39436695833333335 0.32501946875 0.2997748125 0.322034943359375 0.33082045833333334 0.6931808046875 0.4225614713541667 0.69689994921875 0.39436695833333335
0 0.693121037109375 0.3876813854166667 0.69590142578125 0.36130339843750003 0.327785037109375 0.26067530729166666 0.322706177734375 0.29336374479166666 0.693121037109375 0.3876813854166667
0 0.7027935234375 0.3526324322916667 0.70650069921875 0.31746187239583334 0.318728673828125 0.21405320052083332 0.31489469140625 0.2540422890625 0.7027935234375 0.3526324322916667
0 0.7093168984375 0.31201201041666665 0.713139017578125 0.28284057552083336 0.332023560546875 0.18148104166666668 0.329054912109375 0.211864125 0.7093168984375 0.31201201041666665
0 0.71302407421875 0.27684145052083337 0.716113380859375 0.24753269270833334 0.334797728515625 0.14320235416666668 0.33056372265625 0.17628161718750002 0.71302407421875 0.27684145052083337
0 0.718196806640625 0.24194565104166665 0.723139701171875 0.19505161458333334 0.3378477109375 0.08724364322916667 0.333320203125 0.1359516796875 0.718196806640625 0.24194565104166665
0 0.72629618359375 0.1438376796875 0.342140376953125 0.031005106770833332 0.336476640625 0.08473786979166666 0.721250302734375 0.19170877083333335 0.72629618359375 0.1438376796875
0 0.34030628125 0 0.338258521484375 0.0252964609375 0.724612681640625 0.13854098177083332 0.731021150390625 0.09192157552083334 0.430545765625 0 0.34030628125 0
0 0.44624065234375 0 0.72724230078125 0.08523588020833334 0.732159041015625 0.03858998177083333 0.526222548828125 0 0.44624065234375 0