0 0.152735650390625 0.28485518489583334 0.1226654296875 0.2819848776041667 0.121752533203125 0.2895602734375 0.09103191015625 0.8336331354166666 0.122743287109375 0.8354564036458334 0.152735650390625 0.28485518489583334
0 0.12601139453125 0.8344472291666666 0.158536248046875 0.8362894270833333 0.186088181640625 0.2856314114583333 0.1552362734375 0.2849133828125 0.12601139453125 0.8344472291666666
0 0.16505826171875 0.8353559817708334 0.19842499609375 0.8350473046875 0.217756951171875 0.29070939322916667 0.188540265625 0.2900294192708333 0.16505826171875 0.8353559817708334
0 0.2250601171875 0.23010621614583335 0.214531240234375 0.23203164322916667 0.21281536328125 0.23307694270833335 0.283769001953125 0.8424597265624999 0.296798826171875 0.8416777395833334 0.2250601171875 0.23010621614583335
0 0.235621107421875 0.23143724218749998 0.225979544921875 0.22795714583333335 0.2250601171875 0.23010621614583335 0.299225052734375 0.8428194427083334 0.30900097265625 0.8419617265625 0.235621107421875 0.23143724218749998
0 0.24974846484375 0.20897610416666668 0.23756987890625 0.21303360677083336 0.316308056640625 0.8432170208333334 0.321973986328125 0.8455193567708333 0.331792513671875 0.8414069270833333 0.344864947265625 0.8373702291666666 0.355496951171875 0.833276734375 0.279090427734375 0.20531805208333334 0.273396091796875 0.20518552604166665 0.2611939453125 0.2049015390625 0.24974846484375 0.20897610416666668
0 0.318208306640625 0.20080228645833334 0.30844658984375 0.20057509635416668 0.2945606796875 0.20459286458333334 0.285619498046875 0.2108961796875 0.283900271484375 0.2108561692708333 0.364345771484375 0.8410793203125001 0.3642889609375 0.8454189348958333 0.375677630859375 0.8456839869791667 0.38382659765625 0.8447884088541667 0.39361671875 0.8428457890625 0.401779888671875 0.8408653046875 0.329568572265625 0.20323714583333333 0.318208306640625 0.20080228645833334
0 0.4089733515625 0.8507998333333333 0.451401947265625 0.8420201796875001 0.390408865234375 0.21767592447916664 0.349829056640625 0.21781672916666664 0.4089733515625 0.8507998333333333
0 0.433508912109375 0.21976424479166667 0.396993984375 0.22108488802083334 0.3960321875 0.22323297395833333 0.455355708984375 0.8507940729166666 0.49698503125 0.8409105859375 0.433508912109375 0.21976424479166667
0 0.502537337890625 0.8518921510416666 0.531907705078125 0.8460642916666666 0.472427951171875 0.23043713802083332 0.44081898046875 0.23078672395833333 0.502537337890625 0.8518921510416666
0 0.53587566796875 0.8537532838541666 0.5677006640625 0.8468973177083333 0.505780484375 0.23121336458333333 0.475778734375 0.2337708255208333 0.53587566796875 0.8537532838541666
0 0.611656794921875 0.8457498567708334 0.547281982421875 0.23109401041666666 0.542401123046875 0.23098041666666666 0.514021607421875 0.23466086979166667 0.5122456875 0.23461953645833333 0.5725105078125 0.8524354322916667 0.611656794921875 0.8457498567708334
0 0.565178462890625 0.2315105234375 0.553891833984375 0.23558878645833334 0.616409828125 0.8556275885416667 0.652288005859375 0.8499511901041666 0.58797000390625 0.23095572916666665 0.565178462890625 0.2315105234375
0 0.656312779296875 0.8533005625 0.69219095703125 0.8476241640625001 0.622892677734375 0.23610943489583333 0.6180118203125 0.23599584114583336 0.604168515625 0.23675889583333332 0.59290577734375 0.23975247656249998 0.591110287109375 0.23971069010416668 0.656312779296875 0.8533005625
0 0.655322025390625 0.3074044375 0.64001801171875 0.30921872916666665 0.637368736328125 0.3113275390625 0.70026891015625 0.8521531041666667 0.718208 0.8493149036458334 0.655322025390625 0.3074044375
0 0.722246974609375 0.8515793723958334 0.740186064453125 0.848741171875 0.674831255859375 0.3089437161458333 0.658704203125 0.31182408854166666 0.722246974609375 0.8515793723958334
0 0.7474505390625 0.8532511822916667 0.7792613359375 0.8474801197916667 0.706723353515625 0.2348047578125 0.67433040234375 0.23730656770833333 0.7474505390625 0.8532511822916667
0 0.744143265625 0.23567564583333334 0.71501430859375 0.23825341927083332 0.712389283203125 0.23710709375000003 0.785669728515625 0.85522590625 0.818279796875 0.8505586822916666 0.744143265625 0.23567564583333334
0 0.83533439453125 0.8531260677083333 0.856541591796875 0.8492786953125 0.779893619140625 0.2397633828125 0.749945658203125 0.24340733333333334 0.748111228515625 0.24336463802083333 0.823146451171875 0.8517571796875 0.83533439453125 0.8531260677083333
0 0.8556713046875 0.8535993776041666 0.87435285546875 0.8562046328125 0.893048609375 0.8577249791666667 0.882363236328125 0.24431867447916666 0.8628398046875 0.243864296875 0.850870154296875 0.24358572135416667 0.849024908203125 0.24245754166666666 0.8556713046875 0.8535993776041666