0 0.153963251953125 0.8575781822916667 0.1929158125 0.8513804114583333 0.1213183359375 0.271296125 0.08167483984375 0.2785029088541667 0.153963251953125 0.8575781822916667
0 0.122186806640625 0.2710499921875 0.195521337890625 0.8506419817708334 0.23307821875 0.83994625 0.15921774609375 0.2641863958333333 0.122186806640625 0.2710499921875
0 0.19848496484375 0.25426815104166667 0.16232249609375 0.26088561979166663 0.236525505859375 0.8402315156250001 0.274558853515625 0.8308526197916667 0.19848496484375 0.25426815104166667
0 0.2751088203125 0.8317175260416666 0.30500714453125 0.8256649427083333 0.235788607421875 0.2494686171875 0.206670734375 0.2543691171875 0.2751088203125 0.8317175260416666
0 0.27657471484375 0.24303075781250003 0.238675244140625 0.2501404817708333 0.30829651171875 0.8235222369791666 0.3414843828125 0.818541203125 0.27657471484375 0.24303075781250003
0 0.34129958984375 0.814168875 0.38143528515625 0.8040045390625 0.313920255859375 0.23244670312500001 0.276889314453125 0.23931028125 0.34129958984375 0.814168875
0 0.380751373046875 0.8054087552083334 0.4217230546875 0.7958008619791667 0.348530296875 0.22747965885416666 0.344871673828125 0.22730609375 0.312737126953125 0.2364133046875 0.380751373046875 0.8054087552083334
0 0.43428388671875 0.7938685078125 0.48676318359375 0.7814162786458333 0.4018781796875 0.214781265625 0.350451916015625 0.228145484375 0.43428388671875 0.7938685078125
0 0.45975309765625 0.2020103203125 0.40795764453125 0.21305829166666668 0.492028826171875 0.7859761432291666 0.545007466796875 0.7709615338541668 0.45975309765625 0.2020103203125
0 0.54363965625 0.7737700494791667 0.57316867578125 0.765401265625 0.490226037109375 0.18248010416666668 0.458590830078125 0.18902493229166664 0.54363965625 0.7737700494791667
0 0.5182027421875 0.17576169010416667 0.4900414140625 0.18132199479166666 0.57682730078125 0.7655748489583334 0.603251689453125 0.7605068098958333 0.5182027421875 0.17576169010416667
0 0.608462625 0.759029984375 0.623781056640625 0.7583198593749999 0.642703474609375 0.7517466901041666 0.6715620859375 0.7409683645833334 0.581527921875 0.16870870052083334 0.522599853515625 0.1805676875 0.608462625 0.759029984375
0 0.67694420703125 0.7444634296875 0.739346384765625 0.7316198333333334 0.64405146875 0.15506211197916667 0.58829140625 0.16558144010416667 0.67694420703125 0.7444634296875
0 0.686541279296875 0.1498408984375 0.65061801953125 0.16365317708333335 0.7910848125 0.7204063046875001 0.83172216015625 0.7018083932291667 0.686541279296875 0.1498408984375
0 0.716070302734375 0.14147211458333334 0.69348926953125 0.14787177604166665 0.84014714453125 0.7091042109375 0.865389109375 0.6980166432291667 0.716070302734375 0.14147211458333334
0 0.870913998046875 0.7028054791666666 0.89430884765625 0.6901229739583333 0.748982849609375 0.13064833072916668 0.723886880859375 0.13925682812499998 0.870913998046875 0.7028054791666666
0 0.90360240625 0.6971725494791667 0.954290126953125 0.679175953125 0.800910958984375 0.11193793489583333 0.75738912109375 0.12734113802083333 0.90360240625 0.6971725494791667
0 1 0.626560859375 0.856029048828125 0.09696485677083333 0.811236232421875 0.11208039322916667 0.958372634765625 0.6877023828125001 1 0.6649239140625 1 0.626560859375