0 0.633146865234375 0.20636319791666666 0.636792724609375 0.20795471354166664 0.6394641875 0.20858278125 0.643596966796875 0.17733190104166666 0.41798625390625 0.17120003125000002 0.4160099921875 0.19864127083333336 0.633146865234375 0.20636319791666666
0 0.405921791015625 0.19994133333333333 0.403945529296875 0.22738257291666666 0.631831603515625 0.24130348958333334 0.63454887890625 0.20825892187499997 0.405921791015625 0.19994133333333333
0 0.383517396484375 0.22772041666666668 0.383834162109375 0.2461540130208333 0.634066330078125 0.2660629192708333 0.635037359375 0.242057171875 0.383517396484375 0.22772041666666668
0 0.612355453125 0.3094267135416667 0.614456734375 0.2768743125 0.392824630859375 0.26148626302083333 0.391130931640625 0.28679083854166665 0.391822765625 0.2898909505208333 0.612355453125 0.3094267135416667
0 0.387647666015625 0.32562761458333334 0.605572244140625 0.34822202864583335 0.608211189453125 0.3407644401041667 0.609606326171875 0.31771747135416667 0.386606546875 0.29600825000000003 0.38739425390625 0.31088073958333334 0.387647666015625 0.32562761458333334
0 0.384756994140625 0.3308229296875 0.384666173828125 0.35650434635416667 0.62921118359375 0.38609166145833335 0.63253859375 0.356764984375 0.384756994140625 0.3308229296875
0 0.55208975390625 0.40688154427083334 0.63006392578125 0.41713546354166664 0.63285704296875 0.38768317708333333 0.390449201171875 0.3585983151041667 0.39026251171875 0.37250735416666664 0.5029023359375 0.38723943749999995 0.5067365703125 0.38740651302083334 0.515379435546875 0.38870410937500005 0.528014078125 0.39314327604166666 0.535557525390625 0.3985885859375 0.54347772265625 0.40118500781250005 0.55208975390625 0.40688154427083334
0 0.30747970703125 0.3611229140625 0.304717423828125 0.38617626302083335 0.501712095703125 0.4170685677083333 0.50492641796875 0.38859701041666667 0.30747970703125 0.3611229140625
0 0.29922201171875 0.4193994244791666 0.495745744140625 0.45385283593750003 0.49794458203125 0.44555741145833333 0.4975353125 0.44032063541666666 0.4978487109375 0.43378503385416667 0.4995132578125 0.42536399739583336 0.3009157109375 0.39409484895833335 0.29922201171875 0.4193994244791666
0 0.369373541015625 0.45131389583333337 0.3700345390625 0.45881294791666666 0.587459029296875 0.5018520052083334 0.590346333984375 0.4716874973958333 0.37056546484375 0.4339693619791667 0.3698119609375 0.4396671328125 0.369373541015625 0.45131389583333337
0 0.3622118984375 0.4804735 0.36243279296875 0.48713471354166665 0.581681052734375 0.537211828125 0.584850919921875 0.50491065625 0.364409052734375 0.4596934739583333 0.36324796484375 0.4726390651041667 0.3622118984375 0.4804735
0 0.362401958984375 0.4915336536458333 0.36058323828125 0.5219493932291667 0.601958380859375 0.5838378776041667 0.605858791015625 0.5460125598958333 0.362401958984375 0.4915336536458333
0 0.35769256640625 0.5271447083333333 0.355151177734375 0.5588592734375 0.596055380859375 0.6243088645833333 0.600457841796875 0.5910187369791667 0.35769256640625 0.5271447083333333
0 0.351537837890625 0.5653534140625 0.35047262109375 0.5900713828125 0.59178609375 0.66075775 0.59489944140625 0.6330497395833333 0.351537837890625 0.5653534140625
0 0.58706915625 0.6964258697916667 0.587822658203125 0.6907281015625001 0.58907793359375 0.6770702890625001 0.5899564609375 0.6662613567708333 0.34873717578125 0.5948627708333333 0.34641499609375 0.6207539557291667 0.58706915625 0.6964258697916667
0 0.34208235546875 0.6535161223958333 0.58188882421875 0.7355980260416667 0.5827056796875 0.7335869791666667 0.584024310546875 0.7236158828125 0.585342939453125 0.7136447890625001 0.585666845703125 0.7028639479166667 0.34468709765625 0.6254882760416667 0.34208235546875 0.6535161223958333
0 0.34296256640625 0.6551917916666666 0.3407979296875 0.6840574739583333 0.57994508203125 0.7711249244791666 0.583973671875 0.7406619010416667 0.34296256640625 0.6551917916666666
0 0.337499671875 0.6965006119791667 0.3361176875 0.7027849869791667 0.336778685546875 0.7102840390625 0.3379739765625 0.717908703125 0.57473391796875 0.8146960208333334 0.579137986328125 0.7813937369791667 0.33976186328125 0.6918919036458333 0.337499671875 0.6965006119791667
0 0.333197865234375 0.7248638411458334 0.33096819140625 0.7375582057291666 0.33074898046875 0.7433815859375 0.33266694140625 0.7497074218750001 0.57018206640625 0.8532815703125 0.57395642578125 0.8205751796874999 0.337408849609375 0.7221820286458334 0.333197865234375 0.7248638411458334