0 0.473777443359375 0 0.214217693359375 0.04863832552083333 0.218331888671875 0.08253068489583333 0.545414998046875 0 0.473777443359375 0
0 0.605100177734375 0 0.22533183984375 0.09436451562499999 0.23032727734375 0.13396050260416667 0.642752302734375 0.03148148177083333 0.63878058984375 0 0.605100177734375 0
0 0.234569888671875 0.14302464322916666 0.240257978515625 0.18139536979166668 0.63978888671875 0.08133254947916667 0.634100796875 0.0429618203125 0.234569888671875 0.14302464322916666
0 0.227477095703125 0.1848858125 0.231866587890625 0.2421227265625 0.652237201171875 0.13705934114583332 0.645559423828125 0.08150273177083334 0.227477095703125 0.1848858125
0 0.238953244140625 0.2703722317708333 0.250002994140625 0.33622025 0.687070671875 0.225837109375 0.679955365234375 0.15833306510416667 0.238953244140625 0.2703722317708333
0 0.692113025390625 0.3048609140625 0.686385015625 0.2349252734375 0.249650037109375 0.340668234375 0.260586556640625 0.4054420078125 0.26289097265625 0.40391472395833333 0.692113025390625 0.3048609140625
0 0.26414977734375 0.4080606848958333 0.27007759375 0.4409091848958333 0.7181746328125 0.34160481770833334 0.714324771484375 0.30508055208333335 0.26414977734375 0.4080606848958333
0 0.269837869140625 0.44643141406250003 0.273574501953125 0.48188144010416667 0.723056841796875 0.3801265598958334 0.719456705078125 0.3459714765625 0.269837869140625 0.44643141406250003
0 0.276218611328125 0.4835768880208333 0.28111408203125 0.5144279166666667 0.65989198828125 0.4357813359375 0.656406232421875 0.40271142187500003 0.276218611328125 0.4835768880208333
0 0.276731712890625 0.5196309635416666 0.279775693359375 0.5563062447916667 0.710016830078125 0.4669206223958333 0.7061923359375 0.43063703645833334 0.276731712890625 0.5196309635416666
0 0.277924203125 0.5621305 0.281887298828125 0.5997290104166667 0.71581815234375 0.5063655963541667 0.711275638671875 0.47106658333333334 0.277924203125 0.5621305
0 0.28994612109375 0.5982188854166667 0.293343060546875 0.6304461822916666 0.6964106640625 0.5483434713541667 0.6921220859375 0.5154536067708334 0.28994612109375 0.5982188854166667
0 0.290812181640625 0.6298249765625 0.29707969140625 0.6658962057291666 0.70106641015625 0.5847167239583334 0.696778787109375 0.551835921875 0.290812181640625 0.6298249765625
0 0.282420791015625 0.6905523333333333 0.2880089140625 0.7201781041666666 0.7904264921875 0.6216493463541667 0.787625685546875 0.5950776432291667 0.282420791015625 0.6905523333333333
0 0.296067736328125 0.7186679791666667 0.29845885546875 0.7335563723958334 0.303341064453125 0.7720781145833334 0.307317421875 0.8020059114583334 0.727182056640625 0.7233284114583333 0.729046810546875 0.7098334401041666 0.726216029296875 0.6829773619791667 0.720685193359375 0.6383019947916667 0.296067736328125 0.7186679791666667
0 0.309029154296875 0.8104488463541667 0.3115202421875 0.8340821953124999 0.3137848671875 0.8555670572916667 0.31811418359375 0.8810468723958333 0.737625859375 0.8068173541666667 0.736040623046875 0.7917779479166667 0.733436302734375 0.7670703567708334 0.728460888671875 0.7354608984375001 0.309029154296875 0.8104488463541667
0 0.315101345703125 0.8992428802083333 0.32821578515625 0.96908584375 0.733221583984375 0.8975745494791667 0.7231420859375 0.8175418255208333 0.315101345703125 0.8992428802083333
0 0.526222552734375 1 0.7462984921875 0.9587604583333333 0.738297044921875 0.906743546875 0.331059830078125 0.9882712057291667 0.332910275390625 1 0.526222552734375 1