0 0.591217888671875 1 0.591282423828125 0.9996722578125 0.226542603515625 0.85318834375 0.218260443359375 0.8985334557291668 0.469375951171875 1 0.591217888671875 1
0 0.595824732421875 0.9929930156250001 0.603740181640625 0.9477955286458334 0.239895984375 0.801480296875 0.228199392578125 0.8455004166666668 0.595824732421875 0.9929930156250001
0 0.24347971875 0.7536007109375 0.233045466796875 0.7976417239583333 0.608227306640625 0.9486035390625 0.616568810546875 0.8986710390625 0.24347971875 0.7536007109375
0 0.618138625 0.8993140260416667 0.63027969140625 0.85230040625 0.256354443359375 0.7057531640625 0.24547561328125 0.7495086953125 0.618138625 0.8993140260416667
0 0.633803802734375 0.8313807369791667 0.641636439453125 0.7974140312500001 0.30387970703125 0.6360883567708333 0.2949184296875 0.6707889427083332 0.633803802734375 0.8313807369791667
0 0.29705408984375 0.5716023541666667 0.29248413671875 0.5820251171875 0.283784333984375 0.6193499140625 0.6436599375 0.7895784765624999 0.65808597265625 0.7373533489583334 0.29705408984375 0.5716023541666667
0 0.33596686328125 0.5118378645833334 0.334204806640625 0.5222976979166667 0.330502078125 0.5293623958333333 0.320907431640625 0.573788875 0.6575354765625 0.7358484869791666 0.67541773046875 0.6667920546875 0.336255927734375 0.51071853125 0.33596686328125 0.5118378645833334
0 0.67826588671875 0.6664843671874999 0.687777736328125 0.6332885963541667 0.6911232265625 0.598513953125 0.33232103515625 0.43503882552083334 0.326650013671875 0.4424519140625 0.32433743359375 0.451406875 0.318239259765625 0.47865737239583334 0.31505108984375 0.494460921875 0.67826588671875 0.6664843671874999
0 0.6975785703125 0.5989735390625001 0.71868093359375 0.5172592578125 0.361483375 0.35465624479166663 0.339905140625 0.434764421875 0.6975785703125 0.5989735390625001
0 0.718997646484375 0.5123963229166667 0.736022001953125 0.4481129505208334 0.36465669140625 0.2770960182291667 0.34797325 0.330789015625 0.34760136328125 0.34313904166666664 0.718997646484375 0.5123963229166667
0 0.74282506640625 0.4419498020833333 0.748606515625 0.4195624010416667 0.376473966796875 0.2486154375 0.370327712890625 0.2696829296875 0.74282506640625 0.4419498020833333
0 0.350453240234375 0.22299570833333335 0.34701194921875 0.23268468489583335 0.746087763671875 0.4184058671875 0.76056900390625 0.35869365885416665 0.360336951171875 0.17744981510416666 0.3590978125 0.19315814322916666 0.364314099609375 0.20932592708333334 0.350453240234375 0.22299570833333335
0 0.761174720703125 0.3527113671875 0.7822494921875 0.2747407135416667 0.38126377734375 0.102086546875 0.364301099609375 0.17300955729166667 0.761174720703125 0.3527113671875
0 0.7833781875 0.27400685937499997 0.798699099609375 0.21467998177083333 0.39786125 0.03941855989583334 0.382306501953125 0.09237753645833334 0.7833781875 0.27400685937499997
0 0.440016275390625 0 0.43308425390625 0.023035289062500002 0.430771673828125 0.03199025 0.428982017578125 0.046193622395833335 0.79820376953125 0.20568794270833335 0.8142346640625 0.14525153124999998 0.492738140625 0 0.440016275390625 0