0 0.265762087890625 0.236577921875 0.26296670703125 0.2669333359375 0.5684983671875 0.2805052890625 0.571160798828125 0.2557625234375 0.265762087890625 0.236577921875
0 0.350665826171875 0.29421239843749997 0.35874504296875 0.2955350677083333 0.37049659375 0.29745894791666666 0.380134931640625 0.29804286458333334 0.38747969921875 0.299245296875 0.400519896484375 0.30336807552083334 0.410068056640625 0.3049312317708333 0.421355677734375 0.30379729166666664 0.4327334765625 0.30168411979166665 0.44163736328125 0.30214779947916665 0.454033234375 0.30517116145833334 0.47184095703125 0.3060985807291667 0.482033419921875 0.30876114843749997 0.499106669921875 0.30956832291666664 0.5064514140625 0.3107707526041667 0.524259134765625 0.311698171875 0.57520837109375 0.31705727864583333 0.57974323828125 0.28400477083333336 0.263520806640625 0.26901198177083335 0.263353572265625 0.27892426822916666 0.2625420078125 0.2877371354166667 0.277411841796875 0.2881835833333333 0.28860929296875 0.28802881770833333 0.2967786796875 0.2883723177083333 0.30770561328125 0.2911551276041667 0.316519326171875 0.2925980442708333 0.32321971875 0.29270105208333336 0.330835009765625 0.29096584114583335 0.3411176171875 0.292649234375 0.350665826171875 0.29421239843749997
0 0.5267461796875 0.31707519791666666 0.517197994140625 0.3155120364583333 0.506180890625 0.3137083958333333 0.49663273046875 0.3121452421875 0.488553515625 0.3108225703125 0.47497227734375 0.31257501302083335 0.457254755859375 0.3106683645833333 0.4445883125 0.31058263802083336 0.436509095703125 0.30925996875 0.42484771484375 0.30635691927083336 0.4135600390625 0.3074909140625 0.4041020546875 0.30494852083333335 0.3916160078125 0.30290439583333334 0.381887501953125 0.3032996484375 0.370135900390625 0.3013757630208333 0.35306267578125 0.3005685885416667 0.342689841796875 0.29986442447916667 0.330113623046875 0.29879946875 0.25952700390625 0.29618927083333335 0.25742684375 0.30280324739583336 0.254965990234375 0.3133340364583333 0.255713546875 0.3214081510416667 0.571588341796875 0.3482716901041667 0.570196486328125 0.3390980963541667 0.572657341796875 0.3285673046875 0.571639267578125 0.32343076822916667 0.560338560546875 0.31661083333333334 0.55216916796875 0.3162673984375 0.544734255859375 0.316044140625 0.535830390625 0.31558046614583335 0.5267461796875 0.31707519791666666
0 0.25562337109375 0.32238738802083333 0.254000244140625 0.34001312239583337 0.608418953125 0.3723118125 0.61060565234375 0.3536653203125 0.25562337109375 0.32238738802083333
0 0.5715897734375 0.4049281744791667 0.5746687578125 0.3795890520833333 0.26236309375 0.34635202604166665 0.26046975390625 0.3667293463541667 0.5715897734375 0.4049281744791667
0 0.25799548046875 0.36949231770833335 0.250909609375 0.41405485416666665 0.552233251953125 0.4571302578125 0.556449416015625 0.40741936979166665 0.25799548046875 0.36949231770833335
0 0.593136728515625 0.5028827838541666 0.5973879765625 0.4648139140625 0.244028814453125 0.41591031250000005 0.242233337890625 0.4490148255208333 0.593136728515625 0.5028827838541666
0 0.243076134765625 0.450543203125 0.23774283203125 0.5003625234375 0.58511119921875 0.5630888619791666 0.589657783203125 0.5082769713541667 0.243076134765625 0.450543203125
0 0.579017287109375 0.6238234817708334 0.585716302734375 0.5672699453125 0.23756248046875 0.5023209973958334 0.23240948046875 0.5501818359375 0.579017287109375 0.6238234817708334
0 0.23351773046875 0.5543391354166667 0.23335048828125 0.5642514869791667 0.511523384765625 0.6231939947916666 0.5116260234375 0.610802671875 0.23351773046875 0.5543391354166667
0 0.579185994140625 0.6705675520833334 0.581891201171875 0.6411913723958333 0.231430681640625 0.5689069869791666 0.228447662109375 0.5987152552083334 0.579185994140625 0.6705675520833334
0 0.227900794921875 0.5991422239583334 0.225466111328125 0.6255807578125 0.57625680078125 0.7037576432291667 0.579005642578125 0.6725260260416667 0.227900794921875 0.5991422239583334
0 0.543288341796875 0.72035303125 0.545001650390625 0.7017479921875 0.221703607421875 0.6259587239583334 0.219436154296875 0.6424850390625 0.543288341796875 0.72035303125
0 0.217168763671875 0.659011234375 0.218061619140625 0.6669808854166667 0.5831826328125 0.7567032942708334 0.5853468046875 0.7332022682291667 0.218985291015625 0.6473810260416667 0.217168763671875 0.659011234375
0 0.2112158671875 0.6669824661458333 0.212724041015625 0.6910845651041666 0.579742955078125 0.7859592291666666 0.582912111328125 0.7596409348958333 0.2112158671875 0.6669824661458333
0 0.2208032578125 0.6924072369791667 0.21892271875 0.7209244921875001 0.517874880859375 0.8035215911458334 0.52070141796875 0.771323578125 0.2208032578125 0.6924072369791667
0 0.513113759765625 0.8456229583333333 0.517274826171875 0.8085333880208333 0.219567033203125 0.7220240416666667 0.216390953125 0.7563512630208334 0.513113759765625 0.8456229583333333