0 0.6134111328125 1 0.61551894921875 0.9853824140624999 0.23522943359375 0.8674172395833333 0.2305874140625 0.8851875364583334 0.59552823828125 1 0.6134111328125 1
0 0.248405640625 0.8198507031250001 0.2451038828125 0.8342501250000001 0.622496654296875 0.9549516875 0.6253218125 0.9500533151041667 0.625826921875 0.9404279296875 0.626014861328125 0.9321857630208333 0.62584255859375 0.9230404895833333 0.258827205078125 0.7991426145833334 0.254835162109375 0.7967590416666667 0.25162040234375 0.8083048723958334 0.248405640625 0.8198507031250001
0 0.265530818359375 0.772381421875 0.259333611328125 0.7969341145833333 0.634979810546875 0.925252703125 0.63934773828125 0.9111519375 0.64152483984375 0.8991831171875 0.265530818359375 0.772381421875
0 0.63799674609375 0.8576635182291666 0.326092728515625 0.7532062682291666 0.324579318359375 0.7548580989583332 0.322676306640625 0.7631573880208333 0.320614712890625 0.7721482838541666 0.31978204296875 0.7807280338541666 0.6342044453125 0.8840989765625 0.63799674609375 0.8576635182291666
0 0.64233531640625 0.8511133151041667 0.64480023046875 0.8453118411458332 0.64650158203125 0.8354178411458334 0.647323859375 0.8244092421875 0.333344525390625 0.7191060078125 0.3328687734375 0.7211808307291667 0.330374501953125 0.7345328645833332 0.328231958984375 0.7463509609375 0.64233531640625 0.8511133151041667
0 0.649831849609375 0.8208940859374999 0.652974177734375 0.8146124973958333 0.656016634765625 0.7939213958333333 0.6562907265625 0.7902518619791666 0.344185046875 0.6841999010416666 0.34001878125 0.699895375 0.3379571875 0.7088862708333333 0.33736592578125 0.7139390182291666 0.649831849609375 0.8208940859374999
0 0.651578193359375 0.7860620833333334 0.659233310546875 0.7551512447916666 0.365402138671875 0.6535237057291666 0.358578375 0.6808088932291666 0.651578193359375 0.7860620833333334
0 0.690319947265625 0.765554671875 0.695668734375 0.7397537005208333 0.288776017578125 0.5943064114583333 0.2812761953125 0.6220658046875 0.690319947265625 0.765554671875
0 0.6986955546875 0.7364500364583333 0.70524058203125 0.7103804505208333 0.2972671328125 0.5622238515625 0.29028790625 0.5901870390625 0.6986955546875 0.7364500364583333
0 0.387364306640625 0.570114578125 0.3846915078125 0.581771015625 0.68478228515625 0.6981605885416666 0.6873333515625 0.6969317500000001 0.688803685546875 0.6929936015624999 0.689712115234375 0.6865576380208332 0.690620544921875 0.6801216744791666 0.69049131640625 0.6732627213541668 0.3906515 0.5533045052083333 0.389065658203125 0.560220578125 0.387364306640625 0.570114578125
0 0.6988219296875 0.6690960911458333 0.702455646484375 0.6433522395833333 0.40149201953125 0.5183983984375 0.394990068359375 0.5467543020833333 0.6988219296875 0.6690960911458333
0 0.704358658203125 0.635052953125 0.706463328125 0.6283483723958333 0.707213173828125 0.6226040182291667 0.706089365234375 0.617608390625 0.391463892578125 0.4780103854166667 0.38742685546875 0.5005648177083334 0.7021678359375 0.6371848958333334 0.704358658203125 0.635052953125
0 0.725315376953125 0.617883171875 0.732177572265625 0.5904303697916666 0.39278523046875 0.33864223958333334 0.382007876953125 0.3658503359375 0.725315376953125 0.617883171875
0 0.7028235625 0.5353580625 0.70611075390625 0.5185479895833334 0.452638453125 0.35472208072916667 0.447512431640625 0.37212900781249997 0.7028235625 0.5353580625
0 0.44979765625 0.37700789322916667 0.449725224609375 0.3822721380208333 0.699434580078125 0.5649829401041667 0.699507013671875 0.5597186979166667 0.44979765625 0.37700789322916667