0 0.186908095703125 0.9226721145833333 0.210738787109375 0.9149193359375 0.122587103515625 0.3748054973958333 0.096809173828125 0.37854023177083335 0.186908095703125 0.9226721145833333
0 0.213735 0.9121664140625 0.235954328125 0.9047155833333332 0.14906136328125 0.36874880989583336 0.125696572265625 0.3731270859375 0.213735 0.9121664140625
0 0.240209259765625 0.9061097291666668 0.295348306640625 0.8913944114583333 0.2098401875 0.35297667187500004 0.152188529296875 0.3659713515625 0.240209259765625 0.9061097291666668
0 0.3400006171875 0.8863143151041667 0.370050251953125 0.8752047161458334 0.24596976953125 0.35278082552083334 0.216985818359375 0.36478646354166666 0.3400006171875 0.8863143151041667
0 0.307237689453125 0.38841648697916664 0.27343243359375 0.40132557552083337 0.3850184375 0.8691126614583333 0.411152919921875 0.8598324453125 0.30733808203125 0.39716353906249996 0.307237689453125 0.38841648697916664
0 0.417786298828125 0.8837912916666667 0.455087072265625 0.8713229166666667 0.348214232421875 0.3796422526041667 0.307279486328125 0.39498305208333334 0.417786298828125 0.8837912916666667
0 0.498380271484375 0.853348703125 0.503227232421875 0.8447703098958333 0.377422126953125 0.32157386197916665 0.348870595703125 0.331307 0.475355259765625 0.8609505078124999 0.484104505859375 0.8582152734375 0.498380271484375 0.853348703125
0 0.417013822265625 0.31525059375000003 0.3895709375 0.3258717213541667 0.51438066015625 0.8492546927083334 0.540401880859375 0.83889996875 0.543058314453125 0.8329235208333333 0.417013822265625 0.31525059375000003
0 0.4622066953125 0.33088813020833335 0.430052369140625 0.3434878567708333 0.553519318359375 0.8386333880208333 0.580585609375 0.8226041666666667 0.4640317109375 0.34040774218750003 0.4622066953125 0.33088813020833335
0 0.500187029296875 0.3248668125 0.46965385546875 0.33716275520833333 0.469671490234375 0.33935091666666667 0.58621251953125 0.8292198828125 0.616035634765625 0.8159612656249999 0.500187029296875 0.3248668125
0 0.6217758046875 0.8236514895833333 0.637323154296875 0.8152594427083333 0.52243208984375 0.3020708984375 0.506763638671875 0.30719844270833335 0.6217758046875 0.8236514895833333
0 0.54407225390625 0.29692006510416663 0.528522458984375 0.30312110416666666 0.640306498046875 0.8201790651041666 0.65446900390625 0.8142379843750001 0.65804437890625 0.8091850703125 0.54407225390625 0.29692006510416663
0 0.663897806640625 0.8179498072916668 0.6841659921875 0.8075773984375 0.572510525390625 0.2861124114583333 0.556967921875 0.29231210677083336 0.663897806640625 0.8179498072916668
0 0.690711845703125 0.8151166510416666 0.70936866796875 0.8050461927083333 0.6028999375 0.27822634375 0.58436791796875 0.2871776822916667 0.690711845703125 0.8151166510416666
0 0.716493681640625 0.8102854505208333 0.766811501953125 0.7888034401041667 0.674780720703125 0.29762875260416666 0.61987466015625 0.31997054166666666 0.716493681640625 0.8102854505208333
0 0.78350607421875 0.790058015625 0.833811025390625 0.7762485494791668 0.821769322265625 0.2722763515625 0.766756400390625 0.2803936354166667 0.78350607421875 0.790058015625
0 0.850956875 0.77522709375 0.90804706640625 0.7634333567708333 0.8910580078125 0.2592924973958333 0.83218759375 0.26813263020833333 0.850956875 0.77522709375