0 0.0666194453125 0.29397634375 0.0535693515625 0.2957662578125 0.04405637890625 0.29869458072916666 0.03375065625 0.30186693229166667 0.027080630859375 0.30614734895833334 0.17706690234375 0.9125541197916666 0.17920159375 0.9152378411458333 0.188654080078125 0.9167825807291666 0.20109449609375 0.916293953125 0.21780268359375 0.9066963255208332 0.226400330078125 0.898481703125 0.08302359765625 0.29226758072916664 0.078510662109375 0.29031594010416667 0.0666194453125 0.29397634375
0 0.130405400390625 0.2765687005208333 0.1183311171875 0.2791718489583333 0.104061658203125 0.2835643359375 0.09008937109375 0.288978953125 0.232681826171875 0.9010025520833334 0.240305267578125 0.9064511510416667 0.254148111328125 0.9044172083333333 0.264453830078125 0.9012448593750001 0.277991029296875 0.8926233359375 0.2869548046875 0.8865232343749999 0.147053103515625 0.2714441354166667 0.1415038671875 0.27315232291666663 0.130405400390625 0.2765687005208333
0 0.250785310546875 0.2773756276041667 0.172253197265625 0.30043610416666666 0.292747591796875 0.8813992395833333 0.339702775390625 0.8680589062499999 0.3618392265625 0.8656992161458333 0.250785310546875 0.2773756276041667
0 0.367633623046875 0.875051671875 0.40129516015625 0.8669170572916666 0.292194482421875 0.2946963828125 0.257313578125 0.3054335729166667 0.367633623046875 0.875051671875
0 0.4088597265625 0.8913151692708333 0.420750943359375 0.8876547656249999 0.292431591796875 0.23337477604166668 0.281150056640625 0.2357338984375 0.4088597265625 0.8913151692708333
0 0.45575281640625 0.8679714479166667 0.498561197265625 0.8547939895833333 0.349382021484375 0.1668451614583333 0.299438912109375 0.18221886197916667 0.45575281640625 0.8679714479166667
0 0.5067943203125 0.8589413020833333 0.54728494140625 0.8420228645833333 0.40103320703125 0.15651372916666667 0.356028130859375 0.1703673828125 0.5067943203125 0.8589413020833333
0 0.56533668359375 0.8498294348958333 0.609607978515625 0.8306335989583333 0.45317149609375 0.1393506875 0.406715888671875 0.15921890625 0.56533668359375 0.8498294348958333
0 0.513909037109375 0.1284494765625 0.457746525390625 0.15130571875 0.62113467578125 0.8393351276041666 0.6630277265625 0.8208713723958333 0.668027763671875 0.8159914062500001 0.513909037109375 0.1284494765625
0 0.540381798828125 0.18488997135416665 0.52834591015625 0.1863676875 0.667354375 0.7928128541666667 0.675527015625 0.8014332317708334 0.6890037265625 0.7972847734375 0.7008949453125 0.7936243671875 0.7055288515625 0.7866298828125 0.562029541015625 0.1748854375 0.557882734375 0.1750483125 0.55568755859375 0.17683765364583334 0.540381798828125 0.18488997135416665
0 0.715383203125 0.8236864791666667 0.788011962890625 0.8091248619791668 0.6581708203125 0.17981276822916667 0.577372642578125 0.21470690885416666 0.715383203125 0.8236864791666667
0 0.66216840625 0.115106375 0.805087890625 0.8161182031249999 0.8129548828125 0.8181509947916666 0.826980794921875 0.8171743125 0.8396647578125 0.8132698802083334 0.846676908203125 0.8055433151041668 0.706093767578125 0.09490341666666667 0.697556607421875 0.09864497135416667 0.67712823046875 0.10604693229166667 0.66216840625 0.115106375
0 0.7627498203125 0.1231213671875 0.749639240234375 0.12938434375 0.735735912109375 0.13589134895833332 0.72005640625 0.1407178828125 0.853018888671875 0.8035911015625 0.8608858828125 0.8056238932291667 0.880704578125 0.79952321875 0.894790970703125 0.7940734739583334 0.903998296875 0.7845575677083333 0.7766531484375 0.11661436458333334 0.776043466796875 0.1179156484375 0.765134767578125 0.11737597395833334 0.7627498203125 0.1231213671875
0 0.904974111328125 0.7853708020833333 0.933452544921875 0.7810588906249999 0.811527611328125 0.047971375000000004 0.781352791015625 0.06060075 0.904974111328125 0.7853708020833333
0 0.84543269921875 0.036420953124999995 0.814881669921875 0.04805252604166666 0.9339396484375 0.77422728125 0.942050189453125 0.7728442734375 0.964003578125 0.7694273203124999 0.84543269921875 0.036420953124999995
0 0.9668084375 0.7663366953124999 0.9968723671875 0.7615367317708334 0.88738784765625 0.027960588541666664 0.853693796875 0.039446046875 0.9668084375 0.7663366953124999