0 0.1787492265625 0.9271549531250001 0.182623861328125 0.9238068125 0.086253599609375 0.4572462447916667 0.082614560546875 0.4587296666666667 0.054715326171875 0.47010253645833333 0.049627666015625 0.473945171875 0.145997947265625 0.9405057161458333 0.1787492265625 0.9271549531250001
0 0.22106930859375 0.9063661927083334 0.12501974609375 0.4440966145833333 0.11863397265625 0.4422779947916667 0.08770222265625 0.45488704166666666 0.182809298828125 0.9246155312500001 0.216167083984375 0.9110175338541667 0.22106930859375 0.9063661927083334
0 0.167239505859375 0.428654796875 0.15315461328125 0.4308589947916666 0.13393187109375 0.439579328125 0.1274457578125 0.443107671875 0.2237811015625 0.9008390130208334 0.262782873046875 0.8858246093750001 0.167239505859375 0.428654796875
0 0.206712513671875 0.4099109609375 0.1940260703125 0.4124294322916667 0.1746178828125 0.4203410026041667 0.167474068359375 0.42542612239583333 0.26357484765625 0.8863861380208333 0.3029976640625 0.8703157864583333 0.206712513671875 0.4099109609375
0 0.3036041875 0.8700685442708332 0.325623798828125 0.8619768203125 0.230130568359375 0.402133484375 0.2083689921875 0.409728234375 0.3036041875 0.8700685442708332
0 0.259903970703125 0.4191799817708333 0.2621445390625 0.4173822916666667 0.25644590625 0.38963759635416667 0.235639306640625 0.39723485937499997 0.331503421875 0.8586956744791667 0.35455058984375 0.8493007057291666 0.259903970703125 0.4191799817708333
0 0.355713451171875 0.8514797317708332 0.3761491953125 0.8422649140625 0.27652433203125 0.4111219973958333 0.260325009765625 0.4181240078125 0.355713451171875 0.8514797317708332
0 0.376755677734375 0.8420176875 0.395557341796875 0.834353359375 0.2947942734375 0.4017293098958334 0.27712173828125 0.41039263020833333 0.376755677734375 0.8420176875
0 0.3978481015625 0.8298821848958333 0.424534330078125 0.8190037864583334 0.32451480078125 0.3818335625 0.298685349609375 0.39452767447916665 0.3978481015625 0.8298821848958333
0 0.425561884765625 0.8177005390625 0.4540676015625 0.8060804427083333 0.3559324609375 0.3694227265625 0.330259208984375 0.381437015625 0.425561884765625 0.8177005390625
0 0.455095171875 0.8047772552083333 0.47832781640625 0.7961909895833333 0.374468240234375 0.34201938541666665 0.353857650390625 0.351697265625 0.455095171875 0.8047772552083333
0 0.39735240234375 0.3336634166666667 0.393516103515625 0.3337621770833333 0.3765339296875 0.3406848046875 0.478698703125 0.797808484375 0.501560474609375 0.7876047786458332 0.39735240234375 0.3336634166666667
0 0.50240259375 0.7854928151041666 0.52950989453125 0.7735583984375 0.434618796875 0.3466762265625 0.40770578125 0.3580455755208333 0.50240259375 0.7854928151041666
0 0.5311439453125 0.7720079791666666 0.556246318359375 0.7600065416666667 0.4610422265625 0.33785006510416665 0.435183935546875 0.34772869791666666 0.5311439453125 0.7720079791666666
0 0.56002058984375 0.7620053619791666 0.59519790625 0.7476656484375 0.49711898828125 0.32022603125 0.463318767578125 0.3344911067708333 0.56002058984375 0.7620053619791666
0 0.598044951171875 0.7456207057291667 0.63443523046875 0.7307865390625 0.5346785859375 0.30588776302083337 0.498681525390625 0.320960140625 0.598044951171875 0.7456207057291667
0 0.63649035546875 0.7281801015624999 0.67306616796875 0.7141546770833332 0.57314640234375 0.28706784114583334 0.538390126953125 0.30035158333333334 0.63649035546875 0.7281801015624999
0 0.57604368359375 0.2823494114583333 0.67507113671875 0.7142216822916666 0.709456447265625 0.6993205104166668 0.608888544921875 0.2668837473958333 0.57604368359375 0.2823494114583333
0 0.715892412109375 0.6984656302083333 0.743977041015625 0.6879014973958334 0.64090767578125 0.2538314375 0.613932751953125 0.2624825546875 0.715892412109375 0.6984656302083333
0 0.74342071484375 0.6854752838541667 0.767680927734375 0.675585828125 0.6659969765625 0.245549125 0.64093972265625 0.25589513281250004 0.74342071484375 0.6854752838541667
0 0.816386794921875 0.6566156380208333 0.705746162109375 0.19145057552083333 0.66471387890625 0.2081425 0.77495905078125 0.67261896875 0.816386794921875 0.6566156380208333
0 0.818727740234375 0.6494709479166666 0.859549015625 0.6337148984375 0.748097037109375 0.17415211458333335 0.706773763671875 0.19014732812500001 0.818727740234375 0.6494709479166666
0 0.89733779296875 0.6191950182291667 0.7875589921875 0.17224981770833334 0.756751873046875 0.18326727083333336 0.86440104296875 0.6317370130208334 0.89733779296875 0.6191950182291667
0 0.936996232421875 0.6012598723958333 0.835562455078125 0.19070845572916664 0.799856140625 0.20265332031250002 0.898600984375 0.6160270364583333 0.936996232421875 0.6012598723958333
0 0.983882580078125 0.5830314505208333 0.882313501953125 0.1689977942708333 0.83967611328125 0.185448515625 0.940028728515625 0.600023703125 0.983882580078125 0.5830314505208333