0 0.202382623046875 0.772116546875 0.217560576171875 0.7714098463541667 0.134357947265625 0.3713919713541667 0.1143671328125 0.3730465859375 0.202382623046875 0.772116546875
0 0.22668108984375 0.7673660807291666 0.251635234375 0.7669280130208334 0.17342483984375 0.3710206197916666 0.142580685546875 0.3724567552083333 0.22668108984375 0.7673660807291666
0 0.217043587890625 0.3993901484375 0.219564595703125 0.3920345598958333 0.21394753515625 0.3640670963541666 0.18150578515625 0.3663014375 0.259167408203125 0.7644058463541666 0.284606822265625 0.7617737187500001 0.217043587890625 0.3993901484375
0 0.2924230078125 0.7700956354166667 0.31077764453125 0.7663457421875001 0.239753716796875 0.39616128125 0.218761244140625 0.4000339921875 0.2924230078125 0.7700956354166667
0 0.2674182109375 0.39559701302083333 0.24426377734375 0.39957039062500005 0.3130784609375 0.771305359375 0.3233777890625 0.7708258125 0.33305930859375 0.7674797473958334 0.2674182109375 0.39559701302083333
0 0.347808796875 0.7711359192708334 0.358574455078125 0.7677393776041667 0.293688595703125 0.3625257317708333 0.26668865234375 0.3645066979166667 0.264996763671875 0.36530929427083336 0.33479912109375 0.7717416614583333 0.347808796875 0.7711359192708334
0 0.313934517578125 0.368821265625 0.297764701171875 0.36957414843749997 0.359904740234375 0.7770871041666667 0.3891765078125 0.7757241796875 0.3307008125 0.3665929713541667 0.313934517578125 0.368821265625
0 0.3929520625 0.7748245677083333 0.42328903515625 0.7726882265625 0.372963322265625 0.36390136458333333 0.338392150390625 0.3662348541666667 0.3929520625 0.7748245677083333
0 0.430177447265625 0.7455861328125 0.452345505859375 0.7423825052083334 0.416866083984375 0.4031149765625 0.39157994140625 0.40718761197916664 0.430177447265625 0.7455861328125
0 0.458232537109375 0.7392131171875 0.479316455078125 0.7360599661458332 0.445538978515625 0.39960847656250004 0.423494119140625 0.4028063697916667 0.458232537109375 0.7392131171875
0 0.4831488125 0.7373291692708334 0.5031864609375 0.735672375 0.476380154296875 0.39600102083333333 0.4516319375 0.3993247838541667 0.4831488125 0.7373291692708334
0 0.50643887890625 0.7355209375 0.527018595703125 0.7338389036458333 0.503502578125 0.3954619921875 0.47980762109375 0.39728907291666665 0.50643887890625 0.7355209375
0 0.53178487890625 0.39776423958333335 0.506974634765625 0.39819560937500004 0.50797167578125 0.40032065104166664 0.531411958984375 0.7358058072916666 0.5498044609375 0.7335017916666667 0.53178487890625 0.39776423958333335
0 0.557167486328125 0.3929632994791667 0.536720130859375 0.39391534895833336 0.534980494140625 0.3954439895833333 0.55243907421875 0.7304838411458333 0.56924323828125 0.7297014218750001 0.557167486328125 0.3929632994791667
0 0.568374396484375 0.7586946979166668 0.59280540234375 0.7590048072916667 0.583021318359375 0.343987359375 0.558823125 0.3465616953125 0.568374396484375 0.7586946979166668
0 0.593851673828125 0.7575084479166666 0.61607653515625 0.7564736354166667 0.610647943359375 0.3419772135416667 0.587017744140625 0.3452489244791667 0.593851673828125 0.7575084479166666
0 0.617236412109375 0.7593149140625001 0.640507544921875 0.7567837447916667 0.644836208984375 0.341833015625 0.6162967734375 0.34388566406250004 0.617236412109375 0.7593149140625001
0 0.643778896484375 0.7573552473958333 0.667050029296875 0.7548240807291666 0.67743718359375 0.33959126041666665 0.64826788671875 0.34167323437499997 0.643778896484375 0.7573552473958333
0 0.672718326171875 0.7603507213541666 0.699204009765625 0.7562222395833333 0.71515037109375 0.37040722135416665 0.6827555234375 0.3733632005208333 0.672718326171875 0.7603507213541666
0 0.702286021484375 0.7495643515625 0.72660342578125 0.745536828125 0.74911142578125 0.36158775260416665 0.71726725 0.36451809375000005 0.702286021484375 0.7495643515625
0 0.734848076171875 0.7494958697916667 0.756492998046875 0.7470404192708333 0.78075975 0.368076203125 0.753784275390625 0.37005602864583337 0.734848076171875 0.7494958697916667
0 0.815899615234375 0.3628209505208333 0.787306265625 0.3648761067708333 0.759146546875 0.74474540625 0.77600751171875 0.7461318046875 0.782398744140625 0.741491296875 0.815899615234375 0.3628209505208333
0 0.7884751171875 0.7455512994791667 0.808588501953125 0.7467862604166666 0.8468354609375 0.3628281848958333 0.818754111328125 0.3634118645833333 0.7884751171875 0.7455512994791667
0 0.811204177734375 0.7430453697916667 0.8318596328125 0.74425509375 0.875489421875 0.35859874739583336 0.849117546875 0.36199811197916665 0.811204177734375 0.7430453697916667
0 0.841131623046875 0.7459948411458334 0.866066833984375 0.7448338307291666 0.9195604609375 0.34207034374999995 0.888300837890625 0.3449734661458333 0.841131623046875 0.7459948411458334
0 0.95853268359375 0.3380842942708333 0.9278628125 0.34240759895833334 0.873000134765625 0.7401680859374999 0.882833126953125 0.7426055338541667 0.8963280703125 0.739805734375 0.95853268359375 0.3380842942708333