0 0.7055246484375 1 0.706337380859375 0.9909080442708333 0.704816958984375 0.9828987057291667 0.28616724609375 0.9610755208333334 0.470486859375 1 0.7055246484375 1
0 0.241312880859375 0.9516032109375 0.257129794921875 0.9549434140624999 0.70587529296875 0.9809255572916666 0.712446587890625 0.9394786979166666 0.24559553515625 0.9089854401041667 0.241312880859375 0.9516032109375
0 0.7136321953125 0.9364341067708333 0.718723201171875 0.8935763177083333 0.252126697265625 0.8609401744791666 0.25001459375 0.9064655963541667 0.7136321953125 0.9364341067708333
0 0.721603517578125 0.8832013567708333 0.72469825390625 0.86408509375 0.726145291015625 0.8380309375 0.72513396875 0.8257358177083334 0.310495546875 0.7788107213541666 0.30355598046875 0.8441665625 0.718937619140625 0.8848350182291668 0.721603517578125 0.8832013567708333
0 0.726955951171875 0.8173340026041668 0.729668861328125 0.8014320755208333 0.7286575390625 0.7891369557291666 0.31495017578125 0.74131015625 0.314099380859375 0.7554086796875 0.3122128359375 0.7712902552083333 0.311935703125 0.7736232395833333 0.726955951171875 0.8173340026041668
0 0.733989337890625 0.7858696328125 0.73569092578125 0.7576725859375001 0.319150255859375 0.7059524817708334 0.31455177734375 0.7377277447916667 0.733989337890625 0.7858696328125
0 0.323477609375 0.6695233619791666 0.3187528984375 0.7023613020833334 0.733534126953125 0.7550204687500001 0.738531109375 0.7406992109375 0.740440236328125 0.7246275416666667 0.323477609375 0.6695233619791666
0 0.32661935546875 0.6361388333333333 0.32363049609375 0.6682363098958333 0.735322857421875 0.7191535651041666 0.74031983984375 0.7048323098958332 0.73863201171875 0.6912960052083333 0.32661935546875 0.6361388333333333
0 0.31537658984375 0.6128678619791667 0.313872751953125 0.6255276640624999 0.71676578125 0.68115809375 0.718038533203125 0.6704436484374999 0.717576443359375 0.6604611614583333 0.31537658984375 0.6128678619791667
0 0.28043898046875 0.5879166041666667 0.28138694140625 0.6076813828125 0.2804321015625 0.60878328125 0.748629291015625 0.6626255885416666 0.752058841796875 0.6545632552083334 0.75371341796875 0.6406344765624999 0.755367994140625 0.6267056953125 0.75528773046875 0.6135088750000001 0.28569739453125 0.55058578125 0.2836609921875 0.5677288958333333 0.28043898046875 0.5879166041666667
0 0.7574915390625 0.6018927239583333 0.7604188671875 0.5772494973958333 0.76046587890625 0.5629812291666666 0.758563630859375 0.5581862239583334 0.291344509765625 0.48917394791666663 0.28606482421875 0.5405563671875 0.752963525390625 0.6053297942708333 0.7574915390625 0.6018927239583333
0 0.767030294921875 0.542401046875 0.766822755859375 0.5302756692708334 0.766869767578125 0.51600740625 0.767338734375 0.5051232161458333 0.29728630859375 0.43221763802083335 0.292008294921875 0.48358597135416664 0.76161135546875 0.5533382265625 0.767030294921875 0.542401046875
0 0.3004280546875 0.398833109375 0.29875555078125 0.42678531770833333 0.7711902421875 0.5004449609375 0.7736486015625 0.486685921875 0.773568337890625 0.4734891015625 0.3004280546875 0.398833109375
0 0.77500849609375 0.46830162239583334 0.775986564453125 0.45313165364583335 0.776455533203125 0.4422474609375 0.30340239453125 0.3599216145833333 0.3021697734375 0.3772344739583333 0.300799935546875 0.3887662265625 0.30131898046875 0.3913329973958333 0.77500849609375 0.46830162239583334
0 0.781117703125 0.4168722760416667 0.306584271484375 0.3331354973958333 0.3055660703125 0.3417070546875 0.30580483984375 0.35356952343750003 0.77882675 0.43615828125 0.781157833984375 0.42347068489583334 0.781117703125 0.4168722760416667
0 0.307929111328125 0.32875044270833337 0.781117703125 0.4168722760416667 0.781626802734375 0.4125864973958333 0.782223046875 0.4006308619791667 0.783877623046875 0.3867020807291666 0.78553219921875 0.3727733020833333 0.312057103515625 0.287063375 0.3107843515625 0.29777782291666666 0.309129775390625 0.3117066041666667 0.307929111328125 0.32875044270833337
0 0.79069658984375 0.36397900781250003 0.79180193359375 0.3477375963541667 0.310630701171875 0.25051750260416666 0.3095990546875 0.2730747552083333 0.79069658984375 0.36397900781250003
0 0.79722775390625 0.3159337395833333 0.798078546875 0.30183521614583336 0.3140740078125 0.20072182291666665 0.310370373046875 0.2457727682291667 0.79311481640625 0.3436215598958334 0.79426029296875 0.3339785546875 0.79722775390625 0.3159337395833333
0 0.800409630859375 0.2891476223958333 0.801300556640625 0.2816475078125 0.802191482421875 0.2741473958333333 0.3154809140625 0.16806925520833335 0.315648322265625 0.17359622135416666 0.314411724609375 0.1840063046875 0.31412101953125 0.18645355729166668 0.800409630859375 0.2891476223958333
0 0.801769525390625 0.2707633203125 0.8039733359375 0.2591471692708333 0.80613701171875 0.24093260937500002 0.807664314453125 0.2280752734375 0.31972800390625 0.11844331510416667 0.318837080078125 0.12594342447916665 0.31667340234375 0.144157984375 0.31535029296875 0.16223261197916666 0.801769525390625 0.2707633203125
0 0.324095490234375 0.08861260416666666 0.32218636328125 0.10468427343749999 0.321804537109375 0.10789860677083334 0.806271166015625 0.21899448958333334 0.80818029296875 0.2029228203125 0.324095490234375 0.08861260416666666
0 0.810725796875 0.18149392447916668 0.811663734375 0.15972554427083333 0.329950146484375 0.03932614583333333 0.3281281640625 0.0477279609375 0.3264735859375 0.06165674479166666 0.32396720703125 0.08275629427083334 0.8077583359375 0.1995387421875 0.810725796875 0.18149392447916668
0 0.332120701171875 0.00024491145833333336 0.330338849609375 0.015245138020833333 0.345738 0.017398794270833334 0.818395556640625 0.144672328125 0.8194137578125 0.13610077343750002 0.332120701171875 0.00024491145833333336
0 0.344054009765625 0 0.822206931640625 0.1333956640625 0.82280317578125 0.12144003125000001 0.824504763671875 0.09324298177083333 0.824257091796875 0.0745191953125 0.685168921875 0.032871270833333334 0.52951314453125 0 0.344054009765625 0