0 0.14768458984375 0.9254030416666666 0.186752384765625 0.9218510598958334 0.15833941015625 0.2813157578125 0.113944205078125 0.27894779947916665 0.14768458984375 0.9254030416666666
0 0.19385559765625 0.9182990807291667 0.234699197265625 0.9171151380208333 0.21605323046875 0.28368371875000004 0.168994291015625 0.28013177864583333 0.19385559765625 0.9182990807291667
0 0.2737669921875 0.3772184427083333 0.233811326171875 0.37485048177083335 0.2493785625 0.8796164791666666 0.28619767578125 0.8815955703124999 0.2737669921875 0.3772184427083333
0 0.28619767578125 0.8863315703125 0.319938 0.88869953125 0.310902 0.3783143958333333 0.275542794921875 0.3772184427083333 0.28619767578125 0.8863315703125
0 0.3421356328125 0.38905828645833335 0.31461058984375 0.3866903255208333 0.3217138046875 0.8958034140625001 0.34605825 0.8978456458333333 0.3421356328125 0.38905828645833335
0 0.348350974609375 0.898171375 0.373212283203125 0.9005393359374999 0.37410021484375 0.390242265625 0.3447993671875 0.390242265625 0.348350974609375 0.898171375
0 0.375876017578125 0.9135631588541666 0.43270190625 0.9159311197916667 0.44779620703125 0.3369629921875 0.379261375 0.3301373125 0.375876017578125 0.9135631588541666
0 0.5179407109375 0.33814701302083333 0.4548995390625 0.33459503124999995 0.441761375 0.9160748124999999 0.500182556640625 0.9182990807291667 0.5179407109375 0.33814701302083333
0 0.501958419921875 0.9159311197916667 0.544577822265625 0.9159311197916667 0.5716441875 0.3379498125 0.524156052734375 0.33459503124999995 0.501958419921875 0.9159311197916667
0 0.6191618046875 0.33814701302083333 0.572990794921875 0.3334110520833333 0.5481294296875 0.9194830989583332 0.5892223125 0.9199810624999999 0.6191618046875 0.33814701302083333
0 0.592524693359375 0.9242190208333333 0.61827393359375 0.9242190208333333 0.6536754375 0.3327414791666667 0.623601283203125 0.3322270729166667 0.592524693359375 0.9242190208333333
0 0.6848667109375 0.33459503124999995 0.657341728515625 0.3334110520833333 0.620049677734375 0.9218510598958334 0.6468395 0.9251893958333333 0.6848667109375 0.33459503124999995
0 0.700849001953125 0.33459503124999995 0.688418318359375 0.33459503124999995 0.647574779296875 0.9254030416666666 0.6624645 0.9251893958333333 0.700849001953125 0.33459503124999995
0 0.660893333984375 0.9206670390624999 0.668884419921875 0.9147471796875001 0.71324575 0.3353456458333333 0.702624865234375 0.33459503124999995 0.660893333984375 0.9206670390624999
0 0.763890171875 0.33577901302083335 0.72482237890625 0.33577901302083335 0.678651369140625 0.9242190208333333 0.7142223125 0.9238873124999999 0.763890171875 0.33577901302083335
0 0.7531231953125 0.9135631588541666 0.8082854375 0.33577901302083335 0.768217494140625 0.3334110520833333 0.714943271484375 0.9182990807291667 0.7531231953125 0.9135631588541666
0 0.761226556640625 0.9194830989583332 0.798518490234375 0.9135631588541666 0.857777 0.3366477291666667 0.81538865234375 0.33577901302083335 0.761226556640625 0.9194830989583332
0 0.906842796875 0.33814701302083333 0.8633355234375 0.33814701302083333 0.802070095703125 0.9230350026041667 0.84202576171875 0.9301389609375 0.906842796875 0.33814701302083333
0 0.924600951171875 0.33814701302083333 0.91394601171875 0.33814701302083333 0.850016966796875 0.9135631588541666 0.86168325 0.9134706458333333 0.924600951171875 0.33814701302083333