0 0.2462439921875 0.8916633385416667 0.27573364453125 0.8717952890624999 0.13065672265625 0.4134401015625 0.095425060546875 0.42917825520833336 0.2462439921875 0.8916633385416667
0 0.29799680859375 0.8617102942708333 0.328077091796875 0.8450007604166667 0.172338779296875 0.3995834296875 0.13830126171875 0.4162665520833333 0.29799680859375 0.8617102942708333
0 0.3397981484375 0.8458010494791667 0.3695228984375 0.8298806822916666 0.2140208359375 0.38572675781250004 0.179638005859375 0.4031956458333333 0.3397981484375 0.8458010494791667
0 0.3757951328125 0.8365181979166666 0.406467201171875 0.82028290625 0.251913615234375 0.3731297838541667 0.21777643359375 0.391858953125 0.3757951328125 0.8365181979166666
0 0.4152556796875 0.8240710104166666 0.4387047265625 0.8095659479166667 0.2646418671875 0.30113022395833333 0.235931205078125 0.31671347135416666 0.4152556796875 0.8240710104166666
0 0.44770079296875 0.8146269895833332 0.4664120859375 0.8043808229166666 0.29471752734375 0.29515778645833335 0.273240205078125 0.306323484375 0.44770079296875 0.8146269895833332
0 0.471857439453125 0.8065964166666667 0.491871587890625 0.7952461614583334 0.324558087890625 0.2852376692708333 0.302378140625 0.2952950026041667 0.471857439453125 0.8065964166666667
0 0.49530301953125 0.8001441770833333 0.52336937890625 0.7861170624999999 0.365291669921875 0.27438019531249996 0.334474318359375 0.2893218411458333 0.49530301953125 0.8001441770833333
0 0.402828916015625 0.26257238541666666 0.37213896875 0.2781426484375 0.37239309765625 0.28007108333333336 0.52952348828125 0.7921228776041667 0.557352443359375 0.7795166302083333 0.402828916015625 0.26257238541666666
0 0.564576623046875 0.7751021276041666 0.591458255859375 0.7628108072916667 0.449473416015625 0.2725629635416667 0.42080716015625 0.28813145052083333 0.564576623046875 0.7751021276041666
0 0.47210367578125 0.23484606249999998 0.448419646484375 0.24741632552083334 0.44877275390625 0.24998282812499997 0.59417977734375 0.7666028776041666 0.617982046875 0.7566771979166668 0.47210367578125 0.23484606249999998
0 0.620467314453125 0.7592058645833334 0.641783158203125 0.7494357916666666 0.504312537109375 0.22413863281250002 0.479688943359375 0.2370212421875 0.620467314453125 0.7592058645833334
0 0.64498180859375 0.745017578125 0.670560587890625 0.7338303489583334 0.54149540234375 0.21043571614583334 0.512617095703125 0.22473275 0.64498180859375 0.745017578125
0 0.67493933984375 0.7384134401041668 0.701583568359375 0.7275429869791666 0.581519072265625 0.19847229947916667 0.551466826171875 0.21181764843749998 0.67493933984375 0.7384134401041668
0 0.62351162109375 0.20195769010416667 0.5988356328125 0.21485771614583335 0.708645732421875 0.7379437343749999 0.7142103671875 0.7381067604166667 0.726879896484375 0.7359078515625 0.743102455078125 0.7311858411458334 0.757550810546875 0.7223568333333333 0.764185513671875 0.7120995416666666 0.664365638671875 0.18636337239583334 0.651694953125 0.1912465546875 0.62351162109375 0.20195769010416667
0 0.785838396484375 0.7444886875 0.851795224609375 0.7232331458333333 0.766610037109375 0.030927510416666665 0.69317715234375 0.05735226041666667 0.785838396484375 0.7444886875
0 0.857123609375 0.7221327656250001 0.887675240234375 0.7106343177083333 0.80876575390625 0.016913374999999998 0.77549626171875 0.029315341145833337 0.857123609375 0.7221327656250001
0 0.88177587890625 0.6629435260416666 0.89207826953125 0.65884765625 0.839016396484375 0.15447086458333334 0.82600225390625 0.15946822395833335 0.88177587890625 0.6629435260416666
0 0.89681486328125 0.6572730338541667 0.9310364921875 0.6465674583333333 0.8816457734375 0.14029926822916666 0.84566464453125 0.151589765625 0.89681486328125 0.6572730338541667