0 0.110618966796875 0.20361654166666665 0.101736072265625 0.20216229947916667 0.112160146484375 0.7209610286458333 0.16848930078125 0.732369265625 0.163406328125 0.20897885156249998 0.110618966796875 0.20361654166666665
0 0.2312787421875 0.7448351328124999 0.2317352265625 0.21469907552083334 0.22456658203125 0.2124322578125 0.1675812734375 0.20966234375 0.172937806640625 0.7374704166666667 0.226943529296875 0.7474050572916666 0.2312787421875 0.7448351328124999
0 0.270139640625 0.7501039401041667 0.27041225390625 0.16855652604166668 0.238620822265625 0.16663151822916666 0.23372973828125 0.16801722135416666 0.237540673828125 0.7480467291666667 0.25853660546875 0.75148403125 0.270139640625 0.7501039401041667
0 0.27277471875 0.7570946458333333 0.305175328125 0.7613058203124999 0.30614218359375 0.17221953645833332 0.271891693359375 0.17207838541666667 0.27277471875 0.7570946458333333
0 0.344308841796875 0.18502721354166665 0.313398083984375 0.18433959895833332 0.308107939453125 0.7650655807291667 0.332334013671875 0.7690316979166667 0.336768404296875 0.7653847890625 0.344308841796875 0.18502721354166665
0 0.381625244140625 0.233771890625 0.383537849609375 0.23080535416666667 0.38256055859375 0.18800985156250002 0.351560037109375 0.18840076302083333 0.34050855078125 0.7692767526041666 0.368163125 0.7716177239583333 0.381625244140625 0.233771890625
0 0.36999066796875 0.7784762239583333 0.4009745625 0.7802690286458334 0.417355177734375 0.23743489843749999 0.3833316796875 0.23514447395833335 0.36999066796875 0.7784762239583333
0 0.461288244140625 0.1965257057291667 0.4266651796875 0.1919506875 0.403000458984375 0.7849735677083333 0.419958712890625 0.7877498489583333 0.435301892578125 0.7902617239583334 0.461288244140625 0.1965257057291667
0 0.504385177734375 0.20030156770833332 0.46876663671875 0.1977500130208333 0.43691696484375 0.7905261328125 0.454583576171875 0.7945115989583332 0.46911922265625 0.7968912682291666 0.504385177734375 0.20030156770833332
0 0.472165125 0.8083221041666667 0.49981969921875 0.8106630755208334 0.540213919921875 0.26520096875 0.50641941796875 0.2607615963541667 0.472165125 0.8083221041666667
0 0.4991536875 0.8356980572916667 0.53115758984375 0.84421715625 0.5783664609375 0.26926059114583334 0.542027345703125 0.26331141406249997 0.4991536875 0.8356980572916667
0 0.538184708984375 0.8213167864583334 0.561801603515625 0.8229967369791668 0.6100587109375 0.272262578125 0.580929498046875 0.2707734088541667 0.538184708984375 0.8213167864583334
0 0.637614107421875 0.27568053124999997 0.6117226484375 0.27472142447916664 0.565428458984375 0.8192176276041666 0.574212173828125 0.8217488515625 0.5887478203125 0.8241285234375 0.637614107421875 0.27568053124999997
0 0.59410990625 0.8381249817708333 0.694555998046875 0.8600353776041666 0.775370091796875 0.222800890625 0.656231962890625 0.20985577083333332 0.59410990625 0.8381249817708333
0 0.91425214453125 0.23679190625000002 0.787878634765625 0.22266226041666667 0.705153140625 0.8606770494791666 0.8059959453125 0.8782795182291667 0.912750365234375 0.24419857552083335 0.91425214453125 0.23679190625000002