0 0.594744802734375 1 0.311095314453125 0.9440956640625 0.3102291953125 0.9498395130208334 0.4506303125 1 0.594744802734375 1
0 0.689876365234375 1 0.69367863671875 0.9753748984375 0.329706875 0.9023873776041667 0.3227054140625 0.9457922916666667 0.609044431640625 1 0.689876365234375 1
0 0.34000240625 0.8551467473958333 0.332127478515625 0.8989074635416667 0.69631331640625 0.9714136536458334 0.701705416015625 0.9328404505208333 0.34000240625 0.8551467473958333
0 0.338442296875 0.80801521875 0.329946341796875 0.845856265625 0.70138524609375 0.9278771953125 0.7079266484375 0.9044758333333333 0.709137208984375 0.8938776015625001 0.338442296875 0.80801521875
0 0.70507833984375 0.8912019166666667 0.712063169921875 0.8838922213541666 0.715112177734375 0.8641457552083334 0.71454623828125 0.8538510520833333 0.34734325390625 0.7682980052083334 0.33975963671875 0.8060345963541667 0.70507833984375 0.8912019166666667
0 0.72114861328125 0.8295333411458333 0.72150141796875 0.8186286640625 0.365342625 0.7244775520833334 0.359704275390625 0.7616834479166666 0.717241904296875 0.8489733854166667 0.72114861328125 0.8295333411458333
0 0.72173123046875 0.8174850963541668 0.728686947265625 0.7782985859374999 0.37235982421875 0.6804104010416667 0.363856982421875 0.7227211119791667 0.72173123046875 0.8174850963541668
0 0.731551439453125 0.7731937760416666 0.738905244140625 0.73660075 0.380694361328125 0.6343626276041666 0.372819435546875 0.6781233437499999 0.731551439453125 0.7731937760416666
0 0.749443974609375 0.7207556927083334 0.7524906171875 0.7002533072916667 0.403425798828125 0.6081660260416667 0.39956440234375 0.6411042447916667 0.746456490234375 0.7356216145833333 0.749443974609375 0.7207556927083334
0 0.395463451171875 0.5562959375 0.38775687109375 0.6037936510416667 0.7516966953125 0.6958222109375 0.75842261328125 0.6577791927083333 0.395463451171875 0.5562959375
0 0.40254214453125 0.5073482291666667 0.3959230625 0.5540088776041666 0.759969736328125 0.6546549947916667 0.7671007109375 0.6124598958333333 0.40254214453125 0.5073482291666667
0 0.770815974609375 0.614407171875 0.7818466875 0.5595175963541666 0.39779709375 0.4394686458333333 0.386432421875 0.499376484375 0.770815974609375 0.614407171875
0 0.408031572265625 0.37939208072916664 0.39670953515625 0.4403058541666667 0.784021771484375 0.5578433333333334 0.792931091796875 0.4990187578125 0.408031572265625 0.37939208072916664
0 0.795971708984375 0.49837963802083335 0.804474548828125 0.45606892708333335 0.418920251953125 0.32765311197916663 0.4098085234375 0.37512439843749995 0.795971708984375 0.49837963802083335
0 0.427626623046875 0.2773112395833333 0.4201498125 0.32366545052083334 0.8051025078125 0.45751886718749996 0.812763126953125 0.4103949375 0.427626623046875 0.2773112395833333
0 0.81412644140625 0.40804045572916664 0.8264745078125 0.35117034635416666 0.42306605859375 0.1947899921875 0.409541822265625 0.2636418072916667 0.81412644140625 0.40804045572916664
0 0.431080146484375 0.12288935156250001 0.419864943359375 0.19242075520833335 0.827393732421875 0.3465962265625 0.838945537109375 0.284538953125 0.431080146484375 0.12288935156250001
0 0.84818314453125 0.252295796875 0.849091830078125 0.2346517109375 0.478824970703125 0.07743952864583332 0.47111833203125 0.12493738541666666 0.84203984375 0.2782905703125 0.84818314453125 0.252295796875
0 0.8458559140625 0.23185425520833333 0.854986712890625 0.19099348697916665 0.489013833984375 0.029171330729166667 0.48014229296875 0.07545898177083334 0.8458559140625 0.23185425520833333
0 0.493778958984375 0 0.490146978515625 0.016525908854166667 0.85785122265625 0.18588859375 0.86633784765625 0.16195676822916666 0.869749849609375 0.136886875 0.648830736328125 0.03553401041666667 0.549369685546875 0 0.493778958984375 0