0 0.044618435546875 0.35306265625000005 0.003693158203125 0.3624426171875 0.125458189453125 0.8914630989583333 0.154734373046875 0.8820566588541667 0.15791765625 0.8811544895833333 0.044618435546875 0.35306265625000005
0 0.080768787109375 0.345035953125 0.0453641484375 0.3517420052083333 0.16110094140625 0.8802523203125 0.19020792578125 0.8697845234375 0.193848634765625 0.86653409375 0.080768787109375 0.345035953125
0 0.126130595703125 0.33218001822916665 0.08408063671875 0.3440973463541667 0.196963068359375 0.8756352291666666 0.230387556640625 0.8661624375 0.235619908203125 0.8624609244791667 0.126130595703125 0.33218001822916665
0 0.27080523828125 0.8535984036458334 0.28018589453125 0.8498305338541666 0.172 0.32250816145833333 0.12979208984375 0.33336094010416667 0.238464796875 0.8594360364583333 0.248064822265625 0.8622618567708332 0.27080523828125 0.8535984036458334
0 0.206226169921875 0.26067056770833336 0.199640228515625 0.25588121875 0.172413109375 0.2624883125 0.1641479453125 0.26704935156250004 0.29779430859375 0.8559332604166667 0.32911955859375 0.8437274791666667 0.206226169921875 0.26067056770833336
0 0.3308803984375 0.8443377500000001 0.36618475390625 0.8310042552083333 0.243917990234375 0.2466604453125 0.204753552734375 0.2566506796875 0.3308803984375 0.8443377500000001
0 0.3697064375 0.8322248020833333 0.393581072265625 0.8254585234374999 0.27138316015625 0.23111140364583335 0.24767991796875 0.23782910937500001 0.3697064375 0.8322248020833333
0 0.39454609375 0.8262943359375 0.415068244140625 0.8193688697916667 0.29400455078125 0.22691892187499998 0.2733217109375 0.23167130989583332 0.39454609375 0.8262943359375
0 0.440584697265625 0.8176838359374999 0.4549094765625 0.8136240677083334 0.4654243515625 0.8117533723958333 0.474805005859375 0.8079855 0.359888509765625 0.20713752083333334 0.296575447265625 0.22619030729166667 0.416710060546875 0.8244501171874999 0.440584697265625 0.8176838359374999
0 0.412168796875 0.2533329114583333 0.3801995390625 0.2601746588541667 0.480952203125 0.79958746875 0.499306263671875 0.7999323177083334 0.51010936328125 0.7946520052083333 0.412168796875 0.2533329114583333
0 0.5325615546875 0.7893981692708333 0.54097719140625 0.7847944817708333 0.445424087890625 0.24279876041666668 0.4151828828125 0.2513693802083333 0.51391926953125 0.7924629322916666 0.519997615234375 0.7940682083333334 0.5325615546875 0.7893981692708333
0 0.563767779296875 0.7816633619791666 0.577635138671875 0.7799518515625 0.597530666015625 0.7743132864583333 0.60816456640625 0.7679716145833333 0.5233515703125 0.17855962760416666 0.451948994140625 0.19879574479166665 0.54893540234375 0.7825390546875001 0.563767779296875 0.7816633619791666
0 0.668328546875 0.7586857890625001 0.678674220703125 0.7557537343749999 0.612622537109375 0.1588060078125 0.5372921796875 0.17571804947916667 0.61274008984375 0.7700028020833334 0.64286226953125 0.7659031536458333 0.668328546875 0.7586857890625001
0 0.6989081484375 0.7522378828125 0.722951984375 0.7465329583333333 0.74762244140625 0.7395411354166667 0.762862068359375 0.7307848515625 0.714199423828125 0.13334616145833333 0.626327033203125 0.15492203385416667 0.684533193359375 0.7507653177083333 0.6989081484375 0.7522378828125
0 0.779962884765625 0.7337035026041666 0.8009926328125 0.7299621119791667 0.835551341796875 0.7223864921875 0.852551810546875 0.7142404765625 0.820382037109375 0.105471703125 0.72855580859375 0.12816812760416665 0.7682636171875 0.7281446953125 0.779962884765625 0.7337035026041666
0 0.861745931640625 0.7193999583333334 0.9141009296875 0.7034527812500001 0.892752931640625 0.07386805208333333 0.831142248046875 0.088001125 0.861745931640625 0.7193999583333334
0 0.966037689453125 0.21689036197916667 0.9408849375 0.059111166666666666 0.89976904296875 0.06966100260416667 0.923193361328125 0.7030945286458333 0.975598533203125 0.6926796875 0.966037689453125 0.21689036197916667