0 0.38325212890625 0.0136067890625 0.227270755859375 0.08899190624999999 0.230686361328125 0.10896529166666667 0.45021721875 0.0042223671875 0.38325212890625 0.0136067890625
0 0.48034708203125 0 0.456957396484375 0.0032778072916666667 0.230206919921875 0.11066864322916665 0.230429095703125 0.12127257291666667 0.23301551953125 0.13072709635416666 0.51000204296875 0 0.48034708203125 0
0 0.515533845703125 0 0.233206869140625 0.13315452604166667 0.232885818359375 0.1446526640625 0.2354722421875 0.1541071875 0.562248826171875 0.0019624114583333334 0.561932091796875 0 0.515533845703125 0
0 0.233616126953125 0.17727359114583333 0.563619099609375 0.02713091927083333 0.566143873046875 0.0202324453125 0.561896951171875 0.005284049479166667 0.231957759765625 0.15623586718750002 0.233393951171875 0.16666966406249997 0.233616126953125 0.17727359114583333
0 0.5704524453125 0.05153383854166666 0.566366048828125 0.030836375 0.233871259765625 0.1805101640625 0.23409343359375 0.19111409375 0.236552291015625 0.19895033072916668 0.5704524453125 0.05153383854166666
0 0.5756561171875 0.07861938541666667 0.5729750859375 0.06017921614583333 0.24313263671875 0.20457282031250001 0.243291029296875 0.21436760677083333 0.246293111328125 0.22130963541666668 0.5756561171875 0.07861938541666667
0 0.565845115234375 0.10208249479166666 0.5724254609375 0.10770498958333334 0.580061431640625 0.10336256249999999 0.57831664453125 0.08901396614583333 0.248976275390625 0.22420594531250002 0.251019474609375 0.2345546796875 0.565845115234375 0.10208249479166666
0 0.2338627265625 0.24268558333333334 0.23571244140625 0.26615073697916664 0.569707205078125 0.12771988541666665 0.565919455078125 0.10302556510416666 0.2338627265625 0.24268558333333334
0 0.54695555078125 0.16608579947916666 0.551587306640625 0.17034520052083335 0.577721607421875 0.15932002864583333 0.57486049609375 0.138595390625 0.24884230859375 0.26921922135416665 0.249383400390625 0.2838688671875 0.54695555078125 0.16608579947916666
0 0.549858755859375 0.19512989322916666 0.547701884765625 0.16776819791666667 0.24404789453125 0.2862527421875 0.2431198359375 0.2978359453125 0.24468359375 0.30988803125000003 0.549858755859375 0.19512989322916666
0 0.25778050390625 0.3203238723958333 0.259344259765625 0.332375953125 0.50768284765625 0.23621790104166665 0.505524822265625 0.22441250260416667 0.25778050390625 0.3203238723958333
0 0.246051734375 0.35060039322916664 0.249498166015625 0.3787502786458334 0.60885969921875 0.23512838802083333 0.60475513671875 0.20641504427083335 0.246051734375 0.35060039322916664
0 0.25010090625 0.40975291927083335 0.256613203125 0.44565397395833334 0.5576052265625 0.31675658333333334 0.548966869140625 0.277241078125 0.25010090625 0.40975291927083335
0 0.58641416015625 0.370803140625 0.5774579296875 0.32725516145833333 0.27418134375 0.46609828645833334 0.2797985390625 0.5062151874999999 0.581078654296875 0.37318701562499995 0.58641416015625 0.370803140625
0 0.277561857421875 0.5089828802083333 0.28190125390625 0.5484607708333333 0.591807048828125 0.41585996875 0.583106900390625 0.3755606067708333 0.277561857421875 0.5089828802083333
0 0.277491673828125 0.554805296875 0.28180024609375 0.5861066927083333 0.59688101953125 0.45687108072916666 0.5898422890625 0.4220772291666666 0.277491673828125 0.554805296875
0 0.282119162109375 0.59015240625 0.2870347421875 0.621368734375 0.603712232421875 0.49681785416666663 0.5961948828125 0.4637377890625 0.282119162109375 0.59015240625
0 0.281763021484375 0.6245617552083333 0.284952185546875 0.6650189192708333 0.592810513671875 0.55315709375 0.58310478515625 0.5078865807291667 0.281763021484375 0.6245617552083333
0 0.2793996015625 0.6724344296874999 0.28332333984375 0.7144248177083333 0.5983690234375 0.6081004166666667 0.58982579296875 0.5620062317708333 0.2793996015625 0.6724344296874999
0 0.282267716796875 0.724389734375 0.279679158203125 0.7304790651041667 0.278687318359375 0.7412531250000001 0.2789094921875 0.7518570546875 0.28146295703125 0.7686789322916666 0.284368296875 0.7821791718750001 0.6367561171875 0.7057992005208332 0.626237109375 0.6346406354166666 0.282267716796875 0.724389734375
0 0.640486373046875 0.7609060130208333 0.638284783203125 0.7407624947916666 0.63705747265625 0.717407609375 0.2818435234375 0.7890776458333333 0.279382533203125 0.7967852630208333 0.27918905078125 0.8099016875 0.2806252421875 0.820335484375 0.281581990234375 0.8324726328125 0.282890615234375 0.8412881458333333 0.287106712890625 0.8480600416666667 0.644955470703125 0.7864583359375 0.640486373046875 0.7609060130208333
0 0.561918673828125 0.8308183020833333 0.55894955078125 0.8165089192708334 0.2880634609375 0.8601971901041666 0.287839154296875 0.8651371171875 0.288699162109375 0.8838324765625 0.29297904296875 0.8914135182291667 0.298824814453125 0.8955027890624999 0.56859149609375 0.8609702890625001 0.5670585625 0.857094703125 0.5638651328125 0.8477252447916667 0.561918673828125 0.8308183020833333
0 0.56475596484375 0.8745971067708332 0.292369900390625 0.9070424375 0.288151669921875 0.9158143932291667 0.287159828125 0.9265884531249999 0.291215400390625 0.9391094192708334 0.29549528125 0.9466904583333333 0.572449318359375 0.9176953880208334 0.569735328125 0.9066225755208334 0.566159197265625 0.8923982578124999 0.56475596484375 0.8745971067708332
0 0.570560244140625 0.9482291484375001 0.570678376953125 0.9263713828125 0.287986876953125 0.952651171875 0.28849714453125 0.9591243177083334 0.289326326171875 0.9696431796875 0.29082630078125 0.9808861197916667 0.293412724609375 0.9903406458333334 0.297021814453125 0.9971976067708334 0.577537138671875 0.9749524973958333 0.573113708984375 0.9650510234374999 0.570560244140625 0.9482291484375001
0 0.51965292578125 1 0.578155638671875 0.9918014895833333 0.57722053515625 0.986007640625 0.366546673828125 1 0.51965292578125 1