0 0.43093975390625 0 0.712504615234375 0.14638749479166666 0.721963384765625 0.11642617447916666 0.499810599609375 0 0.43093975390625 0
0 0.429707111328125 0.0016391796875 0.419956828125 0.03272931770833334 0.7050627265625 0.17853742708333334 0.71141622265625 0.15060205989583333 0.429707111328125 0.0016391796875
0 0.418947662109375 0.029971393229166667 0.409437080078125 0.06346619270833333 0.698945251953125 0.20555886197916665 0.704476814453125 0.18413909375 0.418947662109375 0.029971393229166667
0 0.406687529296875 0.08744462760416666 0.399270822265625 0.11616419791666667 0.6813492265625 0.25369852604166665 0.688997154296875 0.22408359635416666 0.406687529296875 0.08744462760416666
0 0.398160927734375 0.12712771614583332 0.39074422265625 0.15584728385416666 0.664913458984375 0.28401395052083334 0.672268892578125 0.2588644921875 0.398160927734375 0.12712771614583332
0 0.38819612890625 0.15238283072916667 0.38128400390625 0.18248136197916667 0.65903568359375 0.31344004947916665 0.66638927734375 0.28829771354166667 0.38819612890625 0.15238283072916667
0 0.375607685546875 0.18446457291666665 0.370549740234375 0.20738321354166667 0.661622021484375 0.3467520520833333 0.66873420703125 0.31921166666666667 0.375607685546875 0.18446457291666665
0 0.36583222265625 0.21898507291666666 0.3596895625 0.24943687239583334 0.65338548828125 0.38197907812500004 0.659461025390625 0.3551200338541667 0.36583222265625 0.21898507291666666
0 0.358630033203125 0.25353966666666666 0.351213328125 0.28225923697916666 0.641566509765625 0.4144140859375 0.64867429296875 0.38689074739583335 0.358630033203125 0.25353966666666666
0 0.346546173828125 0.28700037239583337 0.340693580078125 0.31299611197916666 0.633115458984375 0.4438060911458333 0.639186921875 0.4169628203125 0.346546173828125 0.28700037239583337
0 0.336556189453125 0.31568584895833335 0.330199013671875 0.340302625 0.65010711328125 0.47799508854166667 0.654852328125 0.45628743229166663 0.336556189453125 0.31568584895833335
0 0.329934130859375 0.34132832291666665 0.325141068359375 0.36322126302083335 0.642955291015625 0.5056889583333334 0.648782701171875 0.48312358072916667 0.329934130859375 0.34132832291666665
0 0.324346421875 0.366298359375 0.319288474609375 0.38921700260416664 0.6358286484375 0.5299524713541667 0.640305564453125 0.5092837421874999 0.324346421875 0.366298359375
0 0.31774954296875 0.3885104739583333 0.3134610625 0.41178238020833335 0.62920658984375 0.5555949427083333 0.63551098828125 0.5311825364583334 0.31774954296875 0.3885104739583333
0 0.311127484375 0.4141529479166666 0.301036775390625 0.45655986718749997 0.625006716796875 0.6018536744791666 0.635017759765625 0.5630880963541667 0.311127484375 0.4141529479166666
0 0.297164267578125 0.45822390625 0.287868203125 0.49755373177083334 0.615206068359375 0.6398045338541667 0.62492435546875 0.6055054453125001 0.297164267578125 0.45822390625
0 0.599230029296875 0.6616740651041667 0.6008696875 0.6486591510416667 0.603219267578125 0.6362280651041666 0.295785451171875 0.5050721901041667 0.290590736328125 0.5051904921875 0.288726216796875 0.5105925260416667 0.28367383984375 0.5271268854166666 0.28150215234375 0.5385661328125 0.28094946875 0.5476749557291667 0.5897949921875 0.6848777838541666 0.5947522109375 0.6756805859375 0.599230029296875 0.6616740651041667
0 0.57190339453125 0.7541590807291666 0.589827384765625 0.6880852057291666 0.28080498828125 0.5482344270833334 0.26019452734375 0.6213782239583333 0.566466775390625 0.7585469583333334 0.57190339453125 0.7541590807291666
0 0.59080053125 0.8442936484375 0.597157708984375 0.8196768723958333 0.599087431640625 0.8022058958333332 0.60012884765625 0.791507546875 0.24799687890625 0.6352824661458333 0.242030494140625 0.6417217369791667 0.23601374609375 0.6550217291666667 0.230980982421875 0.6745100078125 0.225658154296875 0.6984543463541667 0.226881837890625 0.707047296875 0.580066265625 0.8691955 0.584733419921875 0.8644543593749999 0.59080053125 0.8442936484375
0 0.552796572265625 0.8581417083333333 0.231738326171875 0.7115715442708334 0.22615153515625 0.7165409270833334 0.222147267578125 0.7265928307291666 0.220571708984375 0.7308759166666667 0.220449115234375 0.7419551510416666 0.5405213671875 0.892343359375 0.54648775 0.8859040911458332 0.551760216796875 0.8688204713541667 0.552796572265625 0.8581417083333333
0 0.219124703125 0.7470836484375 0.207204998046875 0.7932400989583334 0.53600624609375 0.9464885130208334 0.54761028515625 0.8982215651041666 0.219124703125 0.7470836484375
0 0.521326439453125 1 0.532773193359375 0.9556749505208333 0.2014531328125 0.805514390625 0.189773126953125 0.8540755052083333 0.514988107421875 1 0.521326439453125 1