0 0.155638294921875 0.7237418489583334 0.184126931640625 0.7215142421874999 0.088191375 0.27989103125 0.048763873046875 0.28166333854166664 0.155638294921875 0.7237418489583334
0 0.21772280078125 0.7278173098958334 0.1268128359375 0.26391867708333333 0.113440412109375 0.26566544791666663 0.1071978671875 0.26655948697916665 0.08501381640625 0.2655265755208333 0.1848283203125 0.7286551119791667 0.186572109375 0.7299210442708333 0.197096478515625 0.7351498776041666 0.20514473828125 0.7331552135416667 0.21772280078125 0.7278173098958334
0 0.22684433203125 0.7187643984375001 0.244653587890625 0.7172242109375001 0.17368815625 0.27202478645833333 0.14516858984375 0.2754356953125 0.22684433203125 0.7187643984375001
0 0.206334654296875 0.2806530546875 0.17521495703125 0.28157349479166666 0.246788865234375 0.7374636067708332 0.27729826171875 0.7339794427083333 0.206334654296875 0.2806530546875
0 0.285534287109375 0.7167581770833333 0.30695496875 0.7130167369791667 0.256666509765625 0.29247421354166664 0.2282055859375 0.2952298385416667 0.285534287109375 0.7167581770833333
0 0.28240000390625 0.29367239322916666 0.257460869140625 0.2960653046875 0.3077183984375 0.7177910911458333 0.325700060546875 0.7140841692708334 0.28240000390625 0.29367239322916666
0 0.3270854453125 0.7246163932291667 0.35560501171875 0.721205484375 0.3163677578125 0.2857763098958333 0.282554955078125 0.2877560546875 0.3270854453125 0.7246163932291667
0 0.35373 0.283961828125 0.320773599609375 0.28716615104166665 0.35912346484375 0.722554046875 0.384189955078125 0.7194132734375001 0.35373 0.283961828125
0 0.3874571484375 0.7262426979166667 0.422095302734375 0.7266707447916666 0.3981261953125 0.29923288541666665 0.354214458984375 0.29938555208333334 0.3874571484375 0.7262426979166667
0 0.423901013671875 0.72557015625 0.454958732421875 0.7270162343750001 0.443012818359375 0.3011506901041667 0.397757267578125 0.29904354427083335 0.423901013671875 0.72557015625
0 0.474050876953125 0.2694240963541667 0.44296216796875 0.26916127864583334 0.4580743125 0.7437471302083334 0.48292053515625 0.7449039947916667 0.474050876953125 0.2694240963541667
0 0.48640799609375 0.7474357786458333 0.511223228515625 0.7497759427083334 0.508320685546875 0.27048885156249997 0.476682 0.27073130729166667 0.48640799609375 0.7474357786458333
0 0.5459273125 0.27277073697916665 0.513094873046875 0.27124202604166664 0.512997890625 0.7498585729166667 0.538762435546875 0.7498734557291667 0.5459273125 0.27277073697916665
0 0.6157811640625 0.2855008385416667 0.54818655078125 0.2882771171875 0.54393170703125 0.7560376927083333 0.59825527734375 0.7541350364583334 0.6157811640625 0.2855008385416667
0 0.60215680859375 0.7717804739583333 0.66170310546875 0.7709988645833333 0.694725498046875 0.2903612734375 0.62278708203125 0.2893811510416667 0.60215680859375 0.7717804739583333
0 0.666015916015625 0.7759385624999999 0.699673826171875 0.7798751119791666 0.746223595703125 0.29157437239583334 0.705373828125 0.2908570703125 0.666015916015625 0.7759385624999999
0 0.70056115625 0.7799164270833333 0.7333316171875 0.7838116588541667 0.7975667421875 0.2987037708333333 0.75402387109375 0.29904581510416667 0.70056115625 0.7799164270833333
0 0.74474331640625 0.7890818046875 0.782961962890625 0.7884919036458333 0.864440244140625 0.25561397395833335 0.81552430859375 0.25612927343749997 0.74474331640625 0.7890818046875
0 0.92395555078125 0.256015640625 0.870682791015625 0.2547199296875 0.7872129140625 0.7957980416666667 0.829751693359375 0.7948799192708332 0.92395555078125 0.256015640625
0 0.833324806640625 0.7991298020833333 0.8732561328125 0.8009890442708333 0.99041491015625 0.26266418229166666 0.9345418984375 0.2588779765625 0.833324806640625 0.7991298020833333