0 0.615313970703125 1 0.616475896484375 0.9926519583333334 0.338325130859375 0.9598772239583333 0.4506303125 1 0.615313970703125 1
0 0.6266941953125 0.9509541223958333 0.627046998046875 0.9400494453125 0.624826591796875 0.9282254453125001 0.276354994140625 0.8735898098958333 0.266465033203125 0.9342040833333334 0.3193841015625 0.9531102447916666 0.619968333984375 0.9889971614583333 0.6222048671875 0.9824424114583333 0.625651962890625 0.9652894296875 0.6266941953125 0.9509541223958333
0 0.62101371875 0.9060274661458334 0.628950140625 0.8573861953124999 0.261378689453125 0.7971524270833333 0.252124927734375 0.8477743203125 0.62101371875 0.9060274661458334
0 0.2722410859375 0.7385257838541667 0.264641298828125 0.7946411119791666 0.6328406640625 0.8563248828125 0.641931291015625 0.8076879921875001 0.2722410859375 0.7385257838541667
0 0.647302345703125 0.8026610755208333 0.656096466796875 0.7543262291666667 0.30927148046875 0.6821000104166667 0.29803450390625 0.742838359375 0.647302345703125 0.8026610755208333
0 0.672704001953125 0.6671113020833334 0.3205425859375 0.5805164322916666 0.304439927734375 0.6789425390625 0.654212666015625 0.7499763619791667 0.660278328125 0.7472408046875 0.66761594921875 0.7290265104166668 0.672839966796875 0.7076058359375 0.674510140625 0.6947205468750001 0.6738369140625 0.6797723671874999 0.672704001953125 0.6671113020833334
0 0.671907771484375 0.6619243125 0.686307927734375 0.6131410494791667 0.346155267578125 0.5186872395833334 0.334955669921875 0.5819888802083334 0.671907771484375 0.6619243125
0 0.351242814453125 0.4689211041666667 0.34537465234375 0.5072705677083333 0.68220379296875 0.5969671223958334 0.687377248046875 0.5664532395833334 0.351242814453125 0.4689211041666667
0 0.6894960859375 0.5652545677083333 0.696558607421875 0.5346856770833334 0.357677408203125 0.43690212239583337 0.35170244140625 0.46663396875 0.6894960859375 0.5652545677083333
0 0.69975972265625 0.5370549140624999 0.711143224609375 0.47126073697916665 0.328410951171875 0.3492312447916666 0.315480296875 0.4181496119791666 0.69975972265625 0.5370549140624999
0 0.71589151953125 0.470505796875 0.728928953125 0.4102050390625 0.34027552734375 0.27124772395833335 0.32995810546875 0.3461070546875 0.71589151953125 0.470505796875
0 0.728132720703125 0.405018046875 0.74140004296875 0.34357366666666667 0.352971109375 0.19499632291666666 0.34059600390625 0.264622140625 0.728132720703125 0.405018046875
0 0.38325385546875 0.16782052864583333 0.378075087890625 0.20273952083333333 0.742089466796875 0.3401430364583333 0.746737904296875 0.3113175078125 0.38325385546875 0.16782052864583333
0 0.749320263671875 0.31331120052083333 0.755463537109375 0.28731625260416666 0.389656650390625 0.13117204427083332 0.383483654296875 0.16667703645833332 0.749320263671875 0.31331120052083333
0 0.75272201953125 0.28266003385416666 0.762542244140625 0.23836863541666667 0.419359404296875 0.0887972421875 0.411652796875 0.1362949453125 0.75272201953125 0.28266003385416666
0 0.3869209765625 0.030634036458333333 0.380823015625 0.0701269921875 0.764947125 0.23555088020833334 0.769436435546875 0.20406266927083336 0.3869209765625 0.030634036458333333
0 0.3848034296875 0 0.383108119140625 0.008435976562500001 0.773326974609375 0.2030012786458333 0.780098173828125 0.17845642447916665 0.782626046875 0.16587755989583333 0.457920744140625 0 0.3848034296875 0
0 0.4719683125 0 0.7829173125 0.15985350520833333 0.783836537109375 0.15527938541666667 0.786762568359375 0.14529395052083333 0.788371216796875 0.13728920572916667 0.788423998046875 0.12400813541666666 0.582299158203125 0.011764567708333333 0.54936968359375 0 0.4719683125 0