0 0.11466033203125 0.8047962864583332 0.136237486328125 0.8017724869791666 0.072145736328125 0.36924416666666665 0.05130576171875 0.37361938541666667 0.11466033203125 0.8047962864583332
0 0.1373730546875 0.8023407135416667 0.15673578515625 0.798899875 0.08935075 0.3661057083333333 0.073314412109375 0.3690803880208333 0.1373730546875 0.8023407135416667
0 0.158977884765625 0.8065866744791667 0.18864647265625 0.8024289505208334 0.115333166015625 0.31518588541666664 0.083174017578125 0.3211473645833333 0.158977884765625 0.8065866744791667
0 0.19046256640625 0.8116301796875001 0.222288869140625 0.8071700729166666 0.146875919921875 0.30712869531250003 0.115815884765625 0.31439087239583335 0.19046256640625 0.8116301796875001
0 0.15407087890625 0.18392321354166666 0.1401591484375 0.18732751822916668 0.130783615234375 0.19155085416666665 0.129057984375 0.19179268229166668 0.225694212890625 0.8226948671875 0.236226912109375 0.8248556432291667 0.245936630859375 0.8234949322916667 0.256072359375 0.820619796875 0.267712953125 0.8160790390625 0.178345177734375 0.18052144010416668 0.1664777421875 0.18218452864583334 0.15407087890625 0.18392321354166666
0 0.284522833984375 0.21292048177083334 0.28239415625 0.206672515625 0.270526720703125 0.20833560677083332 0.252242849609375 0.21162525260416667 0.23719555078125 0.21446133072916665 0.2237665390625 0.217070625 0.209798099609375 0.21975551302083332 0.19558295703125 0.22465706249999998 0.2791557421875 0.802110265625 0.285543140625 0.8070340572916667 0.305672140625 0.8063952890625 0.322394435546875 0.8040518437499999 0.33534073046875 0.8022375651041668 0.34584575390625 0.7971285807291667 0.354306486328125 0.7937608098958333 0.354249775390625 0.7930413932291667 0.284522833984375 0.21292048177083334
0 0.4267600859375 0.785789328125 0.43527752734375 0.7831409765625 0.372648908203125 0.19620640104166667 0.36611905078125 0.19639412239583331 0.35694876171875 0.19767923958333333 0.3483178984375 0.1988887578125 0.339687037109375 0.20009827864583332 0.33051674609375 0.20138339322916665 0.318649310546875 0.20304648437499997 0.3024664453125 0.2053143359375 0.285576501953125 0.21059073177083332 0.357458673828125 0.7853180572916667 0.35904792578125 0.7916416197916667 0.365804623046875 0.7943315651041667 0.375684474609375 0.7951291067708333 0.385933623046875 0.7936928020833333 0.3999587734375 0.7917273307291667 0.408163626953125 0.7920322369791667 0.419434921875 0.7897253255208333 0.4267600859375 0.785789328125
0 0.439065525390625 0.20726504166666668 0.42174708984375 0.2089646640625 0.39596792578125 0.21403205729166666 0.37678863671875 0.21890191666666667 0.439150791015625 0.7825981796875 0.44704305859375 0.7858563489583333 0.460159482421875 0.7862003203125 0.472736478515625 0.7866198854166666 0.484603912109375 0.784956796875 0.49791950390625 0.7809086692708332 0.508963958984375 0.7757240911458334 0.452551248046875 0.20537516666666666 0.439065525390625 0.20726504166666668
0 0.58190027734375 0.7669575963541666 0.532699306640625 0.19123384114583333 0.52100200390625 0.19505518229166666 0.506437423828125 0.19709624739583334 0.48977183984375 0.20015911197916667 0.474724541015625 0.20299518489583335 0.46728595703125 0.2054923515625 0.458205751953125 0.20676484114583335 0.458285798828125 0.2089357161458333 0.514727544921875 0.7727342942708333 0.521427533203125 0.7747048229166666 0.53017181640625 0.7749341354166667 0.53993824609375 0.7742928411458333 0.54868252734375 0.7745221536458334 0.560549962890625 0.7728590651041666 0.573439544921875 0.7703253697916667 0.58190027734375 0.7669575963541666
0 0.569982056640625 0.13145676041666668 0.5345466171875 0.13715001041666666 0.5340671640625 0.13939929166666667 0.590048419921875 0.7665430885416668 0.624571869140625 0.7617050078125001 0.569982056640625 0.13145676041666668
0 0.615716005859375 0.16505268229166667 0.579864990234375 0.1722588984375 0.627241337890625 0.7540572682291667 0.631783609375 0.7563301744791667 0.641180744140625 0.7579227291666667 0.65412703515625 0.7561084505208333 0.664319474609375 0.7539527265625 0.669316791015625 0.7481608567708333 0.62613528515625 0.16577462760416667 0.6204574453125 0.1629334921875 0.615716005859375 0.16505268229166667
0 0.671447310546875 0.15942464583333335 0.668210736328125 0.15987821614583334 0.66659244921875 0.160105 0.658501017578125 0.16123892708333334 0.6493307265625 0.16252404166666667 0.63692386328125 0.1642627265625 0.627886068359375 0.16552927343749999 0.67085069140625 0.7399448932291667 0.67388809765625 0.7438834166666667 0.68328523046875 0.7454759713541667 0.69455652734375 0.7431690598958333 0.7075028203125 0.7413547786458333 0.71238671484375 0.7341240781249999 0.677862384765625 0.17161820052083332 0.67556357421875 0.16321198177083332 0.671447310546875 0.15942464583333335
0 0.7249637109375 0.734543640625 0.775613314453125 0.7267182916666667 0.737087501953125 0.1480438046875 0.67883180078125 0.16129924739583332 0.7249637109375 0.734543640625
0 0.778699439453125 0.7233763489583334 0.822506599609375 0.7186919895833334 0.784636359375 0.113740515625 0.73969221875 0.12367576302083333 0.778699439453125 0.7233763489583334
0 0.839618173828125 0.22314105989583333 0.793919001953125 0.23027265625 0.793964525390625 0.23899464583333332 0.821315681640625 0.7035842317708334 0.872078705078125 0.69719771875 0.839618173828125 0.22314105989583333
0 0.87985755078125 0.6990170572916666 0.933913859375 0.692896390625 0.9047756484375 0.2125552265625 0.846483421875 0.2258157890625 0.87985755078125 0.6990170572916666