0 0.085442474609375 0.771535609375 0.12905215234375 0.7826845833333334 0.194788640625 0.1767305 0.14132157421875 0.15946241666666666 0.085442474609375 0.771535609375
0 0.129551435546875 0.7852469479166667 0.176635125 0.79738040625 0.24735124609375 0.18951215104166666 0.19776341015625 0.17515271354166664 0.129551435546875 0.7852469479166667
0 0.29385245703125 0.198753875 0.250242708984375 0.18760494270833336 0.178187552734375 0.7990308489583334 0.224722958984375 0.8074190703125 0.29385245703125 0.198753875
0 0.23419549609375 0.8064309296875 0.260934419921875 0.8152194479166667 0.33517898046875 0.2697774817708333 0.304781431640625 0.2611625494791667 0.23419549609375 0.8064309296875
0 0.26298602734375 0.8194321432291667 0.296358349609375 0.8264692890625001 0.3740591015625 0.28399386458333337 0.337415259765625 0.27283212500000004 0.26298602734375 0.8194321432291667
0 0.300960890625 0.8374571406250001 0.328253689453125 0.8427712942708333 0.42514253125 0.22658803125000002 0.39502245703125 0.21895329947916667 0.300960890625 0.8374571406250001
0 0.45650146484375 0.23758741927083335 0.42957791015625 0.22995704947916665 0.336569435546875 0.8475489140625 0.361868888671875 0.8489497708333333 0.45650146484375 0.23758741927083335
0 0.365653869140625 0.84731871875 0.393630521484375 0.8540370729166668 0.483014412109375 0.3082168880208333 0.4512435859375 0.2990399140625 0.365653869140625 0.84731871875
0 0.396236046875 0.8547755026041667 0.424766619140625 0.85801959375 0.51624415234375 0.3189656614583333 0.483692736328125 0.311867578125 0.396236046875 0.8547755026041667
0 0.42787137109375 0.8613203671875 0.464533013671875 0.8705001276041666 0.5665073515625 0.28207883333333333 0.529346373046875 0.27033665625 0.42787137109375 0.8613203671875
0 0.609248509765625 0.29298161979166665 0.570165970703125 0.28190528645833335 0.465716197265625 0.8744667838541668 0.503098716796875 0.8836508489583333 0.609248509765625 0.29298161979166665
0 0.5072741640625 0.8814029531249999 0.58320308203125 0.9005010078125001 0.69425219921875 0.3108431015625 0.61364562109375 0.28817562239583333 0.5072741640625 0.8814029531249999
0 0.585808607421875 0.9012394375 0.662421375 0.9217416953124999 0.7821326484375 0.33574919010416665 0.701918201171875 0.3095615520833333 0.585808607421875 0.9012394375
0 0.830196326171875 0.33623320572916665 0.79111378515625 0.32515686979166664 0.667447798828125 0.9243766979166667 0.700820060546875 0.9314138281250001 0.830196326171875 0.33623320572916665
0 0.70379483203125 0.9298360416666666 0.736298626953125 0.9366270390625 0.86938085546875 0.3458331953125 0.83403956640625 0.33490154947916667 0.70379483203125 0.9298360416666666
0 0.92654544140625 0.36959156249999997 0.871829861328125 0.3540846901041667 0.741694306640625 0.93694575 0.793809267578125 0.9513978645833333 0.92654544140625 0.36959156249999997
0 0.798016845703125 0.9480663255208334 0.849258427734375 0.9625886380208333 0.986264078125 0.38295244270833334 0.931257150390625 0.36850603906249996 0.798016845703125 0.9480663255208334