0 0.14008529296875 0.6305294557291666 0.162216033203125 0.6347588098958333 0.201152400390625 0.21230227864583331 0.167825970703125 0.20277482291666668 0.14008529296875 0.6305294557291666
0 0.16541680078125 0.6371280390624999 0.189201146484375 0.6468511536458333 0.228449087890625 0.22308536197916665 0.199605232421875 0.21542680989583332 0.16541680078125 0.6371280390624999
0 0.271709470703125 0.23628414583333335 0.229852798828125 0.2250074765625 0.190226966796875 0.6508948437500001 0.22258783984375 0.6636820572916667 0.271709470703125 0.23628414583333335
0 0.3247156328125 0.2515441822916667 0.28674921484375 0.23920583072916668 0.242896791015625 0.65868028125 0.273530806640625 0.6678605520833334 0.3247156328125 0.2515441822916667
0 0.396758171875 0.2772825026041667 0.360277220703125 0.26670060677083335 0.3091656640625 0.6811300807291666 0.33918340234375 0.6918543854166667 0.396758171875 0.2772825026041667
0 0.43788055078125 0.278490859375 0.39928628125 0.2647024557291667 0.3391217109375 0.6967353333333333 0.372570037109375 0.7086852708333334 0.43788055078125 0.278490859375
0 0.37313624609375 0.7150163281249999 0.40767202734375 0.7261289869791666 0.478438275390625 0.29217765885416663 0.437022875 0.27818444010416665 0.37313624609375 0.7150163281249999
0 0.507580001953125 0.302166328125 0.47864976953125 0.2906048046875 0.4093873203125 0.7267418020833333 0.436331244140625 0.7381556874999999 0.507580001953125 0.302166328125
0 0.43591276171875 0.7411215000000001 0.459299216796875 0.7482508880208334 0.53768032421875 0.30929875520833333 0.509754953125 0.3004918697916667 0.43591276171875 0.7411215000000001
0 0.5892584921875 0.2982519791666667 0.544890548828125 0.28117509375 0.458088380859375 0.7588500572916667 0.49513548046875 0.7757629947916667 0.5892584921875 0.2982519791666667
0 0.516470197265625 0.7748048880208334 0.528267857421875 0.7736975078125 0.613177478515625 0.3484729401041667 0.58979103125 0.341343515625 0.505780466796875 0.7685343203125 0.516470197265625 0.7748048880208334
0 0.643256857421875 0.3543162395833333 0.617067728515625 0.3474112578125 0.52968815234375 0.7684954453125 0.553046072265625 0.7812018958333334 0.643256857421875 0.3543162395833333
0 0.575541619140625 0.7873288046875001 0.579431861328125 0.7862671614583333 0.67155934375 0.3625211875 0.6438846484375 0.3557662734375 0.556903158203125 0.7794441354166667 0.56861875 0.7897584895833334 0.575541619140625 0.7873288046875001
0 0.703583853515625 0.36974026822916667 0.67442367578125 0.3593223385416667 0.5775932421875 0.7954162604166667 0.605549662109375 0.8066997005208334 0.703583853515625 0.36974026822916667
0 0.604976375 0.8101022968749999 0.632191251953125 0.8210510234375 0.736023333984375 0.37881187239583336 0.703583853515625 0.36974026822916667 0.604976375 0.8101022968749999
0 0.768490583984375 0.3806717005208333 0.7410457578125 0.370866609375 0.6332788203125 0.8202137890625 0.660192580078125 0.8316137994791667 0.768490583984375 0.3806717005208333
0 0.6594062578125 0.8319997135416667 0.684844318359375 0.8472166328125 0.8014983359375 0.3900716953125 0.772151 0.3807536953125 0.6594062578125 0.8319997135416667
0 0.83350375 0.40022142968749996 0.804971478515625 0.39125357552083334 0.686559556640625 0.8478294270833334 0.711937912109375 0.8608847526041666 0.83350375 0.40022142968749996
0 0.7135447265625 0.8599217942708334 0.743898779296875 0.8781208151041667 0.871283421875 0.4352237421875 0.8319398203125 0.42172616927083334 0.7135447265625 0.8599217942708334
0 0.921718404296875 0.44154346093749997 0.877748416015625 0.4270602864583333 0.747329369140625 0.8793464453125001 0.788208703125 0.8989178098958334 0.921718404296875 0.44154346093749997
0 0.78952242578125 0.8980977708333334 0.827825111328125 0.9179107786458333 0.97241830078125 0.45517956510416663 0.929039236328125 0.44170744791666666 0.78952242578125 0.8980977708333334