0 0.11155469140625 0.8067542994791667 0.13353784375 0.8110255364583333 0.230667603515625 0.10947116927083334 0.21149151953125 0.10526551302083333 0.11155469140625 0.8067542994791667
0 0.135675197265625 0.8065630546875 0.15519490625 0.8081079869791666 0.250552677734375 0.11880412239583334 0.2329178125 0.11660170833333333 0.135675197265625 0.8065630546875
0 0.266009205078125 0.12719163281249998 0.25383231640625 0.123104171875 0.156775404296875 0.8107104765625 0.173194431640625 0.81365196875 0.266009205078125 0.12719163281249998
0 0.17689966015625 0.8159116770833333 0.195536359375 0.8173329401041666 0.285312181640625 0.12629379427083334 0.2707028828125 0.124277890625 0.17689966015625 0.8159116770833333
0 0.19818544140625 0.8177041796875 0.250191998046875 0.8261827916666666 0.33285496875 0.17092480208333335 0.28418430078125 0.15712029687499998 0.19818544140625 0.8177041796875
0 0.253631384765625 0.8278553229166666 0.307404009765625 0.8365815078125 0.38341090625 0.17816884375 0.3404204296875 0.1685726953125 0.253631384765625 0.8278553229166666
0 0.307496833984375 0.8354039713541667 0.37521248046875 0.8484651223958334 0.446588943359375 0.18555411197916669 0.38889483203125 0.17655635156250002 0.307496833984375 0.8354039713541667
0 0.51902790625 0.2019361015625 0.458469380859375 0.1886874609375 0.37865181640625 0.8501375677083334 0.44625980859375 0.8623931171875 0.51902790625 0.2019361015625
0 0.449109369140625 0.862392421875 0.477971240234375 0.870008640625 0.554238978515625 0.19016603125 0.52846033984375 0.184209859375 0.449109369140625 0.862392421875
0 0.48159621484375 0.8693260989583332 0.51143403515625 0.8758885442708334 0.58802726953125 0.19751959895833335 0.5609471796875 0.1911435546875 0.48159621484375 0.8693260989583332
0 0.612680265625 0.24839460416666667 0.587257720703125 0.24245091145833333 0.511805314453125 0.8711785677083334 0.543279009765625 0.8772985442708333 0.612680265625 0.24839460416666667
0 0.64005458203125 0.2522308125 0.616305236328125 0.24771209895833335 0.54350184765625 0.8768110286458333 0.57352530859375 0.8810184843750001 0.64005458203125 0.2522308125
0 0.706415578125 0.20319579427083334 0.6489251015625 0.196329640625 0.582541263671875 0.87990096875 0.642342712890625 0.8911812317708333 0.706415578125 0.20319579427083334
0 0.6450515703125 0.8910421015625 0.710815443359375 0.906210734375 0.768518263671875 0.21233938020833332 0.70994773046875 0.20369078645833336 0.6450515703125 0.8910421015625
0 0.806896533203125 0.2196581197916667 0.773248220703125 0.2161331796875 0.71276722265625 0.904103171875 0.754697162109375 0.910854234375 0.806896533203125 0.2196581197916667
0 0.7567335234375 0.9126456484375001 0.79451865234375 0.9203218229166666 0.84146130078125 0.2212522864583333 0.80708217578125 0.217303109375 0.7567335234375 0.9126456484375001
0 0.924155234375 0.2384716354166667 0.896781037109375 0.23463544270833334 0.8606538125 0.9307803984374999 0.890462794921875 0.9324988046875 0.924155234375 0.2384716354166667
0 0.896068255859375 0.9345528802083334 0.927857732421875 0.9390078255208333 0.951669166015625 0.24324298177083334 0.925828548828125 0.23989663541666664 0.896068255859375 0.9345528802083334