0 0.235249751953125 0.08107149739583333 0.194830158203125 0.10458991927083333 0.199235474609375 0.12507413802083334 0.3624735703125 0.032430375000000004 0.235249751953125 0.08107149739583333
0 0.447297189453125 0 0.37370151953125 0.028137625 0.19716422265625 0.12832919010416668 0.2118909453125 0.17854096354166668 0.530943470703125 0 0.447297189453125 0
0 0.538046779296875 0 0.214403326171875 0.18701206510416668 0.225536005859375 0.23448218750000002 0.565523779296875 0.0419829609375 0.5566024296875 0 0.538046779296875 0
0 0.57647436328125 0.0879931328125 0.5679084609375 0.048162666666666666 0.227004439453125 0.24131023697916668 0.241072947265625 0.281166640625 0.57647436328125 0.0879931328125
0 0.237647642578125 0.28650434375 0.246332859375 0.3225943333333333 0.58490453125 0.13210124479166666 0.574647814453125 0.09238616666666666 0.237647642578125 0.28650434375
0 0.595319296875 0.17561992968749998 0.586753412109375 0.13578954166666665 0.244751046875 0.3281255 0.257092373046875 0.3603790416666666 0.595319296875 0.17561992968749998
0 0.2547794140625 0.366165125 0.2622409453125 0.39656511197916666 0.60240104296875 0.21345802864583333 0.5927585390625 0.1765989765625 0.2547794140625 0.366165125
0 0.595361310546875 0.23595140885416666 0.58547634765625 0.22864645312499998 0.260289025390625 0.39607976822916663 0.2700196484375 0.429937203125 0.61012905078125 0.24877901562500002 0.606583328125 0.23658723697916664 0.595361310546875 0.23595140885416666
0 0.398236294921875 0.38890737760416666 0.41567216796875 0.37977792968749996 0.435060005859375 0.3711338958333333 0.4488367734375 0.3621718854166667 0.458835107421875 0.3571177135416667 0.469687009765625 0.35173711718749995 0.4833444453125 0.3465155078125 0.496512375 0.3390178932291667 0.507364294921875 0.3336373723958333 0.52187531640625 0.3280894140625 0.63369580859375 0.26922101822916666 0.6295228671875 0.24875378125 0.2629991875 0.43445426562499995 0.269601154296875 0.4565618020833333 0.2758150078125 0.44679652604166664 0.292761390625 0.4353911484375 0.30837074609375 0.43065488802083335 0.3245889140625 0.4244542421875 0.347635826171875 0.41564278125000004 0.37019326171875 0.40455530468749995 0.398236294921875 0.38890737760416666
0 0.279730845703125 0.46500472656249997 0.28596867578125 0.489714640625 0.62742773828125 0.3203815078125 0.6191844296875 0.2908854973958333 0.279730845703125 0.46500472656249997
0 0.632764453125 0.3497356354166667 0.626281865234375 0.32388776302083333 0.28780124609375 0.4939403125 0.292478998046875 0.5107511171875 0.632764453125 0.3497356354166667
0 0.305321111328125 0.605473828125 0.31461523046875 0.6400995651041667 0.66364222265625 0.5029464270833334 0.655776 0.46532754947916666 0.305321111328125 0.605473828125
0 0.313522861328125 0.64790659375 0.324768939453125 0.6830175807291666 0.6788337890625 0.549965984375 0.669714158203125 0.5129566848958333 0.313522861328125 0.64790659375
0 0.322333494140625 0.6888750286458333 0.33138290625 0.722362625 0.687335388671875 0.5948934036458333 0.679240943359375 0.5565831015625 0.322333494140625 0.6888750286458333
0 0.330780064453125 0.7324458984375001 0.34135158203125 0.7616225546875 0.687001275390625 0.6405896614583334 0.694432841796875 0.6278957473958333 0.686243080078125 0.6027005729166667 0.330780064453125 0.7324458984375001
0 0.342634935546875 0.7660924244791666 0.346914853515625 0.7816982708333334 0.700913087890625 0.6620800026041667 0.697369708984375 0.6415518411458333 0.342634935546875 0.7660924244791666
0 0.348747423828125 0.7859239427083334 0.3547405234375 0.8094958854166667 0.707773716796875 0.6892572421875 0.70250925 0.6654501197916667 0.348747423828125 0.7859239427083334
0 0.7148656328125 0.7186103229166667 0.709481361328125 0.6935740729166667 0.3523051328125 0.8153533151041666 0.360456380859375 0.841009890625 0.7148656328125 0.7186103229166667
0 0.728935169921875 0.7797366276041666 0.71743837890625 0.7348688697916667 0.3572119296875 0.8553510572916667 0.369346 0.8917934088541667 0.728935169921875 0.7797366276041666
0 0.369442912109375 0.9036328880208333 0.3821573515625 0.9455718671875001 0.73982908203125 0.8346875104166666 0.7295770625 0.7906403098958333 0.369442912109375 0.9036328880208333
0 0.744228390625 0.8465529374999999 0.739464927734375 0.8372898098958333 0.382891576171875 0.9489859296875 0.38965193359375 0.9625941796875 0.744228390625 0.8465529374999999
0 0.3833990625 0.9771182421875001 0.38584646875 0.9884983984375001 0.751636033203125 0.8743164114583334 0.746801166015625 0.8628114713541667 0.3833990625 0.9771182421875001
0 0.420484080078125 1 0.759428619140625 0.8916554427083333 0.754250693359375 0.8759737890625 0.39255582421875 0.9896280052083334 0.396454740234375 1 0.420484080078125 1
0 0.512471583984375 1 0.764159642578125 0.9177538463541667 0.759754326171875 0.8972696276041666 0.442867908203125 1 0.512471583984375 1