0 0.659277748046875 1 0.310161296875 0.9300037942708334 0.305980642578125 0.9534281901041667 0.4572741484375 1 0.659277748046875 1
0 0.710674521484375 1 0.717594376953125 0.954031578125 0.322277994140625 0.8705529479166666 0.31122626171875 0.9291165677083333 0.66388667578125 1 0.710674521484375 1
0 0.334528115234375 0.8050680833333334 0.3233429609375 0.86966571875 0.71582628125 0.9503861666666666 0.724845 0.89479215625 0.334528115234375 0.8050680833333334
0 0.724881515625 0.88756290625 0.731073302734375 0.8518034713541667 0.34474509375 0.7630885182291666 0.336591763671875 0.7984131822916667 0.724881515625 0.88756290625
0 0.355432265625 0.7106567239583333 0.347376572265625 0.7519174947916666 0.731073302734375 0.8518034713541667 0.74019394921875 0.8096555494791667 0.355432265625 0.7106567239583333
0 0.739262447265625 0.8045086927083333 0.751112212890625 0.7571258541666667 0.3648086796875 0.6530035651041667 0.354500751953125 0.7055099427083333 0.739262447265625 0.8045086927083333
0 0.37740312109375 0.5837684270833333 0.368880794921875 0.6382507005208333 0.754240810546875 0.7495838046875 0.762921021484375 0.6980448567708333 0.37740312109375 0.5837684270833333
0 0.770951392578125 0.6636017213541666 0.772816173828125 0.6423054921875 0.391649708984375 0.5225431927083334 0.381197205078125 0.5776462786458333 0.761432125 0.6922617916666667 0.767955369140625 0.6809046562500001 0.770951392578125 0.6636017213541666
0 0.3851971328125 0.4598062864583334 0.3749443671875 0.5137558098958334 0.778207271484375 0.6427499531249999 0.786131703125 0.5929376562500001 0.3851971328125 0.4598062864583334
0 0.78652988671875 0.5894212526041667 0.79491874609375 0.5409730625 0.395183892578125 0.4021297317708334 0.38619582421875 0.45403853906249997 0.78652988671875 0.5894212526041667
0 0.801108794921875 0.5368033385416667 0.809431337890625 0.4834746953125 0.38100800390625 0.3279157421875 0.371690119140625 0.38517770312500005 0.801108794921875 0.5368033385416667
0 0.393327779296875 0.26547697656249997 0.383141291015625 0.3243070182291667 0.810496318359375 0.48258755468750003 0.815757439453125 0.4258864322916667 0.393327779296875 0.26547697656249997
0 0.821148609375 0.4263308333333333 0.826608564453125 0.38427103125 0.441255666015625 0.22886408854166665 0.432063349609375 0.27861569270833336 0.821148609375 0.4263308333333333
0 0.448774806640625 0.17683871614583332 0.440385947265625 0.22528690625 0.8278732734375 0.38223040625 0.83643569140625 0.33714675 0.448774806640625 0.17683871614583332
0 0.835662951171875 0.3372426770833334 0.842187890625 0.29429573697916667 0.413370205078125 0.10761969791666666 0.40561447265625 0.15107619010416667 0.835662951171875 0.3372426770833334
0 0.4224245625 0.06059133333333333 0.41356993359375 0.10646621093750001 0.845183052734375 0.29278778125 0.851154169921875 0.25214311197916667 0.4224245625 0.06059133333333333
0 0.848446841796875 0.24762184635416665 0.856169341796875 0.2135486484375 0.43746422265625 0.019228966145833335 0.429346373046875 0.06272203385416666 0.848446841796875 0.24762184635416665
0 0.441645685546875 0 0.43906623046875 0.017113494791666666 0.855703599609375 0.21097534375000002 0.862212150390625 0.17670335156250003 0.49419051171875 0 0.441645685546875 0