0 0.314089396484375 0 0.31229799609375 0.022005085937500002 0.75231649609375 0.05947907291666666 0.755967787109375 0.006354653645833333 0.748001189453125 0.005695671875 0.50327254296875 0 0.314089396484375 0
0 0.752301001953125 0.06066272395833333 0.3122515078125 0.02555619270833333 0.31161925 0.07675460677083333 0.748986615234375 0.11031581510416666 0.752301001953125 0.06066272395833333
0 0.74740144140625 0.16356134114583334 0.75070033203125 0.1150918984375 0.3106353125 0.08116901302083333 0.308933556640625 0.13269021354166669 0.74740144140625 0.16356134114583334
0 0.308177787109375 0.1332101484375 0.305875220703125 0.17341439322916666 0.742517341796875 0.21310440364583336 0.74548626171875 0.1741732526041667 0.308177787109375 0.1332101484375
0 0.738047107421875 0.2675402890625 0.741377005859375 0.21670347135416668 0.306701115234375 0.1781698125 0.30287549609375 0.22240665885416666 0.738047107421875 0.2675402890625
0 0.306112263671875 0.22315014062500002 0.30451156640625 0.2775793125 0.73738077734375 0.31843902083333336 0.740695177734375 0.2687859296875 0.306112263671875 0.22315014062500002
0 0.3036392421875 0.276374921875 0.301443853515625 0.33176500000000003 0.733225015625 0.36452034375 0.734174865234375 0.3598062526041667 0.73474821875 0.31600965364583333 0.3036392421875 0.276374921875
0 0.300030400390625 0.34851821875 0.2973249375 0.41949836718750005 0.7305040546875 0.4366843020833333 0.732306173828125 0.36686705729166663 0.300030400390625 0.34851821875
0 0.72681775 0.514745921875 0.730395583984375 0.44497008593750004 0.292808177734375 0.4253135338541667 0.29186291796875 0.4975188203125 0.72681775 0.514745921875
0 0.290118208984375 0.4951100390625 0.289591341796875 0.5353555286458334 0.734235076171875 0.5587284921875 0.736568634765625 0.5161570286458333 0.290118208984375 0.4951100390625
0 0.7328513515625 0.5965860260416667 0.73512292578125 0.55874915625 0.28864148046875 0.5400696197916667 0.286400896484375 0.5755391927083333 0.7328513515625 0.5965860260416667
0 0.286307919921875 0.5826412447916667 0.283380966796875 0.6027020833333333 0.283927873046875 0.6287639765625 0.28531265625 0.6686805260416667 0.723760451171875 0.6804421484375 0.7283501015625 0.6012174635416666 0.286307919921875 0.5826412447916667
0 0.281547828125 0.6748865442708333 0.276896205078125 0.7588461432291668 0.719668333984375 0.7647400598958334 0.724524330078125 0.6899324791666667 0.281547828125 0.6748865442708333
0 0.71392575390625 0.8211156432291666 0.7119130234375 0.7713384921875001 0.273452185546875 0.8285851380208333 0.27790170703125 0.8855631796875 0.71392575390625 0.8211156432291666
0 0.71339888671875 0.8613611380208334 0.71380178515625 0.8305851510416667 0.27067487890625 0.8948673802083333 0.273099216796875 0.9301548958333333 0.71339888671875 0.8613611380208334
0 0.268356814453125 0.9362553541666667 0.27236220703125 0.969501953125 0.713904951171875 0.9065546276041667 0.713259421875 0.8720144557291666 0.268356814453125 0.9362553541666667
0 0.579468375 1 0.71589680859375 0.9782264791666666 0.714430775390625 0.9182196770833334 0.26511994140625 0.9799899635416667 0.265486015625 0.9946182213541667 0.49672739453125 1 0.579468375 1