0 0.23460476171875 0.0612336875 0.219723076171875 0.059350190104166665 0.2183940703125 0.06105624739583334 0.069963623046875 0.6596207161458333 0.0730974296875 0.6678238203125 0.088321546875 0.6755602187499999 0.102520408203125 0.6839933567708334 0.11615827734375 0.6841970937499999 0.265575298828125 0.07807366666666667 0.25162791796875 0.06860856770833333 0.23460476171875 0.0612336875
0 0.268522369140625 0.08733678125 0.266155630859375 0.08973417708333332 0.1220776953125 0.6844797239583333 0.132678478515625 0.6936358958333333 0.14608421484375 0.6983027057291666 0.155369572265625 0.7023253671875 0.30043408203125 0.10002086458333333 0.29681666015625 0.09731279166666668 0.279793501953125 0.08993791145833334 0.268522369140625 0.08733678125
0 0.36105975 0.037294552083333335 0.322172927734375 0.018165942708333334 0.32004941796875 0.019527799479166667 0.151365259765625 0.7222678723958333 0.190054251953125 0.7390289609375 0.36105975 0.037294552083333335
0 0.236984001953125 0.7570783411458333 0.40388846484375 0.05813089322916667 0.390192560546875 0.04763383333333333 0.3683597578125 0.0393161953125 0.366476208984375 0.03964110416666667 0.19649596875 0.7406787734375001 0.236984001953125 0.7570783411458333
0 0.246269359375 0.7611010026041667 0.26071969921875 0.7685021796874999 0.28443605078125 0.77649490625 0.451340515625 0.07754746093749999 0.424238876953125 0.062383591145833334 0.413501599609375 0.05773191927083333 0.411606919921875 0.05805200260416667 0.246269359375 0.7611010026041667
0 0.289330208984375 0.7774742760416666 0.322080443359375 0.7905216249999999 0.480047736328125 0.14931147656250002 0.446882548828125 0.13494344791666665 0.289330208984375 0.7774742760416666
0 0.35920253125 0.8031811614583333 0.5125658359375 0.1668219010416667 0.488307837890625 0.15403088020833333 0.48095684375 0.1531280546875 0.48033790234375 0.155141734375 0.325929998046875 0.788766625 0.35920253125 0.8031811614583333
0 0.359782865234375 0.8148416744791667 0.39408065625 0.8285594661458333 0.551235484375 0.1801518802083333 0.5157660390625 0.16478558333333335 0.359782865234375 0.8148416744791667
0 0.589150697265625 0.19657774479166668 0.554213146484375 0.18258279166666666 0.553073208984375 0.186652578125 0.398452513671875 0.8281716510416667 0.43224734765625 0.8439533697916667 0.589150697265625 0.19657774479166668
0 0.64484350390625 0.2172826015625 0.6026828203125 0.197876578125 0.600989529296875 0.19714300260416665 0.44615604296875 0.8465562526041667 0.489739193359375 0.8642967109374999 0.64484350390625 0.2172826015625
0 0.6546511640625 0.22267244791666665 0.4974576484375 0.8642178203125 0.504189533203125 0.8716978854166667 0.52198646875 0.8794079843749999 0.53924176171875 0.8823197942708334 0.696957576171875 0.24214160937499998 0.67295105859375 0.228318625 0.656357884765625 0.22341184635416667 0.6546511640625 0.22267244791666665
0 0.5463798828125 0.8705803906249999 0.586094134765625 0.8866447369791667 0.7336927734375 0.2774517213541667 0.694902673828125 0.2583650130208333 0.5463798828125 0.8705803906249999
0 0.594876537109375 0.8927313255208333 0.638188865234375 0.9080726354166666 0.785787501953125 0.29887961458333334 0.778301181640625 0.2944954375 0.760755724609375 0.28575337500000003 0.741863474609375 0.27985057291666665 0.74117909375 0.28183590364583333 0.594876537109375 0.8927313255208333
0 0.8125409453125 0.29791990625000003 0.797782314453125 0.2926669895833333 0.64540436328125 0.9100576666666668 0.669372193359375 0.9170184322916667 0.8231223828125 0.30364497395833334 0.8125409453125 0.29791990625000003
0 0.70239325 0.9324649322916666 0.852545361328125 0.3198145078125 0.856897875 0.31599558072916667 0.831566056640625 0.30502117447916666 0.829815580078125 0.3042628203125 0.6771293359375 0.9238017604166666 0.70239325 0.9324649322916666
0 0.715004625 0.9413512395833333 0.741333720703125 0.9481940572916666 0.870361625 0.42222847135416663 0.84712888671875 0.40874071093750003 0.7127232109375 0.9392219609375 0.715004625 0.9413512395833333
0 0.883322435546875 0.43925253124999997 0.871141267578125 0.4305526015625 0.86987801171875 0.4277235052083333 0.7446222890625 0.9382096536458334 0.757002765625 0.943573203125 0.883322435546875 0.43925253124999997
0 0.906245673828125 0.3978425520833333 0.898730751953125 0.394586890625 0.8966894921875 0.3914207421875 0.7588018046875 0.9432116848958333 0.769383244140625 0.94893675 0.906245673828125 0.3978425520833333
0 0.92636394921875 0.40655831770833334 0.908269892578125 0.3975785859375 0.77145310546875 0.9509743802083334 0.78462670703125 0.9601042578125 0.7928481171875 0.9579614427083333 0.92636394921875 0.40655831770833334
0 0.802404298828125 0.96438325 0.81118669921875 0.9704698333333334 0.950331783203125 0.4135190833333333 0.9412796640625 0.40959746874999997 0.802404298828125 0.96438325
0 0.83258171484375 0.9774568984375 0.969173322265625 0.42396355208333336 0.964530642578125 0.42195222135416666 0.952115267578125 0.4142917369791667 0.811689658203125 0.9684059088541667 0.824592435546875 0.9751366432291667 0.83258171484375 0.9774568984375