0 0.112623728515625 0.16299611718749998 0.11300425390625 0.1485285625 0.053930712890625 0.14386878645833334 0.052854701171875 0.14922309375 0.092857376953125 0.726594328125 0.134930142578125 0.7393787864583333 0.108062458984375 0.16473657291666668 0.112623728515625 0.16299611718749998
0 0.145146548828125 0.7430287578125 0.144668662109375 0.7495981041666666 0.1554603203125 0.7545769375 0.1918779453125 0.76197096875 0.159776380859375 0.17984213802083335 0.1671165390625 0.17684779166666667 0.16759442578125 0.1702784453125 0.110313224609375 0.16666404166666668 0.145146548828125 0.7430287578125
0 0.1944682578125 0.18324958072916667 0.189542365234375 0.1826130755208333 0.17455405859375 0.18175165364583334 0.16071625390625 0.1835479609375 0.195370177734375 0.7823155130208334 0.22193601953125 0.7884365364583333 0.1944682578125 0.18324958072916667
0 0.226748646484375 0.7980193489583334 0.265313279296875 0.8073037786458334 0.27347531640625 0.1002647734375 0.221198859375 0.09282166145833333 0.226748646484375 0.7980193489583334
0 0.269915279296875 0.8179346875000001 0.308901166015625 0.8251229244791666 0.33461976953125 0.11873954427083333 0.281207431640625 0.10864392447916667 0.269915279296875 0.8179346875000001
0 0.317124564453125 0.8303075546875 0.3581034609375 0.8359611328125 0.388888001953125 0.2594491432291667 0.335910314453125 0.25063215625 0.317124564453125 0.8303075546875
0 0.36276209375 0.8421188854166667 0.401958607421875 0.8482590286458334 0.443956060546875 0.2746296796875 0.392339501953125 0.26742232552083334 0.36276209375 0.8421188854166667
0 0.47619294140625 0.269296609375 0.4682326875 0.26757603125 0.45591412109375 0.26542172395833336 0.447455677734375 0.2623998125 0.4056773671875 0.8507109583333333 0.429828943359375 0.8604628333333334 0.47619294140625 0.269296609375
0 0.52746273046875 0.36624779947916664 0.48909834375 0.3570349114583333 0.433701701171875 0.8663398229166667 0.460842791015625 0.8737897057291667 0.46922716015625 0.8194944765625 0.52746273046875 0.36624779947916664
0 0.45693823046875 0.9016017526041668 0.48900521484375 0.9096881432291667 0.56936559765625 0.39245171875 0.531012125 0.3832427265625 0.45693823046875 0.9016017526041668
0 0.492415986328125 0.9052899583333334 0.51698881640625 0.9129456406249999 0.60585576171875 0.37852808072916666 0.576367505859375 0.3713629817708333 0.492415986328125 0.9052899583333334
0 0.54203953515625 0.9140319739583332 0.636772244140625 0.38395674218750003 0.608845275390625 0.37622609114583333 0.51794458984375 0.8998069479166667 0.524385607421875 0.905478140625 0.54203953515625 0.9140319739583332
0 0.543691484375 0.9191155442708333 0.571351193359375 0.9323674479166667 0.674898453125 0.39196119270833335 0.641205388671875 0.3799238203125 0.543691484375 0.9191155442708333
0 0.57418671484375 0.9266404010416666 0.605411189453125 0.9389191770833333 0.725267150390625 0.388612609375 0.685661822265625 0.3767096822916667 0.57418671484375 0.9266404010416666
0 0.74014219140625 0.39842033593750004 0.72962544140625 0.3969097552083333 0.606561689453125 0.94157690625 0.638361412109375 0.9551845442708333 0.768279787109375 0.40510289322916665 0.74014219140625 0.39842033593750004
0 0.7157418203125 1 0.88240192578125 0.43239464843750003 0.879412412109375 0.43469663541666664 0.86390548828125 0.42803319791666666 0.85190669921875 0.42486979166666666 0.83362088671875 0.4194602473958333 0.80925868359375 0.41075647135416665 0.7946916328125 0.40779885677083333 0.78317073046875 0.3980661015625 0.644500357421875 1 0.7157418203125 1
0 0.803525841796875 1 0.993486845703125 0.5125219427083333 0.9149127890625 0.48108009635416665 0.732447185546875 1 0.803525841796875 1