0 0.799975130859375 0.7851681901041667 0.855386931640625 0.7896512265625 0.922201416015625 0.25270692708333337 0.86057306640625 0.24651444270833334 0.799975130859375 0.7851681901041667
0 0.799173462890625 0.7860650598958333 0.859835990234375 0.2464284609375 0.798656259765625 0.23929175 0.7424163984375 0.7794442604166667 0.799173462890625 0.7860650598958333
0 0.70219810546875 0.769800671875 0.736842046875 0.7738419427083333 0.787604486328125 0.28710983854166666 0.748321279296875 0.28195078385416666 0.70219810546875 0.769800671875
0 0.652618634765625 0.766988375 0.6975820625 0.7722334296875001 0.743552611328125 0.26127604947916666 0.6934622890625 0.25772379166666665 0.652618634765625 0.766988375
0 0.64906213671875 0.7645926640625 0.6898411953125 0.25631096875 0.639569546875 0.25241390885416665 0.6033616328125 0.7592616302083334 0.64906213671875 0.7645926640625
0 0.586122537109375 0.7503176979166667 0.600449978515625 0.747036953125 0.62978580078125 0.32259665364583334 0.59059030859375 0.3200052760416667 0.563336826171875 0.7466693203125 0.572919134765625 0.7477871119791667 0.586122537109375 0.7503176979166667
0 0.555514291015625 0.7526897786458333 0.563207837890625 0.7486351145833333 0.59261956640625 0.24584790364583334 0.546041294921875 0.24052690364583332 0.5216720234375 0.7477515729166666 0.539906076171875 0.7528498958333333 0.555514291015625 0.7526897786458333
0 0.49782666796875 0.7489316536458334 0.505262232421875 0.7488086380208333 0.518852501953125 0.7454418359375 0.544373658203125 0.24330364062499998 0.49741240625 0.24018791145833332 0.47792477734375 0.7466100651041666 0.4873781953125 0.7496936588541666 0.49782666796875 0.7489316536458334
0 0.476745455078125 0.7306257239583333 0.494416525390625 0.30284392187500003 0.442963953125 0.29810005729166666 0.431524046875 0.7293123177083333 0.476745455078125 0.7306257239583333
0 0.425498240234375 0.7305902369791667 0.441151466796875 0.29960172916666666 0.390866029296875 0.29529039583333333 0.378996119140625 0.7261560807291666 0.425498240234375 0.7305902369791667
0 0.35069133984375 0.7387010546875 0.372998 0.7383318697916667 0.389148703125 0.2658037057291667 0.3588628828125 0.2632612552083333 0.35069133984375 0.7387010546875
0 0.3454671015625 0.7390820911458333 0.357453171875 0.262106375 0.327043013671875 0.25952577083333334 0.320341076171875 0.7371414869791666 0.3454671015625 0.7390820911458333
0 0.281237712890625 0.7444651171875 0.316747720703125 0.7466265729166667 0.327231896484375 0.25858101562499997 0.28569704296875 0.25470269791666666 0.281237712890625 0.7444651171875
0 0.277837796875 0.7510014114583333 0.280121681640625 0.25209511979166666 0.243874546875 0.2498476875 0.239987513671875 0.750547859375 0.277837796875 0.7510014114583333
0 0.2220758359375 0.740535015625 0.238421126953125 0.7404608776041667 0.240133873046875 0.30685580729166667 0.220296576171875 0.3035513359375 0.2220758359375 0.740535015625
0 0.21791009375 0.2606847942708333 0.1868871953125 0.2580563463541667 0.189450224609375 0.7379786197916666 0.218454791015625 0.7391222291666667 0.21791009375 0.2606847942708333
0 0.17890803125 0.2551447239583333 0.14419959765625 0.2520863515625 0.147253123046875 0.7461268333333333 0.180217498046875 0.7445659791666667 0.17890803125 0.2551447239583333