0 0.117941716796875 0.7945255859375 0.17407158984375 0.7932192499999999 0.17075351171875 0.2289744140625 0.11303465234375 0.2270620234375 0.117941716796875 0.7945255859375
0 0.189456625 0.7874350130208333 0.23827941015625 0.7873839765625 0.2321374296875 0.19390352083333331 0.182599091796875 0.19397121614583335 0.189456625 0.7874350130208333
0 0.24397374609375 0.7872514479166667 0.298505068359375 0.7881527864583333 0.291535408203125 0.19360636197916667 0.241198119140625 0.1936926484375 0.24397374609375 0.7872514479166667
0 0.330464736328125 0.24587684635416665 0.29803784765625 0.245546296875 0.30906605859375 0.7868217630208334 0.339164685546875 0.786121265625 0.341576708984375 0.7838946588541668 0.330464736328125 0.24587684635416665
0 0.344901626953125 0.7892434505208333 0.37664141015625 0.7895899921875 0.365458421875 0.24614765625 0.333853890625 0.24579796875 0.344901626953125 0.7892434505208333
0 0.420476556640625 0.22207726822916665 0.366916435546875 0.2222385625 0.381508064453125 0.7883914947916667 0.3921400703125 0.7924849895833334 0.431986208984375 0.7904724010416667 0.420476556640625 0.22207726822916665
0 0.497490876953125 0.13780704427083332 0.426035 0.13729959375 0.4363234453125 0.8109909166666666 0.438792279296875 0.8131039296874999 0.512776021484375 0.8081263697916666 0.497490876953125 0.13780704427083332
0 0.598219447265625 0.8083082786458333 0.5829201015625 0.136904046875 0.5731725859375 0.138216140625 0.548768294921875 0.13878411197916665 0.52844558984375 0.14034232552083334 0.50991486328125 0.14077359895833333 0.52176687109375 0.8111728255208334 0.598219447265625 0.8083082786458333
0 0.62354362109375 0.8088041328125 0.627582595703125 0.8065396614583333 0.608694845703125 0.23397530468750002 0.590091490234375 0.2344082682291667 0.607217283203125 0.8048431640625 0.608886841796875 0.8080600104166668 0.62354362109375 0.8088041328125
0 0.632328271484375 0.23668097916666667 0.613744966796875 0.2381987109375 0.63082230078125 0.8053790286458334 0.648704578125 0.8038776119791667 0.6527577578125 0.8026980442708332 0.632328271484375 0.23668097916666667
0 0.671904556640625 0.21405521093750002 0.635416017578125 0.214904421875 0.655183984375 0.8015563463541667 0.66010744921875 0.8046974635416667 0.695072732421875 0.8027984661458333 0.671904556640625 0.21405521093750002
0 0.70073866015625 0.8004961328125 0.75197346875 0.7982184869791666 0.731274130859375 0.21158824218750003 0.682580943359375 0.21163626562500001 0.70073866015625 0.8004961328125
0 0.7861962890625 0.8017629453125 0.808945220703125 0.7990630286458332 0.797993396484375 0.21112069270833334 0.796338037109375 0.20898874999999997 0.77273301953125 0.2084528828125 0.748488873046875 0.21010236197916665 0.759351568359375 0.8023877135416666 0.7861962890625 0.8017629453125
0 0.81550984375 0.8032511875 0.83182198046875 0.8061272526041666 0.850517734375 0.8046069010416667 0.86922769140625 0.8041714583333334 0.87117786328125 0.20724696875 0.817651513671875 0.2084927109375 0.813854484375 0.8011192447916667 0.81550984375 0.8032511875
0 0.915666857421875 0.8085168359375 0.928625669921875 0.8038742994791667 0.93869640625 0.20567558333333333 0.882745765625 0.20697774479166667 0.8765631796875 0.8050859713541666 0.892875318359375 0.8079620364583334 0.915666857421875 0.8085168359375