0 0.27454696484375 1 0.279361314453125 0.9985986171875 0.186753904296875 0.45371489843749996 0.1523334765625 0.4660991666666667 0.2485590859375 1 0.27454696484375 1
0 0.255068095703125 0.4380474739583333 0.225346466796875 0.4454876015625 0.279580615234375 0.9899841718750001 0.314403767578125 0.9802639270833334 0.255068095703125 0.4380474739583333
0 0.322234166015625 0.9587212864583333 0.3622919765625 0.9527259322916667 0.32269484375 0.4228872161458333 0.276174455078125 0.4334713854166667 0.322234166015625 0.9587212864583333
0 0.33178898828125 0.31492419791666665 0.313052359375 0.3174922734375 0.36702256640625 0.9682365572916667 0.388782970703125 0.9635891718749999 0.33178898828125 0.31492419791666665
0 0.38941786328125 0.9705533359374999 0.419139494140625 0.9631132083333332 0.365181328125 0.2883853203125 0.334597296875 0.2956871770833333 0.38941786328125 0.9705533359374999
0 0.408901431640625 0.27708683854166666 0.37853533203125 0.2810805338541667 0.419358794921875 0.9544987630208334 0.44989641015625 0.9513244505208333 0.408901431640625 0.27708683854166666
0 0.455328224609375 0.9413209114583333 0.4968920078125 0.9384856380208334 0.459644484375 0.3737314401041667 0.423713134765625 0.38076333854166666 0.455328224609375 0.9413209114583333
0 0.505124310546875 0.3610205833333333 0.468295638671875 0.36960313020833335 0.5052992421875 0.9198277734375 0.54449323046875 0.9190004921875 0.505124310546875 0.3610205833333333
0 0.56000519140625 0.9040819270833333 0.59467901953125 0.8986562265625001 0.542002271484375 0.24504145572916666 0.5132309765625 0.25124559375 0.56000519140625 0.9040819270833333
0 0.57603383203125 0.23128764062499998 0.5488966953125 0.23786858593750002 0.5951131796875 0.891190453125 0.627802935546875 0.8854719557291667 0.57603383203125 0.23128764062499998
0 0.605296705078125 0.28501149739583337 0.585698578125 0.28786596875 0.630869943359375 0.8719822135416666 0.65504830859375 0.8697048515625 0.605296705078125 0.28501149739583337
0 0.6571432578125 0.8705693385416667 0.68040233203125 0.8677181432291667 0.62785704296875 0.27218518229166666 0.60831548828125 0.27668658333333335 0.6571432578125 0.8705693385416667
0 0.6740512578125 0.15843537760416668 0.620853423828125 0.17245964322916665 0.682127634765625 0.8622635989583333 0.7398480625 0.8549336953125 0.6740512578125 0.15843537760416668
0 0.74458516796875 0.8488218255208334 0.80273287109375 0.8416936197916667 0.730916638671875 0.12976936979166667 0.674702458984375 0.14723683854166666 0.74458516796875 0.8488218255208334
0 0.793421125 0.013812611979166667 0.750132083984375 0.0221023515625 0.830089248046875 0.8531149973958333 0.875302767578125 0.8480744557291667 0.793421125 0.013812611979166667
0 0.825441265625 0 0.896626205078125 0.8397654817708333 0.931731888671875 0.8317557604166667 0.864210248046875 0 0.825441265625 0