0 0.5627534765625 1 0.855268794921875 0.8657051979166667 0.905321078125 0.8417967473958333 0.905967396484375 0.8152062083333332 0.89813481640625 0.7812394765625 0.8798151953125 0.732749375 0.472616982421875 0.9227564453125 0.491918953125 1 0.5627534765625 1
0 0.88651665625 0.7289773697916666 0.867121099609375 0.6502357838541667 0.416484904296875 0.85086396875 0.434377798828125 0.9276114635416667 0.88651665625 0.7289773697916666
0 0.865152802734375 0.6498873072916667 0.84633544921875 0.5733844375 0.398329025390625 0.7720227994791666 0.41587915625 0.8448816901041667 0.865152802734375 0.6498873072916667
0 0.381286140625 0.6854710703125 0.398135220703125 0.7616255416666666 0.84237124609375 0.5689440338541667 0.824598796875 0.49094002343750004 0.381286140625 0.6854710703125
0 0.825466947265625 0.4853024114583333 0.808906931640625 0.41026727343749997 0.36158346484375 0.6057371484374999 0.379551705078125 0.6787548541666667 0.825466947265625 0.4853024114583333
0 0.341627875 0.5246298020833333 0.359867115234375 0.598893921875 0.80636052734375 0.40768020833333335 0.790048345703125 0.32915503385416667 0.341627875 0.5246298020833333
0 0.78801077734375 0.31844164583333334 0.772840931640625 0.24151631770833334 0.34592003515625 0.42124013541666666 0.366074755859375 0.5031461328125 0.78801077734375 0.31844164583333334
0 0.33202985546875 0.32745008593749997 0.35087483984375 0.407696484375 0.769399654296875 0.23182750260416665 0.75422614453125 0.16244546614583333 0.33202985546875 0.32745008593749997
0 0.75501419921875 0.14702946614583332 0.735769669921875 0.050689281249999996 0.282971912109375 0.22476398958333332 0.30812126953125 0.3221493776041667 0.75501419921875 0.14702946614583332
0 0.57207023046875 0 0.25764462890625 0.12326837760416666 0.28152651953125 0.21916702864583334 0.732066939453125 0.043624585937499995 0.723294720703125 0 0.57207023046875 0
0 0.437246521484375 0 0.270857806640625 0.07638963802083333 0.27878511328125 0.11399815625 0.567500345703125 0 0.437246521484375 0