0 0.483627150390625 0 0.27939937890625 0.023823486979166666 0.2214516484375 0.04212544791666667 0.22697310546875 0.1013732890625 0.590319392578125 0 0.483627150390625 0
0 0.63035932421875 0.07391865625 0.626542046875 0.01574308854166667 0.2404100625 0.11940684374999999 0.244796962890625 0.16136392447916667 0.24853615234375 0.1685503515625 0.63035932421875 0.07391865625
0 0.633803212890625 0.1388535703125 0.630868625 0.08168045572916667 0.2456478828125 0.17433199479166664 0.250916396484375 0.2172751796875 0.255395380859375 0.2232863645833333 0.633803212890625 0.1388535703125
0 0.25724855859375 0.27642845312500003 0.635554783203125 0.202896953125 0.636821646484375 0.19730445052083334 0.632621232421875 0.14573965104166667 0.2492642890625 0.22944628645833332 0.254249162109375 0.26806678125 0.25724855859375 0.27642845312500003
0 0.3009250390625 0.28222296354166665 0.304430322265625 0.3231939453125 0.616086197265625 0.26723780989583334 0.61305221875 0.22099976041666666 0.3009250390625 0.28222296354166665
0 0.3013293203125 0.3257335703125 0.305118244140625 0.37102723958333333 0.621253103515625 0.32108228906249997 0.618817927734375 0.2715202526041667 0.3013293203125 0.3257335703125
0 0.306070767578125 0.373094015625 0.3082689765625 0.406594859375 0.614431947265625 0.36652470052083336 0.614186322265625 0.32543203125000003 0.306070767578125 0.373094015625
0 0.615119869140625 0.4143579947916667 0.611189126953125 0.3669029791666667 0.28077590625 0.41089091406249995 0.28128179296875 0.44350022656250004 0.28294341796875 0.45637372395833337 0.615119869140625 0.4143579947916667
0 0.686613275390625 0.43324178125 0.684809830078125 0.4182069375 0.279669900390625 0.46873397135416667 0.279112138671875 0.48513319791666665 0.279294173828125 0.5003571796875 0.282648119140625 0.5141222135416667 0.284978626953125 0.5247397994791666 0.689591494140625 0.4786300234375 0.68856805859375 0.47548257552083334 0.687818744140625 0.45161321354166667 0.686613275390625 0.43324178125
0 0.287481654296875 0.5255367604166666 0.2926792578125 0.5673992734375001 0.655317478515625 0.541431125 0.65221707421875 0.49418074739583334 0.287481654296875 0.5255367604166666
0 0.67484531640625 0.5402421145833333 0.3058632734375 0.5691281666666667 0.30445458984375 0.572559328125 0.30177905078125 0.581582984375 0.30418046875 0.5932812421875 0.307321685546875 0.6038042578125 0.678350599609375 0.5812130963541667 0.67813787109375 0.5779710807291667 0.675452810546875 0.5619501328125 0.67484531640625 0.5402421145833333
0 0.2946340390625 0.6096400651041667 0.297683166015625 0.6561089791666667 0.6629355390625 0.6450811067708333 0.659602771484375 0.5942895026041667 0.2946340390625 0.6096400651041667
0 0.29958821875 0.6602425286458333 0.30147208984375 0.7014026510416667 0.66676467578125 0.7034374140624999 0.663360998046875 0.6515651406249999 0.29958821875 0.6602425286458333
0 0.6794716171875 0.7227952317708333 0.679373865234375 0.7088557161458334 0.303457828125 0.7067658958333333 0.299900671875 0.7148034505208334 0.30103523046875 0.7320942109374999 0.30357846875 0.7459538098958333 0.30805745703125 0.7519649947916666 0.6840003359375 0.7669136614583333 0.6805045703125 0.7509872838541667 0.68032253515625 0.7357633020833334 0.6794716171875 0.7227952317708333
0 0.3047839375 0.7643252421875001 0.311723595703125 0.84518653125 0.703748279296875 0.8811270546875 0.698576849609375 0.7774145807291667 0.3047839375 0.7643252421875001
0 0.672503349609375 0.9817871354166666 0.7117692109375 0.9772067109374999 0.706889494140625 0.8916500703125 0.314864810546875 0.8557095442708333 0.323496787109375 0.9374623671875 0.672503349609375 0.9817871354166666
0 0.5163728515625 1 0.61298712890625 0.9887297942708333 0.323182451171875 0.9451216458333334 0.328384306640625 1 0.5163728515625 1