0 0.54604420703125 1 0.611968587890625 0.9780842760416667 0.779158736328125 0.8461877161458333 0.7735690546875 0.8260838463541668 0.543291615234375 1 0.54604420703125 1
0 0.526213822265625 1 0.76775978125 0.814593796875 0.761775119140625 0.7936005130208333 0.489520619140625 1 0.526213822265625 1
0 0.483823140625 1 0.7632489140625 0.7904709973958334 0.75916765234375 0.7686456015625001 0.437005515625 1 0.483823140625 1
0 0.43836119921875 1 0.759384875 0.7649130130208334 0.754659197265625 0.7396414713541667 0.3808413203125 1 0.43836119921875 1
0 0.373665794921875 1 0.755523203125 0.734473796875 0.74997016796875 0.7143243411458333 0.35029374609375 0.9850981588541666 0.353080330078125 1 0.373665794921875 1
0 0.74993588671875 0.7094886953125 0.746069421875 0.6888119635416667 0.343420927734375 0.9514642942708332 0.350510953125 0.9813655755208334 0.74993588671875 0.7094886953125
0 0.340415181640625 0.9273763411458332 0.3442816484375 0.9480530729166667 0.74693342578125 0.6836442890625 0.74122884765625 0.6675783229166666 0.340415181640625 0.9273763411458332
0 0.74392859765625 0.6626811171875 0.74092134375 0.6465991979166666 0.33325955078125 0.9025064661458333 0.33869434765625 0.9230679661458333 0.74392859765625 0.6626811171875
0 0.742111734375 0.6421161458333333 0.737095658203125 0.6234484166666666 0.32613615234375 0.872078234375 0.33386465625 0.8978106874999999 0.742111734375 0.6421161458333333
0 0.322941474609375 0.8475535338541667 0.3279555625 0.8702889609375001 0.73727662890625 0.6203379427083333 0.73190058984375 0.6038234661458334 0.322941474609375 0.8475535338541667
0 0.316314384765625 0.8202705625000001 0.322585478515625 0.8415713229166667 0.732441583984375 0.5985597890625 0.729710697265625 0.5813547578125 0.316314384765625 0.8202705625000001
0 0.73011853125 0.5779800026041667 0.726357453125 0.5619453776041666 0.309988029296875 0.7946932083333333 0.316137373046875 0.8152455755208333 0.73011853125 0.5779800026041667
0 0.303778177734375 0.7654658072916667 0.310226283203125 0.7917915520833333 0.7281534921875 0.5593147890625 0.72242141015625 0.5368180494791667 0.303778177734375 0.7654658072916667
0 0.297511080078125 0.7360295755208334 0.30485619921875 0.7630739140624999 0.723859443359375 0.5322729557291667 0.719024353515625 0.5104948177083334 0.297511080078125 0.7360295755208334
0 0.71884533203125 0.5095374687499999 0.716874326171875 0.5030753515625 0.29502116796875 0.7236252135416666 0.2967950703125 0.7322005651041666 0.71884533203125 0.5095374687499999
0 0.293036001953125 0.7120981666666667 0.29554404296875 0.7214320651041667 0.7177733515625 0.49972630729166667 0.71573883203125 0.4931816770833333 0.293036001953125 0.7120981666666667
0 0.717598326171875 0.49063355468750003 0.71205121875 0.456891 0.282810578125 0.667296953125 0.293396001953125 0.7099449713541667 0.717598326171875 0.49063355468750003
0 0.712411232421875 0.4547377291666667 0.706325138671875 0.42219108072916667 0.271582248046875 0.6207067369791667 0.2822918515625 0.6627983567708333 0.712411232421875 0.4547377291666667
0 0.265817580078125 0.5869339817708333 0.27423869921875 0.6156540677083333 0.708839150390625 0.4193217421875 0.705082126953125 0.3951517630208334 0.265817580078125 0.5869339817708333
0 0.260809494140625 0.5519953750000001 0.2683316015625 0.5840646380208333 0.70598112890625 0.39180258854166666 0.700070037109375 0.3683485651041667 0.260809494140625 0.5519953750000001
0 0.252215359375 0.510114828125 0.260453474609375 0.5460131015624999 0.703302029296875 0.3652405390625 0.695956947265625 0.3381961901041666 0.252215359375 0.510114828125
0 0.2452322265625 0.4768495260416667 0.2523963515625 0.5070043489583334 0.69918896484375 0.3350882942708333 0.693718373046875 0.3126298229166667 0.2452322265625 0.4768495260416667
0 0.69668893359375 0.30948358072916665 0.69077981640625 0.28196186458333333 0.237128853515625 0.43646004427083335 0.244516216796875 0.473020515625 0.69668893359375 0.30948358072916665
0 0.232883052734375 0.40673130208333336 0.238076111328125 0.4304238880208333 0.6913188515625 0.2807659453125 0.686044431640625 0.262621421875 0.232883052734375 0.40673130208333336
0 0.20546962109375 0.3131514583333333 0.22427491015625 0.3933246796875 0.688820771484375 0.2510934088541667 0.672656826171875 0.191028421875 0.20546962109375 0.3131514583333333
0 0.6773666171875 0.18576140885416667 0.6626823671875 0.11946962500000001 0.185523849609375 0.209828828125 0.205300595703125 0.29185559375 0.6773666171875 0.18576140885416667
0 0.198109396484375 0.08505289322916666 0.162306029296875 0.09695527083333333 0.18632031640625 0.20258974479166666 0.66250337109375 0.11851240364583333 0.64786099609375 0.03600152604166667 0.198109396484375 0.08505289322916666
0 0.453955791015625 0 0.246709369140625 0.06889644791666667 0.64603907421875 0.022309385416666664 0.64286308203125 0 0.453955791015625 0