0 0.127590564453125 0.2593587421875 0.118444818359375 0.26106098697916663 0.067323869140625 0.7399775338541666 0.07522365234375 0.7440199192708333 0.094153271484375 0.7467130598958334 0.10635095703125 0.74643675 0.158099951171875 0.26763786458333333 0.14454777734375 0.26253631770833336 0.127590564453125 0.2593587421875
0 0.192821845703125 0.32709317187500003 0.1993332578125 0.27549074479166663 0.1859104921875 0.27114119531249997 0.174782216796875 0.26734786979166664 0.167157421875 0.26677308854166665 0.158639740234375 0.26859302343749997 0.10841165625 0.7451148802083334 0.114250724609375 0.7504790755208334 0.136948640625 0.75387840625 0.1454663203125 0.7520584713541667 0.19066276953125 0.32327254427083335 0.192821845703125 0.32709317187500003
0 0.145024953125 0.7562457916666667 0.16889064453125 0.7607179296875 0.213734578125 0.3326629609375 0.191025970703125 0.3259026354166667 0.145024953125 0.7562457916666667
0 0.169518708984375 0.7608356197916667 0.194640529296875 0.7655431432291667 0.237511529296875 0.33430087239583334 0.212566177734375 0.33420909374999996 0.169518708984375 0.7608356197916667
0 0.2575333046875 0.7764744973958333 0.27878844921875 0.775333328125 0.269049759765625 0.3208810208333333 0.248044630859375 0.3212474505208333 0.2575333046875 0.7764744973958333
0 0.27951488671875 0.780593578125 0.307855076171875 0.7790720338541667 0.30155908203125 0.2919583177083333 0.27314708984375 0.2902617526041667 0.27951488671875 0.780593578125
0 0.310112568359375 0.7880352317708333 0.33396815625 0.7865273697916666 0.33303751953125 0.2967884895833333 0.303894708984375 0.2941040078125 0.310112568359375 0.7880352317708333
0 0.335696005859375 0.8005153880208334 0.365292283203125 0.79922921875 0.362643072265625 0.24106167447916668 0.332839638671875 0.2385210234375 0.335696005859375 0.8005153880208334
0 0.399481671875 0.8090519947916667 0.3947616640625 0.246226296875 0.369546798828125 0.244460296875 0.36746150390625 0.8090298567708333 0.399481671875 0.8090519947916667
0 0.4008361796875 0.8144298828125001 0.432404837890625 0.8126593333333334 0.431541361328125 0.24970230208333333 0.40210941796875 0.24962293489583331 0.4008361796875 0.8144298828125001
0 0.433759345703125 0.8180372187499999 0.46586783203125 0.8172218645833333 0.46555070703125 0.255875859375 0.437468740234375 0.25422908072916667 0.433759345703125 0.8180372187499999
0 0.470087607421875 0.8197206223958333 0.505699494140625 0.8221237682291668 0.520913322265625 0.3253764895833333 0.48884598046875 0.32222829166666667 0.470087607421875 0.8197206223958333
0 0.50794684375 0.8251069583333334 0.540693458984375 0.830389234375 0.57797718359375 0.3369235703125 0.54341571875 0.33245399479166665 0.50794684375 0.8251069583333334
0 0.54308696875 0.8137574609375 0.5701812109375 0.8179806119791667 0.595293353515625 0.4417304036458333 0.568552037109375 0.43849310937499997 0.54308696875 0.8137574609375
0 0.62794142578125 0.4462058828125 0.600128646484375 0.44263647916666665 0.570014763671875 0.8256355520833334 0.580515015625 0.8293111927083333 0.6001609296875 0.8312845755208333 0.62794142578125 0.4462058828125
0 0.603674513671875 0.8404830911458333 0.642073578125 0.8468246223958333 0.680222658203125 0.3876816302083333 0.64401968359375 0.3804211380208333 0.603674513671875 0.8404830911458333
0 0.643781181640625 0.8488526302083333 0.683436296875 0.8554294739583334 0.723057126953125 0.39241419270833333 0.68416742578125 0.38671281249999995 0.643781181640625 0.8488526302083333
0 0.69903898046875 0.8532291588541666 0.7089893828125 0.8499696744791666 0.751818728515625 0.3668101744791667 0.741082232421875 0.3632173932291667 0.72897283984375 0.36265626302083337 0.6848587890625 0.8480098984375001 0.69903898046875 0.8532291588541666
0 0.760551681640625 0.36686572916666665 0.755350787109375 0.36759916927083336 0.71015715625 0.8510424843750001 0.719136453125 0.8569951796874999 0.733394822265625 0.8553969375 0.736073443359375 0.8482127473958333 0.778676728515625 0.37111615364583334 0.770776923828125 0.36707379166666665 0.760551681640625 0.36686572916666665
0 0.738154345703125 0.858850875 0.772157091796875 0.8643685338541666 0.8129645 0.386081390625 0.782029041015625 0.38092401302083334 0.738154345703125 0.858850875
0 0.77341321875 0.8646039166666667 0.808583732421875 0.8711944427083332 0.851451841796875 0.3915854244791667 0.821002625 0.38540958593749997 0.77341321875 0.8646039166666667
0 0.82331386328125 0.88334884375 0.842243478515625 0.8860420390625 0.888839314453125 0.38321913281250003 0.869546498046875 0.3778958723958334 0.82331386328125 0.88334884375