0 0.223912427734375 0.7381835286458333 0.250865853515625 0.7464804453124999 0.347272908203125 0.25721404166666667 0.321410583984375 0.24813938020833334 0.223912427734375 0.7381835286458333
0 0.25428039453125 0.7508723593750001 0.28281931640625 0.7596573307291666 0.377763455078125 0.2643725520833333 0.35111565625 0.25505610156249997 0.25428039453125 0.7508723593750001
0 0.2951371484375 0.7656762786458334 0.308187244140625 0.7674661953125 0.400570076171875 0.27250659114583337 0.38069834765625 0.26750320312500003 0.286966119140625 0.7598202057291666 0.28995404296875 0.7618535729166668 0.2951371484375 0.7656762786458334
0 0.328005939453125 0.7735668697916666 0.333921302734375 0.7731605390624999 0.421425068359375 0.28226709895833335 0.42002263671875 0.28072178645833334 0.40697254296875 0.27893187239583334 0.40174171484375 0.2762080833333333 0.31154130078125 0.7673850416666667 0.328005939453125 0.7735668697916666
0 0.3405068359375 0.7785285572916667 0.36306990625 0.783246796875 0.439167943359375 0.31000101041666667 0.419672966796875 0.3028863723958333 0.3405068359375 0.7785285572916667
0 0.367643326171875 0.78576821875 0.388254767578125 0.7921129192708333 0.46014551953125 0.31423119270833333 0.439923388671875 0.3113471666666667 0.367643326171875 0.78576821875
0 0.46395648828125 0.3076090260416667 0.391669310546875 0.7965048333333334 0.403743591796875 0.7991079765625 0.416427556640625 0.8030124088541667 0.425880044921875 0.8014676692708332 0.494112701171875 0.3157782265625 0.491734458984375 0.31504614583333335 0.482221486328125 0.3121178229166667 0.471123017578125 0.3087014453125 0.46395648828125 0.3076090260416667
0 0.43173331640625 0.8110647265625 0.43868498046875 0.8143182291666666 0.454539935546875 0.8191987708333334 0.4652117890625 0.8202566015625 0.5316153984375 0.33066330208333333 0.523687921875 0.32822303125 0.511187021484375 0.32326133854166667 0.498906724609375 0.322822 0.43173331640625 0.8110647265625
0 0.4717973203125 0.8256246223958333 0.497348314453125 0.8323762265625 0.57973590234375 0.2842273411458333 0.55691812890625 0.2772034765625 0.4717973203125 0.8256246223958333
0 0.500762857421875 0.8367681406249999 0.5235089921875 0.8404291171875 0.59149648828125 0.3658003203125 0.57124670703125 0.3584533359375 0.500762857421875 0.8367681406249999
0 0.61930314453125 0.37881433072916665 0.595154580078125 0.3736080390625 0.5272291796875 0.8382334479166667 0.529850974609375 0.8423813333333333 0.55265759375 0.8505153750000001 0.61930314453125 0.37881433072916665
0 0.560645556640625 0.8574287083333334 0.59058690625 0.8677589947916666 0.6776083984375 0.32660459375 0.649264787109375 0.3178797421875 0.560645556640625 0.8574287083333334
0 0.5993071328125 0.8704432916666667 0.629065416015625 0.8818308359375 0.7154772265625 0.3393751484375 0.689095072265625 0.32902685937500004 0.5993071328125 0.8704432916666667
0 0.634614650390625 0.8835390234374999 0.6677269921875 0.8948454166666666 0.74461777734375 0.42184365625000003 0.714707939453125 0.41263668229166667 0.634614650390625 0.8835390234374999
0 0.672666544921875 0.8952523203124999 0.704193388671875 0.9060706588541666 0.78742616015625 0.43502111458333337 0.752769271484375 0.42435288541666666 0.672666544921875 0.8952523203124999
0 0.7148636328125 0.9216049427083334 0.726388716796875 0.9273798645833334 0.83945957421875 0.29847352604166666 0.827568357421875 0.29481311979166663 0.7148636328125 0.9216049427083334
0 0.729133091796875 0.9259974270833333 0.74340255078125 0.9303899140624999 0.85531453125 0.3033540651041667 0.845249537109375 0.30025581510416666 0.729133091796875 0.9259974270833333
0 0.74608644140625 0.9245344114583333 0.760965583984375 0.9302281848958334 0.855366966796875 0.38020938020833334 0.844512173828125 0.37686801302083334 0.74608644140625 0.9245344114583333
0 0.761941396484375 0.9294149531250001 0.781150408203125 0.9342143385416667 0.87427033203125 0.3915963515625 0.857379078125 0.3830559791666666 0.761941396484375 0.9294149531250001
0 0.78810207421875 0.93746784375 0.8101159453125 0.945357859375 0.906772990234375 0.4016014583333333 0.881841240234375 0.39281324999999995 0.78810207421875 0.93746784375
0 0.81822648828125 0.9467408671875001 0.8416427890625 0.9561761953125 0.9335433515625 0.41095563541666663 0.910814052734375 0.40395900520833333 0.81822648828125 0.9467408671875001