0 0.10165728515625 0.8278528567708333 0.106116388671875 0.8300133098958334 0.128633931640625 0.8252827291666667 0.144296412109375 0.8190126692708333 0.062353126953125 0.2057630390625 0.047511546875 0.206293453125 0.02818861328125 0.21019607291666667 0.02066793359375 0.21546136979166666 0.10165728515625 0.8278528567708333
0 0.148755515625 0.8211731223958334 0.1714283359375 0.8175076796875 0.188998685546875 0.8129539062500001 0.108652705078125 0.19929029947916665 0.09955696875 0.19943691666666666 0.084382578125 0.20336971874999998 0.075442123046875 0.20458147395833334 0.063712177734375 0.2087269453125 0.148755515625 0.8211731223958334
0 0.197473296875 0.8085467526041666 0.231016689453125 0.7998531875 0.153843068359375 0.19089427864583333 0.11834435546875 0.1967784765625 0.197473296875 0.8085467526041666
0 0.2359638828125 0.7996763828125001 0.2698178359375 0.7931130833333334 0.195994103515625 0.18439134895833334 0.159551560546875 0.18941478645833332 0.2359638828125 0.7996763828125001
0 0.273323005859375 0.7944153906250001 0.302229763671875 0.7880288958333334 0.215894578125 0.1162271015625 0.189200650390625 0.11982933072916667 0.273323005859375 0.7944153906250001
0 0.304625720703125 0.7874079270833333 0.332889107421875 0.7822935572916667 0.2486170703125 0.11327318489583334 0.220997052734375 0.11711543229166667 0.304625720703125 0.7874079270833333
0 0.358135416015625 0.7735396197916667 0.362927330078125 0.7722976822916667 0.280696189453125 0.11159138802083333 0.254017908203125 0.11518956250000001 0.33610596484375 0.7759329401041667 0.343116306640625 0.7785375572916666 0.358135416015625 0.7735396197916667
0 0.36851789453125 0.7708487552083333 0.39598262890625 0.7659413723958334 0.311200251953125 0.1047909140625 0.28643776171875 0.11010332291666668 0.36851789453125 0.7708487552083333
0 0.341081818359375 0.21311112239583332 0.33516209375 0.21685611979166666 0.402549376953125 0.7598179322916666 0.44776198828125 0.74588925 0.378751501953125 0.20998040104166668 0.341081818359375 0.21311112239583332
0 0.45412895703125 0.7497659921875001 0.499496849609375 0.7369024479166667 0.42875602734375 0.19480978385416667 0.381340125 0.20378260677083335 0.45412895703125 0.7497659921875001
0 0.51256359765625 0.7412535390625 0.53556923046875 0.734185703125 0.44863425390625 0.13217819270833334 0.42405893359375 0.13854747135416667 0.51256359765625 0.7412535390625
0 0.542757099609375 0.732322796875 0.594980052734375 0.7209987343750001 0.516363951171875 0.1533126796875 0.4649761796875 0.16331490625 0.542757099609375 0.732322796875
0 0.602478484375 0.7212660963541667 0.65838413671875 0.7067768203125001 0.57801544921875 0.13843960677083333 0.525688798828125 0.1475797890625 0.602478484375 0.7212660963541667
0 0.6493838046875 0.12768045052083335 0.5877545546875 0.13702086458333332 0.661953962890625 0.7069569895833333 0.7232302421875 0.6910757864583333 0.6493838046875 0.12768045052083335
0 0.72697388671875 0.6934216692708333 0.790555498046875 0.6747322291666666 0.7208576015625 0.11136707552083334 0.6588966171875 0.12300422395833333 0.72697388671875 0.6934216692708333
0 0.8075932578125 0.6835810286458334 0.829800236328125 0.6767201822916666 0.755355384765625 0.0637379140625 0.734611505859375 0.0680088046875 0.8075932578125 0.6835810286458334
0 0.833793498046875 0.6756852343749999 0.8591950859375 0.6679964322916666 0.79162708203125 0.09081472916666666 0.76450012890625 0.09673994270833335 0.833793498046875 0.6756852343749999
0 0.8625449765625 0.6682336067708333 0.889388587890625 0.6590656901041666 0.82707833984375 0.08383744791666665 0.79836240234375 0.09017448958333334 0.8625449765625 0.6682336067708333
0 0.90469601171875 0.6617306796875 0.934889513671875 0.6527999375 0.86093275 0.037480411458333335 0.832714806640625 0.04147762760416667 0.90469601171875 0.6617306796875
0 0.937773560546875 0.6498417109375 0.9698749296875 0.6426272578125 0.89543007421875 0.029644986979166666 0.865289939453125 0.03745652083333333 0.937773560546875 0.6498417109375