0 0.3314534765625 0 0.65665131640625 0.10429153385416667 0.665067525390625 0.06264801041666666 0.4725424765625 0 0.3314534765625 0
0 0.296928646484375 0 0.2905385078125 0.0370855546875 0.64513503515625 0.16251333072916666 0.653985595703125 0.11854702604166667 0.3143655078125 0 0.296928646484375 0
0 0.290244994140625 0.042019080729166665 0.2818270546875 0.08030796354166667 0.63480319921875 0.22112888281249998 0.642765224609375 0.1819141953125 0.290244994140625 0.042019080729166665
0 0.281090673828125 0.08760981510416667 0.272969708984375 0.12767445572916666 0.6259475859375 0.27185001822916666 0.634794908203125 0.23126492708333335 0.281090673828125 0.08760981510416667
0 0.65587295703125 0.31701603125 0.65927000390625 0.30221352083333336 0.66146875390625 0.2904552421875 0.276672392578125 0.13142091666666667 0.273858908203125 0.12964709375 0.270753640625 0.13616143489583335 0.26735659375 0.15096395052083333 0.26425825390625 0.17089686458333334 0.26234089453125 0.18451425 0.6496693515625 0.3434632890625 0.6530663984375 0.3286607786458333 0.65587295703125 0.31701603125
0 0.635490671875 0.40583110677083334 0.64773183984375 0.3538245338541666 0.264563890625 0.18944583854166666 0.261604515625 0.19181609895833332 0.25008130859375 0.23661932291666665 0.635490671875 0.40583110677083334
0 0.2407551171875 0.2360345 0.236467140625 0.245509734375 0.234548048828125 0.2557724739583333 0.23203846875 0.2691929791666667 0.633736521484375 0.44885083333333337 0.643318037109375 0.4110673072916667 0.241642583984375 0.2346524947916667 0.2407551171875 0.2360345
0 0.233078751953125 0.2770854609375 0.22967997265625 0.28853333072916665 0.22672579296875 0.3009675182291667 0.224659080078125 0.31201970052083333 0.624879177734375 0.4962173255208333 0.633571056640625 0.4598274088541667 0.23603812890625 0.27471520052083337 0.233078751953125 0.2770854609375
0 0.2384329921875 0.32582234895833334 0.236364546875 0.3335198880208334 0.231930677734375 0.3471392057291667 0.229865697265625 0.36154603125 0.613798837890625 0.5386522291666667 0.615717927734375 0.5283894895833333 0.619118439453125 0.5202962630208333 0.6223427265625 0.506417625 0.2384329921875 0.32582234895833334
0 0.233717734375 0.36785769010416663 0.2232278828125 0.407134828125 0.6030189375 0.5895721744791667 0.613924662109375 0.5480710677083334 0.233717734375 0.36785769010416663
0 0.226340078125 0.4140390520833333 0.215407359375 0.45568451302083335 0.59416332421875 0.6402933098958333 0.603882365234375 0.5984104270833334 0.226340078125 0.4140390520833333
0 0.58767659765625 0.691801953125 0.5967995859375 0.6463787786458334 0.219113505859375 0.4661402604166667 0.2117237265625 0.488839125 0.206110611328125 0.5121286171875 0.58767659765625 0.691801953125
0 0.206706296875 0.5190347786458334 0.19474022265625 0.5662063281249999 0.57882444921875 0.7492323723958334 0.588126392578125 0.7028521979166666 0.206706296875 0.5190347786458334
0 0.185280263671875 0.5932480885416667 0.1749415 0.6384450703125 0.570859765625 0.8052807864583333 0.580125443359375 0.7590945572916666 0.185280263671875 0.5932480885416667