0 0.783912826171875 0.13119846354166667 0.7901082578125 0.09541411458333333 0.754421078125 0.08086655989583333 0.35837055078125 0.0353467421875 0.352687236328125 0.056757700520833336 0.35184021484375 0.07395024739583334 0.783912826171875 0.13119846354166667
0 0.351033568359375 0.08084290885416666 0.34521091015625 0.11973489062499999 0.774277919921875 0.18219155989583333 0.782597521484375 0.13915929166666666 0.351033568359375 0.08084290885416666
0 0.341514970703125 0.12235481510416667 0.3363413125 0.15841641927083333 0.763893982421875 0.22747733333333334 0.7727049140625 0.18567694791666667 0.341514970703125 0.12235481510416667
0 0.75260438671875 0.2868367369791667 0.762537330078125 0.23001917447916667 0.3340606796875 0.16161328125 0.325367064453125 0.2096513671875 0.619660357421875 0.2625608333333333 0.75260438671875 0.2868367369791667
0 0.74125610546875 0.3430774244791666 0.751739046875 0.29061059895833335 0.32265376953125 0.214735125 0.312486185546875 0.25907735416666666 0.53408519140625 0.30504976302083336 0.74125610546875 0.3430774244791666
0 0.3038366328125 0.25967805208333333 0.29095573828125 0.3091041015625 0.728816576171875 0.4048821510416667 0.73989946484375 0.3456192708333334 0.3038366328125 0.25967805208333333
0 0.291780689453125 0.3156301927083333 0.2799814609375 0.36033896354166667 0.713653328125 0.4747224192708333 0.72465723828125 0.4188420546875 0.291780689453125 0.3156301927083333
0 0.31021265625 0.38710539322916665 0.3026996875 0.42324500000000004 0.637208318359375 0.5234971432291667 0.64493761328125 0.48641398177083334 0.31021265625 0.38710539322916665
0 0.320724732421875 0.43575102604166666 0.312779119140625 0.4737774713541667 0.6246363984375 0.5734586119791667 0.63270570703125 0.5330097161458334 0.320724732421875 0.43575102604166666
0 0.31234644140625 0.4756644322916667 0.305541201171875 0.5120925364583333 0.6138445 0.6253899557291667 0.621082466796875 0.58707490625 0.31234644140625 0.4756644322916667
0 0.3051085234375 0.5139795 0.298303232421875 0.5504075859375 0.605383693359375 0.6722673489583334 0.613470505859375 0.6303956380208333 0.3051085234375 0.5139795
0 0.303315462890625 0.5555457161458334 0.296451515625 0.5888550885416667 0.565635732421875 0.7006487890624999 0.574014001953125 0.6607353723958334 0.303315462890625 0.5555457161458334
0 0.544537962890625 0.7487885729166667 0.555039193359375 0.7097405625 0.2781697578125 0.5875924375 0.269241501953125 0.6231552526041667 0.457162630859375 0.7080126692708334 0.544537962890625 0.7487885729166667
0 0.2738210859375 0.6301802161458333 0.2668984609375 0.6603707317708333 0.59495380078125 0.8157638098958334 0.602250419921875 0.7805676093749999 0.2738210859375 0.6301802161458333
0 0.2641851796875 0.6654544270833334 0.25655492578125 0.6953564817708333 0.58279012109375 0.8672939557291667 0.593223123046875 0.82331153125 0.2641851796875 0.6654544270833334
0 0.256888583984375 0.7006506354166667 0.25067358984375 0.7311296093749999 0.5740510546875 0.9091174817708333 0.582622876953125 0.8695406588541666 0.256888583984375 0.7006506354166667
0 0.249100634765625 0.7346149479166666 0.2411549921875 0.7726415182291667 0.560597392578125 0.9554728671875 0.57098131640625 0.9101871614583333 0.249100634765625 0.7346149479166666
0 0.55110825390625 1 0.557136095703125 0.9705680624999999 0.2347457421875 0.780345265625 0.22560114453125 0.8168513515625001 0.521274640625 1 0.55110825390625 1
0 0.50196503125 1 0.227841435546875 0.8239544661458332 0.22373113671875 0.8418800416666666 0.464320498046875 1 0.50196503125 1
0 0.462394416015625 1 0.2232984609375 0.8437670052083334 0.219679515625 0.8629244739583334 0.394771474609375 0.9799504270833334 0.443955873046875 1 0.462394416015625 1