0 0.62589702734375 1 0.626397689453125 0.9975181119791667 0.17826566015625 0.8381063776041667 0.16764650390625 0.8762256927083333 0.437246521484375 1 0.62589702734375 1
0 0.198500794921875 0.7597502473958334 0.17829324609375 0.8343628359375 0.629838986328125 0.9878292213541666 0.644178185546875 0.9237405911458333 0.198500794921875 0.7597502473958334
0 0.66723985546875 0.8284556588541667 0.667295078125 0.8209685052083334 0.223966841796875 0.6575018359375 0.20520469921875 0.7265174635416667 0.20509425 0.7414918515625 0.206663033203125 0.75723709375 0.648917830078125 0.9139505703125 0.66723985546875 0.8284556588541667
0 0.694155306640625 0.7222162890625 0.25140123046875 0.5549048802083333 0.225123150390625 0.6530242786458333 0.285052095703125 0.6755295286458334 0.2859193046875 0.6721714557291666 0.2926913984375 0.6677679583333332 0.29940827734375 0.6708517005208333 0.30439067578125 0.6806517265625001 0.676586001953125 0.8177214947916666 0.694155306640625 0.7222162890625
0 0.699739509765625 0.7244280598958334 0.708756029296875 0.6822402447916667 0.258452158203125 0.5056581328124999 0.248070392578125 0.5496194713541667 0.699739509765625 0.7244280598958334
0 0.270645728515625 0.4585647630208333 0.259950015625 0.49998157031249996 0.709072685546875 0.6773772890625 0.71672887890625 0.6348050677083333 0.270645728515625 0.4585647630208333
0 0.71528125390625 0.6351525442708333 0.728055724609375 0.5784128802083334 0.287066546875 0.3948551744791667 0.273481251953125 0.454858140625 0.71528125390625 0.6351525442708333
0 0.3044673203125 0.32759804947916665 0.288279220703125 0.3902829244791666 0.729762587890625 0.5754402135416666 0.742564611328125 0.5149570729166667 0.3044673203125 0.32759804947916665
0 0.74424382421875 0.5157280052083334 0.75213168359375 0.4742741458333333 0.317013595703125 0.27089294270833336 0.30536215234375 0.32049628125 0.74424382421875 0.5157280052083334
0 0.327965111328125 0.22569796093750003 0.3180813828125 0.27124384635416665 0.753810896484375 0.47504507812499996 0.7624071484375 0.42993003645833333 0.327965111328125 0.22569796093750003
0 0.3563900859375 0.14108513802083333 0.336127330078125 0.22318488541666667 0.7662410625 0.4269119765625 0.779985083984375 0.34986507031249997 0.3563900859375 0.14108513802083333
0 0.7853474609375 0.3492898489583333 0.795203595703125 0.30748758854166663 0.360314025390625 0.0952226640625 0.351090953125 0.13614820052083335 0.7853474609375 0.3492898489583333
0 0.37841487890625 0.0485256328125 0.367141041015625 0.09218110416666668 0.800530337890625 0.30868090625 0.81023300390625 0.26873138802083335 0.37841487890625 0.0485256328125
0 0.345179138671875 0 0.34189923046875 0.011727653645833334 0.817186119140625 0.258731671875 0.83626496484375 0.18485301822916667 0.5032197734375 0 0.345179138671875 0
0 0.52999921484375 0 0.839706279296875 0.17516405208333333 0.84934977734375 0.131577359375 0.562753478515625 0 0.52999921484375 0