0 0.351052294921875 0 0.252837478515625 0.0127467890625 0.25025558984375 0.018053880208333335 0.250330646484375 0.046279377604166665 0.2525718046875 0.05398195833333333 0.6700956484375 0.0076150546875 0.506545673828125 0 0.351052294921875 0
0 0.71548146484375 0.009728265625 0.699477146484375 0.008983088541666667 0.251701708984375 0.056112369791666665 0.24896772265625 0.098318078125 0.71512608203125 0.05272426822916667 0.71548146484375 0.009728265625
0 0.248069232421875 0.10153262760416666 0.246933462890625 0.1448982109375 0.713035037109375 0.10147267708333334 0.71097028125 0.055943393229166666 0.248069232421875 0.10153262760416666
0 0.245022908203125 0.1556638671875 0.243698505859375 0.17514051302083333 0.24464365625 0.20123559895833332 0.24677123828125 0.21327473958333332 0.662608056640625 0.19247444791666668 0.6635222421875 0.12647813020833334 0.247519615234375 0.1536091953125 0.245022908203125 0.1556638671875
0 0.245730779296875 0.22190998697916667 0.24449155859375 0.2381342109375 0.246619140625 0.25017335156250003 0.6616142578125 0.23041933072916665 0.661170078125 0.21628765104166667 0.661590953125 0.20021790364583333 0.661652779296875 0.19785727864583333 0.245730779296875 0.22190998697916667
0 0.241625724609375 0.25428270052083335 0.242514087890625 0.28254606510416663 0.660677248046875 0.2661959375 0.662337126953125 0.23391030208333333 0.241625724609375 0.25428270052083335
0 0.65971184375 0.30305668229166666 0.661399884765625 0.26969578125 0.244897216796875 0.2848279505208333 0.241246474609375 0.29985442968750003 0.240820560546875 0.3161165234375 0.65971184375 0.30305668229166666
0 0.6596449296875 0.3367028776041667 0.659677736328125 0.30435898437500003 0.246400126953125 0.3207181614583333 0.2427493828125 0.335744640625 0.245661876953125 0.3489057890625 0.6596449296875 0.3367028776041667
0 0.67293090625 0.3579735260416667 0.67326640234375 0.3451637265625 0.268291744140625 0.35541503645833333 0.26800780078125 0.3662564296875 0.269378865234375 0.376089421875 0.67293090625 0.3579735260416667
0 0.70988869140625 0.37706170312500004 0.707141255859375 0.3575982838541667 0.70798826171875 0.3563494453125 0.2383596484375 0.378986984375 0.235692576171875 0.3875464947916667 0.235323451171875 0.4016403072916667 0.23495432421875 0.41573412239583335 0.23624020703125 0.42881953385416666 0.7080815859375 0.4149687213541667 0.708535892578125 0.3976224869791667 0.70988869140625 0.37706170312500004
0 0.235114564453125 0.4407072005208333 0.23446149609375 0.46564241145833335 0.235718984375 0.47981196354166666 0.238045326171875 0.48426212500000004 0.708089728515625 0.4768404140625 0.7086336015625 0.42498308072916663 0.239294671875 0.43655998437500004 0.235114564453125 0.4407072005208333
0 0.231084568359375 0.5013054140625001 0.23239884375 0.5133066848958333 0.233656330078125 0.527476234375 0.2341856953125 0.5383555 0.707398138671875 0.5343376770833334 0.707941640625 0.4824945963541667 0.235463435546875 0.48956921875000003 0.231084568359375 0.5013054140625001
0 0.70733122265625 0.5679838723958334 0.706436373046875 0.5399682473958333 0.230790498046875 0.5436247239583333 0.229608068359375 0.5576806692708333 0.23089394921875 0.5707660807291667 0.70733122265625 0.5679838723958334
0 0.229938669921875 0.5761489114583334 0.230354458984375 0.5913647317708334 0.230883822265625 0.6022439973958333 0.707935642578125 0.6070886328125 0.707576646484375 0.58970453125 0.707882248046875 0.5780361458333333 0.707132462890625 0.5755728463541666 0.229938669921875 0.5761489114583334
0 0.22857574609375 0.628187609375 0.707225787109375 0.6341921223958333 0.70745294140625 0.6255190052083334 0.706131697265625 0.6137837578124999 0.22908684375 0.6086730963541667 0.227932806640625 0.6216449036458334 0.22857574609375 0.628187609375
0 0.706291775390625 0.6387630182291667 0.22857574609375 0.628187609375 0.228462169921875 0.6325241666666667 0.228963140625 0.6444875703125 0.228594015625 0.6585813854166667 0.228224890625 0.6726752005208333 0.706004833984375 0.6808101249999999 0.70628877734375 0.6699687265625 0.70665790234375 0.6558749140625 0.706291775390625 0.6387630182291667
0 0.223902810546875 0.6822431145833333 0.224290203125 0.6985430755208334 0.71076096875 0.7168518098958333 0.7097231484375 0.6942950598958334 0.223902810546875 0.6822431145833333
0 0.221811763671875 0.7309915260416666 0.2222559453125 0.7451232083333333 0.71189475390625 0.7668358307291667 0.71145303515625 0.7215188776041667 0.2233633203125 0.702841765625 0.223107771484375 0.7125990234375 0.221811763671875 0.7309915260416666
0 0.22110190625 0.758095015625 0.220903146484375 0.7656839947916666 0.22070438671875 0.7732729687500001 0.713482845703125 0.799473625 0.712811509765625 0.7940150572916668 0.71308738671875 0.7834816328124999 0.713152240234375 0.7810053828125 0.22110190625 0.758095015625
0 0.22143251171875 0.7765632552083334 0.220306869140625 0.7884509244791666 0.219824166015625 0.806881296875 0.219483435546875 0.8198909713541668 0.713803322265625 0.84941978125 0.71400208203125 0.8418308046875 0.714484783203125 0.8234004322916667 0.714145974609375 0.8052455364583334 0.22143251171875 0.7765632552083334
0 0.712194978515625 0.8797378203125 0.712620892578125 0.8634757291666667 0.71270607421875 0.8602233098958334 0.221696201171875 0.8286776927083334 0.221270287109375 0.8449397838541667 0.712194978515625 0.8797378203125
0 0.22070240234375 0.866622578125 0.22176112890625 0.8883811067708334 0.71088884375 0.9296082421874999 0.711929302734375 0.9209729947916667 0.712298427734375 0.9068791796875 0.712857583984375 0.8855296328125001 0.22199841015625 0.8482300755208333 0.22070240234375 0.866622578125
0 0.7123065703125 0.9687508697916667 0.71270408984375 0.9535729166666668 0.697222873046875 0.9539375572916667 0.216455376953125 0.9044159895833334 0.21622822265625 0.9130891041666667 0.7123065703125 0.9687508697916667
0 0.713116732421875 1 0.71383870703125 0.97243378125 0.21370312109375 0.9162279192708334 0.214204091796875 0.9281913203125001 0.215092453125 0.9564546875 0.217049669921875 0.9749986666666667 0.358907802734375 0.993735375 0.4934543359375 1 0.713116732421875 1