0 0.093568203125 0.3960739348958333 0.08506451953125 0.4008742994791667 0.128650017578125 0.88111359375 0.137065306640625 0.8822920885416666 0.155872693359375 0.878361 0.167601115234375 0.87388478125 0.1246451015625 0.3935424036458333 0.11056442578125 0.39329143489583335 0.093568203125 0.3960739348958333
0 0.16972500390625 0.43898957031249997 0.165997775390625 0.3868984166666667 0.1521880703125 0.38732916666666667 0.140702642578125 0.387505375 0.133226083984375 0.3895814348958333 0.12535191015625 0.3942787395833333 0.16933500390625 0.8718968203125 0.17601637890625 0.8750632213541666 0.198600740234375 0.8705138489583333 0.206474912109375 0.8658165442708333 0.166897857421875 0.43604420833333335 0.16972500390625 0.43898957031249997
0 0.20686140234375 0.8700134973958332 0.23078199609375 0.8660973906249999 0.191006326171875 0.43715275520833335 0.167759220703125 0.43845934375 0.20686140234375 0.8700134973958332
0 0.231411505859375 0.8659943333333334 0.2565911171875 0.861872109375 0.2142910390625 0.43052961979166665 0.190177865234375 0.43904941145833337 0.231411505859375 0.8659943333333334
0 0.319462806640625 0.8507271901041666 0.339772181640625 0.842289921875 0.242149646484375 0.40668344531249995 0.221931376953125 0.41428609375 0.319462806640625 0.8507271901041666
0 0.34149495703125 0.8471202447916667 0.368574123046875 0.8358705729166668 0.267936931640625 0.3675275494791667 0.2401637265625 0.375693546875 0.34149495703125 0.8471202447916667
0 0.372494578125 0.8437493151041666 0.395244609375 0.8340604583333334 0.29928037109375 0.3613301796875 0.270609482421875 0.3687941223958333 0.372494578125 0.8437493151041666
0 0.399628857421875 0.846975578125 0.42796700390625 0.8355197942708333 0.317059767578125 0.29728557031249997 0.2877786875 0.30511641666666667 0.399628857421875 0.846975578125
0 0.462898158203125 0.8332093802083334 0.34908647265625 0.29119034114583336 0.3243879765625 0.2981859661458333 0.431964751953125 0.8442379036458334 0.462898158203125 0.8332093802083334
0 0.465250435546875 0.83793659375 0.49539973046875 0.8253322786458334 0.38528767578125 0.28185552343750003 0.356843193359375 0.2919355885416667 0.465250435546875 0.83793659375
0 0.4977520078125 0.8300594869791666 0.52860815234375 0.8181915338541667 0.4193365546875 0.27608236458333335 0.391891794921875 0.2841825625 0.4977520078125 0.8300594869791666
0 0.5331691875 0.8191489375000001 0.56803411328125 0.8091808177083334 0.48630380078125 0.3241096197916667 0.454718015625 0.3321348802083333 0.5331691875 0.8191489375000001
0 0.570783966796875 0.8112868151041667 0.6034401328125 0.8050885026041666 0.5436647109375 0.3155709583333333 0.509413291015625 0.3231805677083333 0.570783966796875 0.8112868151041667
0 0.602523619140625 0.7881974635416666 0.629514421875 0.7829267057291666 0.580735349609375 0.41083091145833334 0.55427681640625 0.41693214322916666 0.602523619140625 0.7881974635416666
0 0.613139720703125 0.40388730208333334 0.585581767578125 0.4100374921875 0.630839580078125 0.79037825 0.6416955390625 0.7903050937499999 0.661055095703125 0.7854315859375 0.613139720703125 0.40388730208333334
0 0.666234521484375 0.7931041588541666 0.70455615234375 0.7859783958333333 0.65227912109375 0.3293153776041667 0.6159003671875 0.33479564062499995 0.666234521484375 0.7931041588541666
0 0.706599234375 0.7873480208333333 0.74617979296875 0.7800160989583333 0.694572697265625 0.31910484635416664 0.655901412109375 0.3270182630208333 0.706599234375 0.7873480208333333
0 0.760823716796875 0.7725063932291666 0.769802353515625 0.7659241692708334 0.717384166015625 0.2844478645833333 0.706316095703125 0.28468258333333335 0.6945103984375 0.2883194296875 0.7461135703125 0.7723584479166666 0.760823716796875 0.7725063932291666
0 0.725830333984375 0.28148785416666666 0.72094902734375 0.28399108854166666 0.771138583984375 0.7665574348958333 0.780967423828125 0.7692086119791667 0.794429708984375 0.7627443802083334 0.79562250390625 0.7548806145833334 0.744162853515625 0.2793386380208333 0.735747548828125 0.27816017708333335 0.725830333984375 0.28148785416666666
0 0.799697513671875 0.7644381562499999 0.833612701171875 0.7580337265625 0.780187265625 0.2819615078125 0.74930478515625 0.28765544531250004 0.799697513671875 0.7644381562499999
0 0.83487171875 0.757827609375 0.870123140625 0.7520565026041667 0.81843159375 0.2739963229166667 0.78782108984375 0.278538703125 0.83487171875 0.757827609375
0 0.886710697265625 0.7587134999999999 0.905518087890625 0.7547824687500001 0.8529211015625 0.253012984375 0.833252349609375 0.25452890624999996 0.886710697265625 0.7587134999999999