0 0.84280591015625 0.6799367395833333 0.897385150390625 0.6664128411458333 0.864791021484375 0.12386623177083333 0.803869724609375 0.13773668749999998 0.84280591015625 0.6799367395833333
0 0.84219078515625 0.6810655572916667 0.80313894140625 0.13789101302083334 0.7424816171875 0.15070058072916667 0.785918359375 0.6929491276041667 0.84219078515625 0.6810655572916667
0 0.745144974609375 0.69656490625 0.77949309765625 0.689311296875 0.740434310546875 0.20066315625 0.701381916015625 0.20832863802083335 0.745144974609375 0.69656490625
0 0.696527958984375 0.7098286276041667 0.741107451171875 0.7004143645833333 0.69300364453125 0.1898062265625 0.643756693359375 0.20251674479166668 0.696527958984375 0.7098286276041667
0 0.692642423828125 0.7086512734375 0.63998681640625 0.20231391927083334 0.59050136328125 0.2147483671875 0.647332150390625 0.7182198619791667 0.692642423828125 0.7086512734375
0 0.628982328125 0.7151022890625001 0.642288919921875 0.7072975 0.59374229296875 0.28600225520833333 0.555240890625 0.29613084895833336 0.606211484375 0.7189121015625001 0.615711970703125 0.7169057942708333 0.628982328125 0.7151022890625001
0 0.599713671875 0.7272769817708333 0.60644300390625 0.720861109375 0.54375465234375 0.22352170572916666 0.49759450390625 0.23338316927083333 0.56598066796875 0.7334017109375001 0.584598138671875 0.73246696875 0.599713671875 0.7272769817708333
0 0.54305773828125 0.7422383541666666 0.550250115234375 0.7397205572916666 0.562825818359375 0.7320700520833333 0.496480216796875 0.2366153385416667 0.45034859375 0.2487401015625 0.523325787109375 0.7464053333333333 0.533057888671875 0.7463480130208334 0.54305773828125 0.7422383541666666
0 0.5192812734375 0.7312761979166668 0.458810099609375 0.3105013203125 0.408025154296875 0.3224950390625 0.475164828125 0.7445885390625001 0.5192812734375 0.7312761979166668
0 0.469549880859375 0.7477721953124999 0.40653897265625 0.3245367473958333 0.35696497265625 0.3365736744791667 0.42362453125 0.7584695963541667 0.469549880859375 0.7477721953124999
0 0.398436705078125 0.7797719921874999 0.420013775390625 0.7722184817708334 0.34994855078125 0.3085168125 0.32010104296875 0.315818953125 0.398436705078125 0.7797719921874999
0 0.39343678515625 0.7818268541666668 0.318523666015625 0.31515309635416666 0.28854858984375 0.32245832552083337 0.368705001953125 0.788048609375 0.39343678515625 0.7818268541666668
0 0.332091986328125 0.8077679739583333 0.366939373046875 0.7984110286458334 0.288560443359375 0.32148070833333336 0.2475556640625 0.3311151796875 0.332091986328125 0.8077679739583333
0 0.329979015625 0.8152067994791666 0.24167279296875 0.3303834583333333 0.206094576171875 0.3398947526041667 0.293170755859375 0.8269758020833334 0.329979015625 0.8152067994791666
0 0.27397438671875 0.8230380182291667 0.289820701171875 0.8176937057291668 0.212808650390625 0.39641609114583337 0.1929610390625 0.3996085442708333 0.27397438671875 0.8230380182291667
0 0.182867677734375 0.3587851119791667 0.1522893828125 0.36624156510416667 0.241854060546875 0.831081359375 0.270204564453125 0.8228352109375 0.182867677734375 0.3587851119791667
0 0.1440189453125 0.36599020833333334 0.109786583984375 0.3742183229166667 0.20238881640625 0.8525987395833333 0.234090802734375 0.8404511770833333 0.1440189453125 0.36599020833333334