0 0.57483782421875 1 0.186708248046875 0.8391943125 0.1761382578125 0.8801242864583334 0.43724651953125 1 0.57483782421875 1
0 0.63794721484375 1 0.647520279296875 0.9610217317708334 0.2040296484375 0.7751515338541667 0.186949150390625 0.8382614713541666 0.57706523046875 1 0.63794721484375 1
0 0.22108712890625 0.7151612760416667 0.205211107421875 0.7736071380208333 0.64824296875 0.9582232760416667 0.661784046875 0.9025286171875 0.22108712890625 0.7151612760416667
0 0.665736216796875 0.9026066927083334 0.6741905 0.8668386796875001 0.2283599921875 0.6809376015624999 0.21922901171875 0.7132647708333333 0.665736216796875 0.9026066927083334
0 0.236114615234375 0.6448483697916666 0.2283829921875 0.6778179869791666 0.67677134375 0.8659366744791667 0.68340826953125 0.8321249401041667 0.236114615234375 0.6448483697916666
0 0.290919318359375 0.6387071536458333 0.2865371953125 0.6617370625 0.686166224609375 0.8295570546875001 0.690789232421875 0.8055943671875 0.290919318359375 0.6387071536458333
0 0.6919706875 0.8040499010416666 0.6968116015625 0.7822740625 0.30025430859375 0.61605190625 0.295358248046875 0.6397017135416666 0.6919706875 0.8040499010416666
0 0.3086074453125 0.5883970963541666 0.3014036328125 0.6132617317708333 0.699151498046875 0.7823048776041667 0.703544322265625 0.7541524895833334 0.3086074453125 0.5883970963541666
0 0.701239744140625 0.7530048619791666 0.70559883984375 0.7330945572916666 0.2679465078125 0.548861375 0.263369517578125 0.5665847656249999 0.701239744140625 0.7530048619791666
0 0.27420976171875 0.5246082942708333 0.26751073828125 0.5444876953125 0.709361103515625 0.7306482109375 0.7118391015625 0.7119611666666666 0.27420976171875 0.5246082942708333
0 0.286300501953125 0.47172845312499995 0.2737509921875 0.5233542317708334 0.716977685546875 0.7132768671875 0.72996298828125 0.6618505312499999 0.286300501953125 0.47172845312499995
0 0.300272388671875 0.4176253776041667 0.2867823046875 0.46986277604166665 0.7330256171875 0.6632571588541667 0.744988888671875 0.6136645625 0.300272388671875 0.4176253776041667
0 0.7590868046875 0.6199214453125 0.764650365234375 0.5953471328125001 0.282287955078125 0.38119658854166666 0.27694225390625 0.4079577994791667 0.7590868046875 0.6199214453125
0 0.287610619140625 0.3575551875 0.2813703828125 0.3786885911458333 0.766313666015625 0.5919370052083334 0.769513318359375 0.5686918098958333 0.287610619140625 0.3575551875
0 0.763045390625 0.5591343515625 0.770318255859375 0.5249106796874999 0.3472101953125 0.33587741927083337 0.33943254296875 0.3750863255208334 0.763045390625 0.5591343515625
0 0.769400681640625 0.5224026796875 0.7738748125 0.48689410156249996 0.358245322265625 0.29920740104166665 0.350272787109375 0.33310984895833334 0.769400681640625 0.5224026796875
0 0.78021791796875 0.48354575 0.79355915234375 0.4197625442708333 0.3483484453125 0.21327802083333333 0.33131318359375 0.27914802604166666 0.78021791796875 0.48354575
0 0.7978031875 0.4154506432291667 0.813002576171875 0.35356388802083333 0.36838053125 0.1389456875 0.3507343828125 0.20706955208333333 0.7978031875 0.4154506432291667
0 0.382277140625 0 0.355015078125 0.10260731770833333 0.836367517578125 0.33314348958333334 0.858071484375 0.23965559375 0.38780062890625 0 0.382277140625 0
0 0.41853146484375 0 0.8626024375 0.22817155989583335 0.88178098828125 0.146466640625 0.562753478515625 0 0.41853146484375 0