0 0.2080634609375 0.7853556197916666 0.248913228515625 0.7846383567708334 0.174401599609375 0.3142254583333333 0.129171171875 0.31863665104166666 0.2080634609375 0.7853556197916666
0 0.223175603515625 0.31076974739583335 0.18153153515625 0.3150781822916667 0.256682513671875 0.7759836562500001 0.2963808046875 0.7707667838541666 0.223175603515625 0.31076974739583335
0 0.300101365234375 0.7715926249999999 0.348999328125 0.7728699505208333 0.29134764453125 0.301672078125 0.22498131640625 0.3118704140625 0.300101365234375 0.7715926249999999
0 0.32913242578125 0.2856963177083333 0.289232029296875 0.2887388229166667 0.35346715234375 0.7738466666666667 0.388074314453125 0.7722353229166666 0.32913242578125 0.2856963177083333
0 0.390767419921875 0.773294671875 0.423537876953125 0.769399359375 0.37049542578125 0.2800399270833333 0.33265087890625 0.2843477916666667 0.390767419921875 0.773294671875
0 0.408293689453125 0.28911869791666667 0.37552323046875 0.29301396875 0.427943720703125 0.7680095572916666 0.462431623046875 0.7682467942708334 0.408293689453125 0.28911869791666667
0 0.463531185546875 0.7699067161458334 0.49287622265625 0.7709097838541666 0.444907533203125 0.2856953619791667 0.409212072265625 0.29026067968749997 0.463531185546875 0.7699067161458334
0 0.50577977734375 0.2798408385416667 0.447399666015625 0.289667328125 0.499118767578125 0.7718037864583334 0.550405033203125 0.7693621692708333 0.50577977734375 0.2798408385416667
0 0.549884365234375 0.7765483020833334 0.604931908203125 0.7751699739583334 0.571382677734375 0.2744168984375 0.506760080078125 0.28334930208333337 0.549884365234375 0.7765483020833334
0 0.66804323828125 0.26754685677083334 0.575974404296875 0.28012661197916666 0.60762501171875 0.7762293203125 0.687347232421875 0.7747118932291667 0.66804323828125 0.26754685677083334
0 0.696733216796875 0.7862967734374999 0.774728236328125 0.7791111015625 0.775453818359375 0.2585788958333333 0.68150875 0.27284341927083333 0.696733216796875 0.7862967734374999
0 0.895878724609375 0.24864566927083334 0.788693796875 0.2607445390625 0.77840164453125 0.7836789505208334 0.870811369140625 0.7841150677083334 0.895878724609375 0.24864566927083334
0 0.9679988828125 0.7973604869791666 0.999743978515625 0.4785879427083333 0.9943152421875 0.27130975520833334 0.993426734375 0.24173432812499998 0.905701705078125 0.2505577265625 0.872586150390625 0.7840324322916666 0.9679988828125 0.7973604869791666