0 0.5427258515625 1 0.83759114453125 0.9092333098958334 0.8352503515625 0.8928672760416667 0.83140725 0.8815252578125 0.5061014921875 0.9708072421875 0.506010197265625 0.9775153541666667 0.50610213671875 0.992517078125 0.5077727734375 1 0.5427258515625 1
0 0.832184548828125 0.8679259635416666 0.8302628359375 0.8568274973958333 0.828203857421875 0.8449362786458333 0.823491517578125 0.832191828125 0.495212216796875 0.9223891432291667 0.503204083984375 0.9649268932291667 0.831452896484375 0.8781712005208333 0.832184548828125 0.8679259635416666
0 0.491963822265625 0.9108640572916666 0.494525890625 0.9184254036458334 0.824984486328125 0.8299611171875 0.825549849609375 0.8223732083333334 0.824497375 0.812677171875 0.82339925390625 0.8063351875000001 0.821752072265625 0.7968222161458334 0.818595294921875 0.7894439348958334 0.81703973046875 0.7840777656250001 0.485740919921875 0.867689546875 0.486290302734375 0.8817154557291667 0.48958466796875 0.9007414010416667 0.491963822265625 0.9108640572916666
0 0.496947146484375 0.8057899036458332 0.476864330078125 0.8128068854166667 0.48148569921875 0.8431143645833333 0.48462317578125 0.8612342421875 0.813882953125 0.776699484375 0.81466057421875 0.7739551119791667 0.814797517578125 0.7638929401041666 0.81305871875 0.7502331640625001 0.809947587890625 0.7395008255208334 0.504541734375 0.824327140625 0.502935779296875 0.8179464114583334 0.500666328125 0.8048396510416667 0.496947146484375 0.8057899036458332
0 0.82633553515625 0.7330921484375 0.818941517578125 0.6903894661458333 0.49698140625 0.7796992500000001 0.504266298828125 0.8237011276041667 0.82633553515625 0.7330921484375
0 0.78834414453125 0.6352346458333333 0.7860748671875 0.627917171875 0.494222466796875 0.7155297473958333 0.500528087890625 0.7500171640625001 0.792053583984375 0.6643755026041667 0.7915164375 0.6516261640625 0.78834414453125 0.6352346458333333
0 0.78924578125 0.5979943723958333 0.78673253515625 0.5911973333333334 0.441618791015625 0.6992130494791667 0.44709332421875 0.7308301223958332 0.792442765625 0.624175640625 0.791905619140625 0.6114262994791667 0.78924578125 0.5979943723958333
0 0.792026486328125 0.5735357005208334 0.784779056640625 0.5374679088541666 0.45157182421875 0.6467171848958333 0.45880136328125 0.6826816536458334 0.792026486328125 0.5735357005208334
0 0.77294489453125 0.5077106953125 0.7645019609375 0.4724562421875 0.4471541328125 0.594191640625 0.45330776171875 0.6278012656249999 0.77294489453125 0.5077106953125
0 0.477602509765625 0.5616615208333333 0.481850904296875 0.5784795494791667 0.4821899296875 0.5785080963541667 0.763696671875 0.46780545572916665 0.759523982421875 0.4494952135416667 0.477602509765625 0.5616615208333333
0 0.758621140625 0.44621045833333334 0.754692419921875 0.42737978125 0.47430814453125 0.5426355755208333 0.478092091796875 0.5587007083333334 0.758621140625 0.44621045833333334
0 0.407979552734375 0.5242306432291667 0.410029380859375 0.5360690078125 0.411127501953125 0.5424109895833333 0.4142020703125 0.55437925 0.418412904296875 0.5632626328125 0.756753357421875 0.4257762864583334 0.7586075625 0.4229788489583333 0.757484921875 0.41263640625000003 0.756118314453125 0.40281439843750005 0.753800171875 0.393285296875 0.7518480703125 0.38587018749999996 0.74784648828125 0.37819529166666666 0.407881826171875 0.5198073828124999 0.407979552734375 0.5242306432291667
0 0.398681953125 0.4647459036458333 0.403367443359375 0.4975943151041667 0.406051625 0.5092374140625 0.407771640625 0.5153121536458333 0.749115025390625 0.37201546354166665 0.738573576171875 0.3285003020833333 0.398681953125 0.4647459036458333
0 0.3796754609375 0.4630258828125 0.754968921875 0.3132107317708333 0.75560310546875 0.30722617447916667 0.754480466796875 0.296883734375 0.752162326171875 0.28735463020833335 0.749673421875 0.27876876041666665 0.74640374609375 0.2695325625 0.370036681640625 0.4170061901041667 0.3745999296875 0.4414308880208333 0.3796754609375 0.4630258828125
0 0.371134458984375 0.41176959375000005 0.744427298828125 0.26390628385416665 0.746476609375 0.25837678125 0.74342638671875 0.24461969010416665 0.74032730078125 0.22865097135416668 0.737448013671875 0.21973993749999998 0.361300572265625 0.3684819609375 0.3640092734375 0.384125515625 0.366986287109375 0.39745980989583335 0.371134458984375 0.41176959375000005
0 0.7265664140625 0.22442555729166666 0.72095391015625 0.1958705078125 0.37562105859375 0.3199856979166667 0.382507767578125 0.3578290833333333 0.7265664140625 0.22442555729166666
0 0.719904650390625 0.19174015625 0.714218765625 0.15697301822916668 0.367665892578125 0.2779010885416667 0.37425787890625 0.31404236979166666 0.719904650390625 0.19174015625
0 0.711352953125 0.1519986875 0.70603328125 0.1251348359375 0.378950322265625 0.24274159635416667 0.38401430859375 0.2700582109375 0.711352953125 0.1519986875
0 0.706667462890625 0.1191502734375 0.701542896484375 0.08955435677083333 0.37082456640625 0.20738950781249998 0.376033462890625 0.23554301822916668 0.706667462890625 0.1191502734375
0 0.7002008046875 0.08373280989583333 0.692880166015625 0.04724221875 0.349426037109375 0.17256042708333333 0.3554876875 0.20756827864583335 0.7002008046875 0.08373280989583333
0 0.658214109375 0 0.3262946875 0.12000605468749999 0.331621640625 0.15077081770833334 0.697417521484375 0.02135213802083333 0.69622167578125 0.010586898437499999 0.694632923828125 0 0.658214109375 0
0 0.593424126953125 0 0.336321615234375 0.0910901484375 0.339646134765625 0.11221968229166666 0.65448893359375 0 0.593424126953125 0
0 0.500973603515625 0 0.331831404296875 0.0612989609375 0.334125201171875 0.07261689583333333 0.3361308671875 0.08612965364583335 0.585765189453125 0 0.500973603515625 0