0 0.553204908203125 0 0.2317767265625 0.10974080729166667 0.243482919921875 0.158713703125 0.58518397265625 0.05185185416666666 0.578362279296875 0 0.553204908203125 0
0 0.5901677421875 0.11077844270833333 0.582616578125 0.0544022421875 0.24446259765625 0.16101623697916667 0.2553726015625 0.21115848177083332 0.5901677421875 0.11077844270833333
0 0.245620509765625 0.213097203125 0.25126258203125 0.2435258671875 0.611911083984375 0.14363851822916665 0.610213306640625 0.10813104947916667 0.245620509765625 0.213097203125
0 0.6134910390625 0.1838349765625 0.609297248046875 0.14500661979166665 0.249628396484375 0.24719657812499998 0.25592651171875 0.2750094166666667 0.6134910390625 0.1838349765625
0 0.25886401171875 0.27855966666666665 0.269121951171875 0.3359321822916667 0.59509593359375 0.2708673151041667 0.586465828125 0.1975784375 0.25886401171875 0.27855966666666665
0 0.6001625 0.3424375078125 0.5930334375 0.274176796875 0.26758076171875 0.3419673828125 0.280541927734375 0.40367638802083333 0.6001625 0.3424375078125
0 0.28427845703125 0.4048174140625 0.2911790234375 0.4446421640625 0.60133541796875 0.404729953125 0.594140970703125 0.34760025 0.28427845703125 0.4048174140625
0 0.607237390625 0.454565390625 0.60173860546875 0.40515873697916666 0.296685509765625 0.4489993619791666 0.303725544921875 0.4923708098958333 0.607237390625 0.454565390625
0 0.643819654296875 0.5029854765625 0.639486451171875 0.46061033854166666 0.293270142578125 0.49784337760416664 0.300077771484375 0.5353036380208334 0.643819654296875 0.5029854765625
0 0.3009645703125 0.535241671875 0.306746052734375 0.5692171119791667 0.646890525390625 0.5436685546875 0.6420461171875 0.50310940625 0.3009645703125 0.535241671875
0 0.6426270859375 0.6536270208333333 0.63256271875 0.5559339557291666 0.29815712109375 0.5769301640625 0.308113390625 0.65730834375 0.6426270859375 0.6536270208333333
0 0.30504998828125 0.6618043697916667 0.314649658203125 0.7476748880208333 0.6503963359375 0.7572582994791667 0.641926193359375 0.65841796875 0.30504998828125 0.6618043697916667
0 0.66444025390625 0.8239997942708334 0.660854388671875 0.7780160729166666 0.296538658203125 0.7619809010416666 0.2970459375 0.7975103411458333 0.66444025390625 0.8239997942708334
0 0.295365341796875 0.79999884375 0.29685235546875 0.8378307343750001 0.65896865625 0.88839903125 0.654588984375 0.8448416822916666 0.295365341796875 0.79999884375
0 0.6536403125 0.9338201953124999 0.6502403515625 0.8925654583333333 0.297878564453125 0.8413155442708334 0.30001873046875 0.8743164348958333 0.6536403125 0.9338201953124999
0 0.298664662109375 0.8839385468750001 0.302440263671875 0.9121267239583334 0.658160806640625 0.9796775520833334 0.652939419921875 0.9386111458333333 0.298664662109375 0.8839385468750001