0 0.67548825 1 0.67547148046875 0.9868835520833333 0.13308779296875 0.8298827994791668 0.1204413046875 0.8883366223958333 0.50340448046875 1 0.67548825 1
0 0.674748130859375 0.9601076354166667 0.676947171875 0.9463134010416666 0.242321041015625 0.8231365520833333 0.24029115625 0.8358696901041666 0.674748130859375 0.9601076354166667
0 0.678658845703125 0.8625118046875001 0.681196201171875 0.8465953828125 0.683056927734375 0.8349233385416667 0.68672861328125 0.8171103229166666 0.689604283203125 0.7990717109375001 0.69122623046875 0.7784597083333332 0.694271056640625 0.7593600026041667 0.695216375 0.7429923828125 0.2301027578125 0.602302828125 0.225734583984375 0.6088280963541667 0.2230280703125 0.6258056171875 0.217545423828125 0.6497596015625 0.213993125 0.6720425963541666 0.211794083984375 0.6858368281249999 0.208241787109375 0.7081198203125 0.203893470703125 0.7301772161458334 0.200172015625 0.7535213046874999 0.196162015625 0.7734565078125 0.1955705078125 0.7876047369791667 0.661056708984375 0.9207382291666667 0.664748255859375 0.9184573385416667 0.668270642578125 0.9172375416666667 0.6697432890625 0.9132187630208333 0.67240003515625 0.9017723177083333 0.673584134765625 0.8943446536458333 0.67578317578125 0.8805504192708334 0.67730558984375 0.8710005651041667 0.678658845703125 0.8625118046875001
0 0.2336052890625 0.5855509088541667 0.23239446875 0.5983650729166666 0.7059029296875 0.7438029739583333 0.709425318359375 0.7425831770833334 0.71082833984375 0.7285633463541666 0.7133656953125 0.7126469244791668 0.7128383671875 0.7002980833333333 0.23942625 0.5594747317708334 0.2371575859375 0.5632679166666666 0.235296859375 0.5749399609375 0.2336052890625 0.5855509088541667
0 0.28267013671875 0.5074063723958333 0.275202439453125 0.5594689401041667 0.276769498046875 0.5600768177083334 0.708500103515625 0.6857601536458334 0.715485306640625 0.6367241901041667 0.28267013671875 0.5074063723958333
0 0.274123048828125 0.4462051692708333 0.265523158203125 0.5001509088541667 0.27186419140625 0.5021257994791667 0.73799275 0.6364487838541667 0.74611228515625 0.5855162265625 0.274123048828125 0.4462051692708333
0 0.742331259765625 0.5622639427083334 0.750719486328125 0.49920814583333334 0.22646171484375 0.3328843411458333 0.222113400390625 0.35494173437500004 0.216342203125 0.37548683593750004 0.212312740234375 0.4007630104166667 0.226272455078125 0.40713607812499997 0.742331259765625 0.5622639427083334
0 0.751157333984375 0.4860238098958333 0.758769400390625 0.4382745390625 0.759545560546875 0.4229680130208333 0.245128560546875 0.2627602734375 0.24104893359375 0.27269442447916664 0.236242912109375 0.29240403125 0.2327403828125 0.30915595052083333 0.23149003515625 0.3274369739583333 0.751157333984375 0.4860238098958333
0 0.769983529296875 0.36271120052083333 0.261258048828125 0.20855263020833334 0.257516736328125 0.21636459374999997 0.254690833984375 0.2288721328125 0.2532878125 0.24289196614583333 0.2512941484375 0.25539789583333333 0.763167482421875 0.4106860703125 0.769983529296875 0.36271120052083333
0 0.751675103515625 0.35752243229166664 0.753585595703125 0.3403193177083333 0.3728499453125 0.22354321875000002 0.3701815 0.24028194791666668 0.751675103515625 0.35752243229166664
0 0.743068197265625 0.3384476302083333 0.746331947265625 0.31275575260416666 0.384869900390625 0.2003329270833333 0.381356466796875 0.22237213020833335 0.743068197265625 0.3384476302083333
0 0.3533380546875 0.17893353125 0.750123025390625 0.29941271614583337 0.75562553125 0.2909908567708333 0.758909138671875 0.2808311041666667 0.75787433984375 0.271665546875 0.7565012265625 0.2646221822916667 0.3614870078125 0.13825423697916667 0.357407380859375 0.14818838802083334 0.354700869140625 0.16516590885416668 0.3533380546875 0.17893353125
0 0.404074123046875 0.10596237760416666 0.397061263671875 0.14473402864583332 0.395088943359375 0.14666828385416666 0.755247501953125 0.26204879427083333 0.762013783203125 0.2196049973958333 0.404074123046875 0.10596237760416666
0 0.76206355078125 0.2140739270833333 0.767864654296875 0.17246562760416664 0.415208578125 0.056993312500000004 0.411467265625 0.06480527604166667 0.409099068359375 0.07966060416666666 0.40660565234375 0.09530139583333334 0.40542737890625 0.09747361979166667 0.76206355078125 0.2140739270833333