0 0.470486859375 0 0.264479669921875 0.0435044453125 0.212822712890625 0.06081197916666667 0.22035905078125 0.09398073697916666 0.50211430859375 0 0.470486859375 0
0 0.511232890625 0 0.220497943359375 0.09514998958333333 0.225142150390625 0.13007163802083332 0.629346423828125 0 0.511232890625 0
0 0.637186587890625 0 0.22568083203125 0.131213 0.231046306640625 0.16124427864583332 0.675983447265625 0.021680171875 0.672607033203125 0 0.637186587890625 0
0 0.676955537109375 0.05509123958333333 0.67422123828125 0.024504309895833336 0.2303081875 0.16259882291666666 0.235215865234375 0.18990503645833334 0.676955537109375 0.05509123958333333
0 0.23728886328125 0.19109033854166668 0.243487736328125 0.22813745833333332 0.63367547265625 0.11498683072916667 0.62849127734375 0.07851081510416667 0.23728886328125 0.19109033854166668
0 0.642000216796875 0.16195932291666668 0.635706111328125 0.11654196875 0.242749548828125 0.22949193489583333 0.24773387109375 0.2703152734375 0.642000216796875 0.16195932291666668
0 0.2497818125 0.27355481770833334 0.257369728515625 0.3222948619791667 0.656506849609375 0.21563043489583333 0.64883409765625 0.16650931770833333 0.2497818125 0.27355481770833334
0 0.664982111328125 0.2721744427083333 0.657715712890625 0.218572 0.253262234375 0.32555953125 0.260260849609375 0.37577158072916667 0.664982111328125 0.2721744427083333
0 0.254389263671875 0.380458484375 0.26257634765625 0.4266747447916666 0.7119938046875 0.3197808411458333 0.703892064453125 0.2649477890625 0.254389263671875 0.380458484375
0 0.7205539609375 0.37670590885416666 0.713704248046875 0.3266113854166667 0.2611000390625 0.42938376041666665 0.26877690234375 0.4807565963541667 0.7205539609375 0.37670590885416666
0 0.278891099609375 0.4807636171875 0.28361365625 0.5205196796875 0.67796025390625 0.43784992447916665 0.67342711328125 0.3962472109375 0.278891099609375 0.4807636171875
0 0.68135226171875 0.4856694869791667 0.6763518984375 0.44357476041666666 0.28753856640625 0.5232867369791666 0.2932771171875 0.5640269869791666 0.68135226171875 0.4856694869791667
0 0.74031333203125 0.51277275 0.736007474609375 0.47652460937499996 0.29166190625 0.565566671875 0.296946185546875 0.60136596875 0.74031333203125 0.51277275
0 0.287709146484375 0.6155452005208334 0.293352427734375 0.6479151458333333 0.750755953125 0.5595816354166666 0.7466868671875 0.5210159609375 0.287709146484375 0.6155452005208334
0 0.68823360546875 0.6268531484375001 0.68226094921875 0.576573328125 0.304154845703125 0.6480310703125 0.311803640625 0.6931469895833334 0.68823360546875 0.6268531484375001
0 0.69882567578125 0.685746453125 0.691376705078125 0.6381757317708333 0.308928990234375 0.7033584973958332 0.316838326171875 0.7472360781249999 0.69882567578125 0.685746453125
0 0.627653197265625 0.722351953125 0.624597421875 0.6966274140625001 0.32237844921875 0.748463453125 0.32834321875 0.7759710026041667 0.627653197265625 0.722351953125
0 0.71640634765625 0.7959036145833333 0.70594526953125 0.7154072994791667 0.326545412109375 0.7835423385416668 0.337450720703125 0.8591116744791667 0.71640634765625 0.7959036145833333
0 0.334514224609375 0.8657635546875001 0.344880060546875 0.9378895598958333 0.731276296875 0.8866822552083334 0.7197319921875 0.8011943984375001 0.334514224609375 0.8657635546875001
0 0.794694291015625 0.9100213463541666 0.789328802734375 0.8799900677083333 0.35217434765625 0.9387464921875001 0.356223240234375 0.9672039947916667 0.794694291015625 0.9100213463541666
0 0.766933716796875 0.9498617005208333 0.800170869140625 0.9428427031250001 0.795849150390625 0.912174796875 0.356523845703125 0.9677937395833333 0.361012294921875 0.9980102291666667 0.766933716796875 0.9498617005208333
0 0.52951314453125 1 0.707777390625 0.9623542890625 0.3926441796875 1 0.52951314453125 1