0 0.138390189453125 0.9648786588541666 0.185364638671875 0.940671765625 0.0738629765625 0.43483929687499995 0.017346888671875 0.4511500390625 0.138390189453125 0.9648786588541666
0 0.125788408203125 0.41891274739583334 0.071072830078125 0.4344196197916667 0.187710158203125 0.9496905546875 0.23467000390625 0.9313460364583334 0.125788408203125 0.41891274739583334
0 0.238083212890625 0.935414390625 0.28498233203125 0.9221227708333334 0.183472466796875 0.4160491510416667 0.130609412109375 0.43207164583333335 0.238083212890625 0.935414390625
0 0.241408380859375 0.3982493880208333 0.1884297421875 0.41326399739583336 0.28914016796875 0.9197339322916666 0.338037046875 0.9033820833333334 0.241408380859375 0.3982493880208333
0 0.301464984375 0.37638705468749994 0.248301779296875 0.3902435416666667 0.337776283203125 0.9059500312500001 0.389212970703125 0.8862160338541667 0.301464984375 0.37638705468749994
0 0.393859615234375 0.8876346614583334 0.443179583984375 0.8724465625 0.358767314453125 0.35705084895833333 0.302648115234375 0.37242045052083333 0.393859615234375 0.8876346614583334
0 0.4008979921875 0.3566799296875 0.364236296875 0.3658597421875 0.443863482421875 0.871042265625 0.477296458984375 0.8625835755208334 0.4008979921875 0.3566799296875
0 0.478972802734375 0.8635128411458334 0.510423453125 0.8558099244791667 0.439472033203125 0.3434966328125 0.401212650390625 0.35295946093749997 0.478972802734375 0.8635128411458334
0 0.457350626953125 0.3406807578125 0.441088330078125 0.3525522630208333 0.512659732421875 0.8527552786458333 0.55084857421875 0.8417382630208333 0.483036408203125 0.33098032031249996 0.469140421875 0.3349185651041667 0.457350626953125 0.3406807578125
0 0.553663943359375 0.84234471875 0.57277098046875 0.8369296171874999 0.508797181640625 0.32118693489583333 0.484404216796875 0.32817180989583333 0.553663943359375 0.84234471875
0 0.533724123046875 0.3129836875 0.512011560546875 0.31913721614583335 0.5771134453125 0.8356989244791667 0.59745142578125 0.8271994348958334 0.533724123046875 0.3129836875
0 0.59708894921875 0.8300376901041666 0.63777856640625 0.8233476223958333 0.57416142578125 0.25915814583333335 0.53382227734375 0.2714970807291667 0.59708894921875 0.8300376901041666
0 0.64119792578125 0.8163264322916667 0.67941199609375 0.8054962291666666 0.624162314453125 0.243231578125 0.582292607421875 0.25322240625 0.64119792578125 0.8163264322916667
0 0.66412934375 0.27118393749999997 0.631440927734375 0.276816828125 0.68220213671875 0.8059158697916667 0.713236359375 0.7957161432291667 0.66412934375 0.27118393749999997
0 0.716388349609375 0.7925959453125001 0.74275797265625 0.7814912265624999 0.6950261796875 0.2600066458333333 0.66549715625 0.2683754296875 0.716388349609375 0.7925959453125001
0 0.74270344140625 0.7754544869791666 0.788050130859375 0.7638133125 0.74224766015625 0.18610192447916665 0.6965193203125 0.196101515625 0.74270344140625 0.7754544869791666
0 0.79275075 0.16694716145833333 0.74653548046875 0.17883454166666668 0.79376040625 0.7597741041666667 0.835181826171875 0.7465128333333334 0.79275075 0.16694716145833333
0 0.8366315390625 0.7439927161458333 0.903006935546875 0.7276022109375 0.877545501953125 0.13547890364583334 0.79593083203125 0.15273111458333333 0.8366315390625 0.7439927161458333