0 0.1087651953125 0.9603028697916667 0.133265734375 0.9517263828125001 0.03386027734375 0.45524096093750005 0.006158208984375 0.4618687734375 0.1087651953125 0.9603028697916667
0 0.1338954375 0.9506120026041667 0.1568275546875 0.9413330390625 0.0614243046875 0.4482253828125 0.033963263671875 0.45621801041666665 0.1338954375 0.9506120026041667
0 0.107851828125 0.42089796875 0.083193912109375 0.4270657916666667 0.07157337109375 0.4302396822916667 0.05911715234375 0.43257382552083334 0.158075181640625 0.946081015625 0.164451904296875 0.9498678619791666 0.175442689453125 0.9478083229166666 0.18570073046875 0.9458860911458333 0.19481418359375 0.9401929557291666 0.202359162109375 0.9337973515625001 0.107851828125 0.42089796875
0 0.206137546875 0.9271112499999999 0.229905345703125 0.9186720677083334 0.1505723125 0.47534945572916665 0.126947740234375 0.48064054687499996 0.206137546875 0.9271112499999999
0 0.2324124296875 0.9211912786458334 0.2525166640625 0.9134386015625 0.17555466015625 0.47066807031249996 0.15123047265625 0.47708660937499997 0.2324124296875 0.9211912786458334
0 0.257748650390625 0.9134545703125 0.293136984375 0.9018414635416666 0.209095015625 0.416426 0.172035275390625 0.4263596171875 0.257748650390625 0.9134545703125
0 0.295541134765625 0.9033836484375 0.33029971484375 0.8928849270833333 0.252222470703125 0.4073480963541667 0.2149568046875 0.4153275729166667 0.295541134765625 0.9033836484375
0 0.333436556640625 0.8942898177083333 0.36473755078125 0.8864316979166666 0.290068333984375 0.40318881770833337 0.254832595703125 0.4108444088541667 0.333436556640625 0.8942898177083333
0 0.365161279296875 0.8833632239583333 0.3970919765625 0.8743907291666666 0.3269123984375 0.39409322656249995 0.2933577734375 0.4006361901041667 0.365161279296875 0.8833632239583333
0 0.4021180390625 0.87245259375 0.4335338046875 0.8585948880208334 0.372238271484375 0.41176006249999997 0.336540974609375 0.4204419921875 0.4021180390625 0.87245259375
0 0.437609361328125 0.8618165651041667 0.468189396484375 0.8471190885416666 0.40897721875 0.4058719791666667 0.3744363984375 0.4113481588541667 0.437609361328125 0.8618165651041667
0 0.4729976484375 0.8502034661458334 0.500955826171875 0.8389863671875001 0.445337884765625 0.3949121302083333 0.412228884765625 0.40127727083333337 0.4729976484375 0.8502034661458334
0 0.479639021484375 0.3886454348958333 0.448761857421875 0.3934350546875 0.5054550625 0.8391395781250001 0.534019875 0.8308319557291667 0.479639021484375 0.3886454348958333
0 0.538106666015625 0.837006453125 0.555486005859375 0.8317570833333333 0.4969796796875 0.34688443229166666 0.479389185546875 0.3508309427083333 0.538106666015625 0.837006453125
0 0.557787171875 0.8323222526041666 0.574433720703125 0.8272102005208333 0.5187385 0.3428070963541667 0.4992755625 0.3481008255208333 0.557787171875 0.8323222526041666
0 0.579139029296875 0.8293174895833334 0.614630302734375 0.8186814713541667 0.561336998046875 0.33372892447916663 0.521154142578125 0.34300470052083337 0.579139029296875 0.8293174895833334
0 0.6181908828125 0.8170179505208334 0.65441494921875 0.8062446145833334 0.60382223828125 0.32357624479166663 0.563548904296875 0.33406409374999996 0.6181908828125 0.8170179505208334
0 0.711543466796875 0.8094882838541667 0.664881994140625 0.3100937786458333 0.6157972109375 0.32023654687499997 0.66558812890625 0.8200924453125 0.711543466796875 0.8094882838541667
0 0.76388726171875 0.7956943072916666 0.723717330078125 0.29408698697916663 0.6762965078125 0.30496576302083334 0.720233091796875 0.806863640625 0.76388726171875 0.7956943072916666
0 0.76029421484375 0.3221051588541667 0.733286587890625 0.32816240625 0.7679864453125 0.7849627057291667 0.793219720703125 0.7762488411458334 0.76029421484375 0.3221051588541667
0 0.79427316015625 0.7720660572916667 0.81887673828125 0.7644666406249999 0.790281607421875 0.3149336302083333 0.761759697265625 0.3218305442708333 0.79427316015625 0.7720660572916667
0 0.849868671875 0.7536773619791667 0.82222253515625 0.2716429296875 0.791958705078125 0.2762687057291667 0.8224373125 0.7628030520833334 0.849868671875 0.7536773619791667
0 0.850189515625 0.7496318541666667 0.877620876953125 0.7405061640625 0.853092494140625 0.2637172473958333 0.822119546875 0.2706658671875 0.850189515625 0.7496318541666667
0 0.883058876953125 0.7424761588541666 0.92095430078125 0.7333823255208333 0.8998336640625 0.2549585234375 0.85572160546875 0.2633729036458333 0.883058876953125 0.7424761588541666
0 0.945429171875 0.24312728385416668 0.902936453125 0.25054003125 0.92639230859375 0.7353523802083334 0.962719357421875 0.7255560651041667 0.951206578125 0.4178486744791667 0.945429171875 0.24312728385416668