0 0.5130952890625 1 0.65877773046875 0.9864171875 0.73197549609375 0.9690971979166667 0.727780666015625 0.9357773749999999 0.454668669921875 1 0.5130952890625 1
0 0.434838271484375 1 0.72923404296875 0.9323795208333333 0.726588833984375 0.9130520572916666 0.37664274609375 0.9913524192708333 0.37742336328125 1 0.434838271484375 1
0 0.72798545703125 0.9085720468749999 0.72696388671875 0.8890932057291666 0.37533740625 0.9664627864583334 0.375660666015625 0.9881816354166667 0.72798545703125 0.9085720468749999
0 0.727546017578125 0.8846378880208333 0.724730544921875 0.862063953125 0.284428189453125 0.9596632421875001 0.28735323828125 0.9843265130208333 0.727546017578125 0.8846378880208333
0 0.725258595703125 0.8565774765624999 0.721120521484375 0.8243398098958333 0.3441573671875 0.9008093281249999 0.346082533203125 0.9375175208333334 0.725258595703125 0.8565774765624999
0 0.721007013671875 0.8221754921875001 0.71785101953125 0.7931086093749999 0.28098346875 0.8784257083333333 0.28344115234375 0.9097325963541666 0.721007013671875 0.8221754921875001
0 0.2783555234375 0.8438723489583334 0.2807510859375 0.8739947239583333 0.71692569140625 0.7910199869791666 0.71711321875 0.7790405598958333 0.714581515625 0.7618774166666666 0.2783555234375 0.8438723489583334
0 0.715978140625 0.7573974010416666 0.713009671875 0.7163510911458334 0.272611076171875 0.7965601640625 0.2765558203125 0.8406665807291667 0.715978140625 0.7573974010416666
0 0.712896166015625 0.7141867786458334 0.70819055078125 0.6711275364583332 0.26646934765625 0.741672875 0.270470142578125 0.78684803125 0.712896166015625 0.7141867786458334
0 0.709643927734375 0.6677296796875 0.70660144140625 0.6408271145833333 0.26406841796875 0.7114481432291666 0.265536892578125 0.7394483463541667 0.709643927734375 0.6677296796875
0 0.708111572265625 0.6385114166666667 0.706692724609375 0.61145746875 0.2649715234375 0.6820028098958333 0.26476673046875 0.7092081380208333 0.708111572265625 0.6385114166666667
0 0.7041437578125 0.6095202265625 0.702668158203125 0.5813841223958334 0.261531759765625 0.647525140625 0.26299940234375 0.6755095052083333 0.7041437578125 0.6095202265625
0 0.70093101171875 0.5793711874999999 0.699625671875 0.5544815572916667 0.2573369296875 0.6142053177083333 0.259729494140625 0.6442705260416667 0.70093101171875 0.5793711874999999
0 0.702759443359375 0.5520144765625 0.701340595703125 0.5249605286458333 0.2550495078125 0.5861449010416667 0.256402814453125 0.6119491197916667 0.702759443359375 0.5520144765625
0 0.2672440703125 0.5697836432291666 0.26757535546875 0.5761004270833333 0.704020333984375 0.5138361901041667 0.69710627734375 0.4753326484375 0.266239765625 0.5350788984375 0.2672440703125 0.5697836432291666
0 0.695425884765625 0.47440187239583337 0.684578541015625 0.37645534114583334 0.249613443359375 0.4202719869791667 0.256261083984375 0.5314711197916667 0.695425884765625 0.47440187239583337
0 0.685861658203125 0.3698110104166667 0.67913016796875 0.27256818489583334 0.240991810546875 0.30254384895833336 0.247524380859375 0.4115488776041667 0.685861658203125 0.3698110104166667
0 0.67890315234375 0.26823955208333333 0.675463388671875 0.23376188020833333 0.239363212890625 0.2559353697916667 0.242034955078125 0.29132386979166663 0.67890315234375 0.26823955208333333
0 0.676860013671875 0.22928186979166668 0.67336349609375 0.1937220390625 0.237791369140625 0.21040904687499998 0.239009185546875 0.24918493489583335 0.676860013671875 0.22928186979166668
0 0.674646611328125 0.1870777109375 0.67132035546875 0.15476435677083333 0.23274366796875 0.16082706510416667 0.23641044921875 0.1996333671875 0.674646611328125 0.1870777109375
0 0.6703367109375 0.15156378125 0.668407078125 0.11477041406249999 0.22971844921875 0.1186986015625 0.231691681640625 0.15632334895833333 0.6703367109375 0.15156378125
0 0.667424998046875 0.11159963020833334 0.66392848046875 0.07603980208333333 0.229071931640625 0.07526090104166668 0.231044603515625 0.11287491666666666 0.667424998046875 0.11159963020833334
0 0.66543861328125 0.07372410416666667 0.6618285859375 0.0359999609375 0.22529164453125 0.034290283854166666 0.22552660546875 0.06988063020833334 0.66543861328125 0.07372410416666667
0 0.48690469921875 0 0.25990276953125 0.0211646953125 0.659921177734375 0.030740552083333334 0.656188787109375 0 0.48690469921875 0