0 0.017562578125 0.6787772734374999 0.047868376953125 0.6870040546874999 0.130691357421875 0.22939292447916668 0.10000175 0.21887229166666666 0.017562578125 0.6787772734374999
0 0.054938220703125 0.6897679999999999 0.0868465 0.69837153125 0.16594591015625 0.23768136197916667 0.134838873046875 0.22926620572916667 0.054938220703125 0.6897679999999999
0 0.09165394140625 0.6995017734375 0.1506630625 0.7155785885416667 0.228582578125 0.23257485677083334 0.17373214453125 0.2174757604166667 0.09165394140625 0.6995017734375
0 0.158675458984375 0.7174623255208333 0.215139544921875 0.7340426067708333 0.293059060546875 0.25103887239583333 0.239968919921875 0.23525181510416668 0.158675458984375 0.7174623255208333
0 0.221832095703125 0.7334124270833334 0.263355251953125 0.7442764401041666 0.343773154296875 0.267369125 0.29937023828125 0.25472626302083334 0.221832095703125 0.7334124270833334
0 0.268681302734375 0.7477322239583333 0.311147017578125 0.7577160260416668 0.3891611953125 0.2802435885416667 0.347638037109375 0.2693795755208333 0.268681302734375 0.7477322239583333
0 0.3143519765625 0.7584695208333333 0.342112740234375 0.767199765625 0.420456203125 0.2809902786458333 0.39450525390625 0.2726855260416667 0.3143519765625 0.7584695208333333
0 0.343715220703125 0.7675765130208334 0.370957376953125 0.7739812135416666 0.44821696875 0.2897205234375 0.423215728515625 0.2805372395833333 0.343715220703125 0.7675765130208334
0 0.378875111328125 0.7703336536458334 0.420398271484375 0.7811976666666666 0.4926171640625 0.32880614583333334 0.452117884765625 0.3181828489583333 0.378875111328125 0.7703336536458334
0 0.421859435546875 0.7826429973958334 0.462581353515625 0.7933186380208334 0.53748659765625 0.3393550677083333 0.4992614453125 0.330368234375 0.421859435546875 0.7826429973958334
0 0.462958646484375 0.796712765625 0.48204708984375 0.8023023177083334 0.560815857421875 0.33161813802083334 0.54102916015625 0.326966234375 0.462958646484375 0.796712765625
0 0.483508251953125 0.8037476484375 0.50353925 0.8084569895833332 0.582166705078125 0.33884139583333334 0.561334466796875 0.3339436796875 0.483508251953125 0.8037476484375
0 0.50566033984375 0.81115928125 0.54558101953125 0.8216465442708333 0.623312568359375 0.34631128125 0.58430684375 0.3371409322916667 0.50566033984375 0.81115928125
0 0.5959249453125 0.8356861536458333 0.63424314453125 0.8457966692708333 0.70259579296875 0.3726636328125 0.66346149609375 0.36346305729166667 0.5959249453125 0.8356861536458333
0 0.639474529296875 0.84372115625 0.67859396875 0.8540200494791667 0.749209021484375 0.38252071875 0.70914702734375 0.3731020390625 0.639474529296875 0.84372115625
0 0.68340140625 0.8551502916666666 0.706496048828125 0.8616817109375 0.786251302734375 0.34605531250000005 0.764107806640625 0.3397475104166667 0.68340140625 0.8551502916666666
0 0.7097010078125 0.8624352057291667 0.7303919296875 0.8684015026041667 0.81255090234375 0.3533402265625 0.78945626171875 0.34680880729166663 0.7097010078125 0.8624352057291667
0 0.7491044375 0.8893279895833334 0.7778077578125 0.8971780234375001 0.865478025390625 0.3404419401041667 0.836140462890625 0.3324427916666667 0.7491044375 0.8893279895833334
0 0.785301546875 0.89673621875 0.822959822265625 0.9055897786458332 0.915578845703125 0.34891535156250003 0.877543275390625 0.3366676614583333 0.785301546875 0.89673621875
0 0.826966021484375 0.9065316458333333 0.863681740234375 0.9162654166666666 0.955358208984375 0.3604712005208333 0.91897126953125 0.3497129192708333 0.826966021484375 0.9065316458333333