0 0.63824953515625 1 0.328858744140625 0.9155459088541668 0.322212783203125 0.9645575625 0.40888315234375 0.9869905755208334 0.470486857421875 1 0.63824953515625 1
0 0.722040201171875 1 0.72640337109375 0.9676471848958333 0.335008142578125 0.8707144427083334 0.328309509765625 0.9132332760416667 0.649499796875 1 0.722040201171875 1
0 0.725432181640625 0.9619504765625 0.733443634765625 0.9153161380208333 0.3419211328125 0.8194548385416667 0.336718267578125 0.863254296875 0.725432181640625 0.9619504765625
0 0.73154138671875 0.9105211328124999 0.740276359375 0.8508597109374999 0.38864831640625 0.7590300052083333 0.38141056640625 0.8199598255208334 0.73154138671875 0.9105211328124999
0 0.740490779296875 0.8421184140625 0.746687126953125 0.7830192135416666 0.39683405859375 0.6970559557291667 0.38892166015625 0.7567289062500001 0.740490779296875 0.8421184140625
0 0.747196228515625 0.7787334348958334 0.7517781328125 0.7401614244791667 0.327427810546875 0.6362692473958333 0.322739349609375 0.67573828125 0.747196228515625 0.7787334348958334
0 0.75740461328125 0.7413496197916666 0.762241068359375 0.7006347213541666 0.326510509765625 0.5954375963541666 0.32220513671875 0.6316816692708334 0.75740461328125 0.7413496197916666
0 0.767867546875 0.7018229166666666 0.770667599609375 0.6782511328125 0.275457111328125 0.5604930833333334 0.27238555859375 0.5794141979166666 0.767867546875 0.7018229166666666
0 0.770754744140625 0.6705812786458334 0.773976751953125 0.6503935703125 0.278638990234375 0.5337069635416667 0.27662662109375 0.5506477578125 0.770754744140625 0.6705812786458334
0 0.76065413671875 0.6376952083333333 0.761933767578125 0.6061140833333333 0.34938563671875 0.5069109322916666 0.344915697265625 0.5376041223958333 0.76065413671875 0.6376952083333333
0 0.76392316015625 0.6032392369791667 0.7677414140625 0.5710958958333333 0.35413494921875 0.47386588802083335 0.350724384765625 0.5025771614583333 0.76392316015625 0.6032392369791667
0 0.771083818359375 0.5707034192708333 0.77689834375 0.5148185520833334 0.384062958984375 0.4230732864583333 0.3778264765625 0.47557407812499997 0.771083818359375 0.5707034192708333
0 0.77660366015625 0.5103630312499999 0.78543265625 0.42216508072916664 0.380031427734375 0.33215946354166664 0.367721103515625 0.4149831328125 0.77660366015625 0.5103630312499999
0 0.39165359765625 0.24125640625 0.380277044921875 0.3231555208333333 0.54155164453125 0.35967924479166663 0.786705408203125 0.4114506328125 0.7979858828125 0.33036032291666667 0.39165359765625 0.24125640625
0 0.79883667578125 0.316261796875 0.80274207421875 0.2764486015625 0.3860007421875 0.1917364453125 0.38090355078125 0.2277100625 0.79883667578125 0.316261796875
0 0.80388755078125 0.26680559895833333 0.80808762890625 0.231447921875 0.390415240234375 0.14763747135416666 0.385995818359375 0.18484164322916666 0.80388755078125 0.26680559895833333
0 0.80737098828125 0.22360832552083332 0.81186575 0.19270617187500003 0.430785546875 0.11991819791666668 0.42670914453125 0.14729846354166667 0.80737098828125 0.22360832552083332
0 0.813178634765625 0.18859013541666667 0.816447654296875 0.1541341640625 0.435112900390625 0.083489078125 0.431164876953125 0.10978859895833333 0.813178634765625 0.18859013541666667
0 0.819622654296875 0.14821472135416666 0.8261870703125 0.1276345390625 0.82889998046875 0.11173261197916667 0.825095484375 0.10214259895833333 0.39617013671875 0.015955755208333335 0.393926193359375 0.02097349479166667 0.391253416015625 0.04347383072916666 0.3887079140625 0.0649027265625 0.819622654296875 0.14821472135416666
0 0.394783505859375 0 0.3950315390625 0.004732078125 0.82983791796875 0.08996423437500001 0.835471275390625 0.07028575260416667 0.8349424140625 0.06450032552083333 0.52951314453125 0 0.394783505859375 0