0 0.69030153515625 1 0.692589431640625 0.9748540416666667 0.243377626953125 0.9520392421875 0.470486857421875 1 0.69030153515625 1
0 0.2962041015625 0.871375875 0.28935253125 0.9290546901041666 0.682823642578125 0.9530219010416667 0.6861798046875 0.9108960729166666 0.6838556015625 0.9027169895833334 0.2962041015625 0.871375875
0 0.304644392578125 0.8072589348958333 0.29711823828125 0.8636803515625 0.687707107421875 0.898038734375 0.690386763671875 0.8546717213541667 0.6871315 0.8473943411458333 0.304644392578125 0.8072589348958333
0 0.694975546875 0.7952330364583333 0.31456497265625 0.7445529244791667 0.31232103125 0.7495706614583333 0.307040681640625 0.8009586640625 0.694198138671875 0.8433950546875 0.6963686953125 0.8043138203125001 0.694975546875 0.7952330364583333
0 0.65364780859375 0.77552225 0.65768048046875 0.734637609375 0.345129357421875 0.6884031015625 0.339683716796875 0.7342463307291666 0.65364780859375 0.77552225
0 0.661150162109375 0.7331736875 0.66569193359375 0.6880032682291667 0.349885546875 0.6344913828125 0.343255783203125 0.6833667109375 0.661150162109375 0.7331736875
0 0.665142703125 0.6856906380208333 0.669088232421875 0.6524758515625 0.36474922265625 0.5925990546875001 0.357531638671875 0.6325503255208333 0.665142703125 0.6856906380208333
0 0.37276067578125 0.5459647161458333 0.3679643515625 0.5932780234375 0.69654412109375 0.6571756432291667 0.701969943359375 0.6253717864583334 0.7026934609375 0.6123447083333333 0.37276067578125 0.5459647161458333
0 0.30681723046875 0.5045807630208333 0.305839162109375 0.5197507317708333 0.708112400390625 0.6014075286458334 0.71162909375 0.5856753411458333 0.714214728515625 0.5708448593750001 0.71345795703125 0.5564068489583334 0.713123142578125 0.5453529166666666 0.31216278515625 0.45958008593750005 0.312584744140625 0.4629641614583333 0.30898090625 0.486366203125 0.30681723046875 0.5045807630208333
0 0.710839068359375 0.5437722473958333 0.713391451171875 0.5014766744791667 0.356813435546875 0.40969995833333334 0.3512485703125 0.45654686979166664 0.710839068359375 0.5437722473958333
0 0.337649923828125 0.40455470052083337 0.70091275 0.49554646874999997 0.702902142578125 0.49267161458333336 0.70713547265625 0.48477902864583333 0.706927935546875 0.4726536536458333 0.705789337890625 0.4614299765625 0.34168259375 0.36367005989583334 0.34130076953125 0.36688439062499995 0.34099920703125 0.3832955494791667 0.337649923828125 0.40455470052083337
0 0.71915896484375 0.4598600755208333 0.724631794921875 0.413787953125 0.368228064453125 0.3066715234375 0.362246134765625 0.35702942708333335 0.71915896484375 0.4598600755208333
0 0.723533328125 0.40916269010416667 0.72917356640625 0.3686175338541667 0.375100921875 0.24881351041666666 0.368991716796875 0.30024285677083334 0.723533328125 0.40916269010416667
0 0.366283740234375 0.225931921875 0.3638493828125 0.23948890364583333 0.728219927734375 0.3627730755208333 0.733129767578125 0.35612167447916665 0.735166169921875 0.3389785598958333 0.735213181640625 0.32471029427083337 0.731957916015625 0.3174329140625 0.369894455078125 0.18166320312499998 0.37039667578125 0.19824410156250002 0.36781104296875 0.21307458333333332 0.366283740234375 0.225931921875
0 0.737376857421875 0.30649573177083334 0.74531492578125 0.22579789583333332 0.371456150390625 0.06447248697916667 0.3576562265625 0.1667723671875 0.737376857421875 0.30649573177083334
0 0.3771090546875 0 0.370317552734375 0.0532488125 0.744176328125 0.21457422395833334 0.750634107421875 0.13246545572916665 0.469162029296875 0 0.3771090546875 0
0 0.5004938671875 0 0.75232881640625 0.12513508333333334 0.757339556640625 0.0690804765625 0.689020146484375 0.0336845703125 0.52951314453125 0 0.5004938671875 0