0 0.12655794140625 0.8101631614583332 0.163619330078125 0.8032183098958333 0.0704585 0.23117113541666667 0.02845726171875 0.23685018489583332 0.12655794140625 0.8101631614583332
0 0.169838271484375 0.7998614895833334 0.2051750390625 0.7921440781250001 0.112467244140625 0.2243949401041667 0.076211537109375 0.23118881770833333 0.169838271484375 0.7998614895833334
0 0.209203451171875 0.791389203125 0.240045900390625 0.787801171875 0.15802562890625 0.22791092187499998 0.122492828125 0.2323778671875 0.209203451171875 0.791389203125
0 0.24626483984375 0.7844443515625 0.27849213671875 0.7784053489583332 0.20314384375 0.21945632031249998 0.168767892578125 0.22699368489583335 0.24626483984375 0.7844443515625
0 0.317164890625 0.7711585468750001 0.325108455078125 0.7685742890624999 0.260030705078125 0.2602958697916667 0.214385193359375 0.26994501302083335 0.2830997109375 0.7753504817708333 0.28643569921875 0.7758210911458333 0.317164890625 0.7711585468750001
0 0.327172857421875 0.7725703776041667 0.36342856640625 0.7657765 0.294878376953125 0.20117065364583334 0.2602986875 0.20655473177083336 0.327172857421875 0.7725703776041667
0 0.40314638671875 0.7528552005208334 0.344967134765625 0.24766701822916667 0.322987193359375 0.24959432552083335 0.3045697578125 0.2541412604166667 0.36653803515625 0.7640980911458333 0.38748577734375 0.7601727421875001 0.40314638671875 0.7528552005208334
0 0.39169671484375 0.23891046614583333 0.352417572265625 0.24627089843750002 0.40371268359375 0.7582277473958333 0.4391627109375 0.7515848463541667 0.443770287109375 0.7485299791666667 0.39169671484375 0.23891046614583333
0 0.446187333984375 0.7480770520833334 0.47530516015625 0.7437164609375001 0.422629234375 0.18161463802083333 0.392592466796875 0.18505169270833333 0.446187333984375 0.7480770520833334
0 0.4786411484375 0.7441870703125 0.507758974609375 0.7398264791666667 0.457273576171875 0.1751227109375 0.428042490234375 0.17840879166666668 0.4786411484375 0.7441870703125
0 0.510641923828125 0.7359990494791666 0.551265822265625 0.731673828125 0.512888853515625 0.21948773958333334 0.467079365234375 0.22697614322916668 0.510641923828125 0.7359990494791666
0 0.598212369140625 0.7239723515625 0.5622524453125 0.21133334114583333 0.541191443359375 0.2141841796875 0.516351439453125 0.2188388932291667 0.556896048828125 0.7295230572916668 0.580487357421875 0.7272938020833334 0.598212369140625 0.7239723515625
0 0.613607861328125 0.7375234218750001 0.6369726484375 0.7331451458333333 0.600410369140625 0.1680238203125 0.573974189453125 0.17297763802083332 0.613607861328125 0.7375234218750001
0 0.64261242578125 0.7320883203125 0.66770183984375 0.7284826015625 0.634362291015625 0.16275737760416667 0.60632273828125 0.1680116458333333 0.64261242578125 0.7320883203125
0 0.665676037109375 0.7014688880208334 0.68892756640625 0.6960161015624999 0.66328965625 0.20335753125 0.6364756171875 0.2061906875 0.665676037109375 0.7014688880208334
0 0.689846509765625 0.6969396354166667 0.72265296875 0.6886006406249999 0.69954536328125 0.1965636536458333 0.665766361328125 0.2017976953125 0.689846509765625 0.6969396354166667
0 0.72887191015625 0.6852438203125 0.747289345703125 0.6806968854166667 0.7236386328125 0.23806965624999998 0.70528944921875 0.2415080703125 0.72887191015625 0.6852438203125
0 0.7567181484375 0.6844087083333333 0.774216642578125 0.6789382369791667 0.755400025390625 0.23540515885416669 0.73671885546875 0.23561858333333333 0.7567181484375 0.6844087083333333
0 0.786628791015625 0.6875696822916666 0.83232616796875 0.6768150885416667 0.818096478515625 0.10531744270833333 0.76639271875 0.11171889583333333 0.786628791015625 0.6875696822916666
0 0.837047001953125 0.6748347265625 0.886080369140625 0.6645507395833333 0.879441599609375 0.09491784895833333 0.8262545234375 0.1026929921875 0.837047001953125 0.6748347265625