0 0.142316544921875 0.7436034088541666 0.163441162109375 0.7450795338541667 0.147260654296875 0.3690861953125 0.12542034765625 0.36756005729166663 0.142316544921875 0.7436034088541666
0 0.162713859375 0.7428555963541666 0.182855626953125 0.7486092760416666 0.168385271484375 0.37056232031249997 0.149073447265625 0.36703975 0.162713859375 0.7428555963541666
0 0.189227734375 0.7523142161458334 0.20795748828125 0.7525364401041666 0.228269619140625 0.7539557916666667 0.243706841796875 0.7550344973958333 0.26389119921875 0.7597045963541667 0.2744961015625 0.7593590755208334 0.26466817578125 0.26320163802083335 0.174524900390625 0.2558161328125 0.189227734375 0.7523142161458334
0 0.288180578125 0.7635749817708333 0.308577890625 0.7628271692708334 0.324827595703125 0.7639626510416666 0.344242060546875 0.7674923932291667 0.36126166015625 0.7697682317708333 0.37507391015625 0.7707333906249999 0.37927119140625 0.27012319791666667 0.282677533203125 0.264460078125 0.288180578125 0.7635749817708333
0 0.4316207421875 0.32702259895833335 0.387137720703125 0.32282769791666666 0.3808038984375 0.7700472265624999 0.401928517578125 0.7715233515625001 0.42215546484375 0.7751098671875 0.4316207421875 0.32702259895833335
0 0.435839943359375 0.7793257734375 0.45452710546875 0.780631578125 0.465089412109375 0.781369640625 0.480327267578125 0.331512625 0.4609128046875 0.3279828828125 0.435086240234375 0.32617819791666663 0.42442255859375 0.7796145208333334 0.435839943359375 0.7793257734375
0 0.516161802734375 0.33184351822916663 0.484617544921875 0.330725859375 0.4683819453125 0.7805131562500001 0.4943388828125 0.7834135052083333 0.49844390234375 0.7826137968750001 0.516161802734375 0.33184351822916663
0 0.50148088671875 0.7882588046875 0.52910538671875 0.7901891223958333 0.55152458203125 0.3234489817708333 0.522469640625 0.32141870833333336 0.50148088671875 0.7882588046875
0 0.5534799453125 0.79189234375 0.559295115234375 0.7890390156249999 0.58727393359375 0.3259470390625 0.55416442578125 0.3236334453125 0.532397919921875 0.7893326354166667 0.5388126171875 0.7919539947916667 0.5534799453125 0.79189234375
0 0.578496623046875 0.7979866692708333 0.597226376953125 0.7982088906249999 0.618308404296875 0.8007685989583333 0.631265576171875 0.8027605651041667 0.669416876953125 0.30886921614583335 0.590774466796875 0.30446047395833337 0.56156220703125 0.7935436666666668 0.578496623046875 0.7979866692708333
0 0.640972810546875 0.8045254375 0.6735148125 0.8057128177083334 0.709618484375 0.3431885833333333 0.67726690625 0.34310106510416666 0.640972810546875 0.8045254375
0 0.68630162109375 0.8120391145833333 0.717988546875 0.8142533046875 0.762557798828125 0.34362814843749995 0.724615697265625 0.3409768671875 0.68630162109375 0.8120391145833333
0 0.72213615625 0.8123700078125 0.757842916015625 0.8159516510416666 0.8063894140625 0.34777753125 0.77008356640625 0.3452405859375 0.72213615625 0.8123700078125
0 0.8259686875 0.3697902838541667 0.806657927734375 0.36844090625000003 0.762319189453125 0.786927359375 0.776131439453125 0.7878925182291666 0.7810063515625 0.7882331614583333 0.8259686875 0.3697902838541667
0 0.864925390625 0.3735990234375 0.828557880859375 0.3710577682291667 0.782631322265625 0.7883467109375001 0.807733185546875 0.7922738697916666 0.815215916015625 0.7884505078125 0.864925390625 0.3735990234375