0 0.31407015625 0 0.3110923046875 0.04538265624999999 0.7834627890625 0.12781844010416668 0.7892894296875 0.07977396875 0.36781480859375 0 0.31407015625 0
0 0.31270674609375 0.047947765625 0.3097220859375 0.10701931510416667 0.781110947265625 0.18166898177083335 0.785884447265625 0.13166614583333333 0.31270674609375 0.047947765625
0 0.764313697265625 0.31097424739583335 0.77243922265625 0.18714067447916669 0.3111043671875 0.11312255729166666 0.300392091796875 0.24714869010416665 0.764313697265625 0.31097424739583335
0 0.2944316015625 0.25853855468750003 0.28779912890625 0.40037228124999996 0.761064880859375 0.4555794661458333 0.771116119140625 0.31905111979166667 0.2944316015625 0.25853855468750003
0 0.753811916015625 0.5117763307291666 0.75698473828125 0.4634222890625 0.285488212890625 0.4084214869791667 0.2836852421875 0.4569430572916667 0.753811916015625 0.5117763307291666
0 0.28304525 0.45923753125000005 0.279872427734375 0.5075915729166667 0.75225352734375 0.5626955625 0.756310958984375 0.5144447109375 0.28304525 0.45923753125000005
0 0.28013791796875 0.517129671875 0.27608051953125 0.5653805286458333 0.74710145703125 0.6103376145833334 0.75105937890625 0.567309828125 0.28013791796875 0.517129671875
0 0.742214666015625 0.6613496875 0.7460399609375 0.6166368125 0.27488633984375 0.5699947890625 0.272675537109375 0.6172727005208333 0.742214666015625 0.6613496875
0 0.73973832421875 0.6990893359375 0.74117529296875 0.6636051458333333 0.280327419921875 0.6229188697916667 0.276656947265625 0.6652729427083334 0.73973832421875 0.6990893359375
0 0.73591304296875 0.7438022135416666 0.738389396484375 0.70606240625 0.271924341796875 0.6694744427083333 0.270006740234375 0.7102235703124999 0.73591304296875 0.7438022135416666
0 0.734122521484375 0.7982594192708333 0.739064556640625 0.7501117578125 0.2689836796875 0.7142903541666666 0.26723461328125 0.7674107083333334 0.734122521484375 0.7982594192708333
0 0.266076396484375 0.7721826614583334 0.2636333828125 0.8229985390625 0.73055292578125 0.8475986484375001 0.73227591015625 0.7992323619791667 0.266076396484375 0.7721826614583334
0 0.696075068359375 0.9162257734375 0.700906361328125 0.8561812031249999 0.261477234375 0.82868909375 0.2567776171875 0.8968965911458334 0.696075068359375 0.9162257734375
0 0.257718716796875 0.8995542864583334 0.254269681640625 0.9657020182291666 0.69340351171875 0.9805061067708333 0.69761212109375 0.9199702864583333 0.257718716796875 0.8995542864583334
0 0.689828396484375 1 0.6903151328125 0.9904227083333333 0.2530755625 0.9703162838541667 0.252888560546875 0.9730839869791666 0.48362714453125 1 0.689828396484375 1