0 0.123738765625 0.9184475911458333 0.168241646484375 0.9122110026041667 0.11894313671875 0.317953125 0.075234240234375 0.3229874010416667 0.123738765625 0.9184475911458333
0 0.172202296875 0.9105649140625 0.2159811015625 0.9055208437500001 0.167746931640625 0.3143869505208333 0.125668763671875 0.31919269791666666 0.172202296875 0.9105649140625
0 0.225605755859375 0.9030810052083332 0.266616869140625 0.8940606119791666 0.218083947265625 0.3095148671875 0.17601822265625 0.3143188671875 0.225605755859375 0.9030810052083332
0 0.231372544921875 0.291286921875 0.221769255859375 0.29263271614583336 0.266872064453125 0.8972979869791667 0.276751916015625 0.8980955286458333 0.286631765625 0.8988930703125 0.301920423828125 0.8956594869791666 0.30967159375 0.8902090572916667 0.262844068359375 0.28578548697916667 0.256370921875 0.28669262760416664 0.243509693359375 0.28958603385416665 0.231372544921875 0.291286921875
0 0.283881794921875 0.28283728125 0.269350421875 0.28378264583333335 0.31001185546875 0.8945255598958334 0.3146965859375 0.8916869557291666 0.323213345703125 0.89594865625 0.34118462890625 0.8956122708333334 0.35306658203125 0.8906740078125001 0.31624752734375 0.27830158072916666 0.309604248046875 0.27705047135416666 0.293506447265625 0.2803974453125 0.283881794921875 0.28283728125
0 0.363075052734375 0.8827251510416666 0.401104787109375 0.8773957031249999 0.365773357421875 0.29427305468750004 0.3277058125 0.2974257083333333 0.363075052734375 0.8827251510416666
0 0.402638009765625 0.8760897942708333 0.43994366796875 0.8719528619791667 0.403079015625 0.290136125 0.369152486328125 0.29379950520833337 0.402638009765625 0.8760897942708333
0 0.444329646484375 0.8757024036458333 0.463664021484375 0.8719018567708333 0.432077513671875 0.31553055468749996 0.408679076171875 0.31771854166666663 0.444329646484375 0.8757024036458333
0 0.466261580078125 0.8737199296874999 0.48891759375 0.8705449401041667 0.45383931640625 0.31138983072916665 0.43368367578125 0.313123375 0.466261580078125 0.8737199296874999
0 0.493517255859375 0.8666272083333334 0.5233704921875 0.8613525598958334 0.489018337890625 0.2802747682291667 0.458435521484375 0.28456061197916666 0.493517255859375 0.8666272083333334
0 0.52660706640625 0.8608989895833333 0.556545369140625 0.8567034661458334 0.52542978515625 0.27517210416666665 0.496300625 0.279254234375 0.52660706640625 0.8608989895833333
0 0.56744396484375 0.8911806770833333 0.60087403515625 0.8897689583333334 0.56449051953125 0.1791413307291667 0.53060573046875 0.18279886197916664 0.56744396484375 0.8911806770833333
0 0.60262094140625 0.8807957812499999 0.614034013671875 0.8802874088541667 0.58372553125 0.31937282031249997 0.572589447265625 0.32093341927083335 0.60262094140625 0.8807957812499999
0 0.613652240234375 0.8650662630208333 0.624171103515625 0.8635921588541667 0.590885328125 0.26490818489583334 0.58388383984375 0.26698041145833334 0.613652240234375 0.8650662630208333
0 0.625874455078125 0.8644445 0.634519833984375 0.8599598072916667 0.6056200390625 0.26502536979166663 0.5944621640625 0.26877111718749996 0.625874455078125 0.8644445
0 0.642142388671875 0.8632557734374999 0.65760117578125 0.8621804427083334 0.62530284375 0.18262066145833333 0.60834406640625 0.18281515625 0.642142388671875 0.8632557734374999
0 0.682599552734375 0.8575861484375 0.6513655625 0.18115034895833335 0.6431890625 0.18120515104166668 0.632794517578125 0.18157078645833333 0.665522478515625 0.8588882682291666 0.669568193359375 0.8583213046874999 0.682599552734375 0.8575861484375
0 0.68323856640625 0.8553145052083333 0.711303384765625 0.8481083906250001 0.68763409375 0.32990524479166666 0.661145759765625 0.33361729166666665 0.68323856640625 0.8553145052083333
0 0.71739271484375 0.8527102708333333 0.745542599609375 0.84658328125 0.720808970703125 0.32525615104166666 0.69351951953125 0.32908046614583336 0.71739271484375 0.8527102708333333
0 0.7586590234375 0.8469272526041666 0.783572333984375 0.8412538333333334 0.76109600390625 0.3174282760416667 0.7315586875 0.3237496979166667 0.7586590234375 0.8469272526041666
0 0.8073362421875 0.8313773072916667 0.782563142578125 0.2784153645833333 0.778432359375 0.27790320052083334 0.7760049296875 0.2782433776041667 0.76791349609375 0.2793773046875 0.757632712890625 0.2808180416666667 0.784850359375 0.836710546875 0.8073362421875 0.8313773072916667
0 0.860652591796875 0.8435444401041666 0.86363396875 0.8398534947916666 0.836093177734375 0.28291522916666667 0.801293533203125 0.28451887760416666 0.83280145703125 0.8430832838541668 0.836293228515625 0.8458670911458334 0.860652591796875 0.8435444401041666
0 0.886076296875 0.8443457760416666 0.8982134453125 0.8426448880208333 0.906134748046875 0.8393527083333333 0.879786916015625 0.2767920338541667 0.857940046875 0.2798536302083333 0.845168240234375 0.28055241406250003 0.87449309375 0.8426958932291666 0.886076296875 0.8443457760416666