0 0.667849951171875 0.9094386848958332 0.66698430859375 0.8992120338541666 0.28039778515625 0.8295753098958333 0.275130220703125 0.8678368046874999 0.660825033203125 0.9274104010416666 0.664685732421875 0.9240684166666666 0.667849951171875 0.9094386848958332
0 0.668745501953125 0.8986021380208333 0.673989369140625 0.8657081953125 0.282626736328125 0.7947178802083333 0.2791717265625 0.8268284010416668 0.668745501953125 0.8986021380208333
0 0.67408890234375 0.854646046875 0.67706410546875 0.8255452890625 0.3629650390625 0.7709069661458333 0.35996941015625 0.8053547499999999 0.67408890234375 0.854646046875
0 0.676317853515625 0.8197886171875001 0.681054248046875 0.7900779609374999 0.36531337890625 0.7405195130208333 0.363164919921875 0.7696531354166667 0.676317853515625 0.8197886171875001
0 0.287980189453125 0.7141664687499999 0.289165900390625 0.7276042682291667 0.68423832421875 0.7909803567708332 0.69122352734375 0.7419443906250001 0.291005158203125 0.6795346380208334 0.287980189453125 0.7141664687499999
0 0.294318673828125 0.6483116848958334 0.293357333984375 0.6699986979166667 0.691442451171875 0.7353522239583333 0.699681376953125 0.6888896458333332 0.298716755859375 0.62072321875 0.294318673828125 0.6483116848958334
0 0.307940716796875 0.5889572682291667 0.305458978515625 0.6201815026041667 0.700984869140625 0.6859319583333333 0.70971141015625 0.6207539739583333 0.312896037109375 0.5526544427083333 0.307940716796875 0.5889572682291667
0 0.714825833984375 0.6199853750000001 0.720288625 0.5804992630208333 0.316816556640625 0.5071860625 0.31315361328125 0.5458198020833334 0.714825833984375 0.6199853750000001
0 0.318080330078125 0.47316413020833337 0.3161106796875 0.5011761302083334 0.723980171875 0.578218375 0.72830862890625 0.5406288567708334 0.321075390625 0.45959549479166667 0.318080330078125 0.47316413020833337
0 0.34873721875 0.40089296875 0.342879052734375 0.4532969947916667 0.7288658671875 0.5319144973958333 0.730776359375 0.5147113828125 0.734259033203125 0.4824273359375 0.34873721875 0.40089296875
0 0.743343744140625 0.43065928645833335 0.355025939453125 0.34056926041666663 0.351642798828125 0.3617911588541667 0.348204904296875 0.3937943072916667 0.739542615234375 0.4805976432291667 0.743652150390625 0.4496002942708333 0.743343744140625 0.43065928645833335
0 0.74771191796875 0.42413401562499997 0.754020494140625 0.37934242968750004 0.376677791015625 0.2934718802083333 0.372008380859375 0.33841903125 0.74771191796875 0.42413401562499997
0 0.75550816015625 0.3752294375 0.761985892578125 0.3293767552083333 0.38372778125 0.2388106276041667 0.37694585546875 0.28657144791666667 0.75550816015625 0.3752294375
0 0.772244654296875 0.30677636197916663 0.782244775390625 0.25970388541666667 0.388205537109375 0.18462789062499999 0.383644568359375 0.23411370572916668 0.772244654296875 0.30677636197916663
0 0.78222491796875 0.24417176302083332 0.786483751953125 0.19658119270833332 0.401091380859375 0.08292147916666666 0.393688720703125 0.12935718229166668 0.78222491796875 0.24417176302083332
0 0.791359396484375 0.18687263541666665 0.79602616796875 0.14716092708333334 0.424385037109375 0.0307442265625 0.41954185546875 0.07678141666666667 0.791359396484375 0.18687263541666665
0 0.42890076953125 0 0.427937333984375 0.008461231770833333 0.807200337890625 0.12925611197916667 0.81237458203125 0.0863611171875 0.525371923828125 0 0.42890076953125 0