0 0.189508994140625 0.7613540703125 0.207340087890625 0.7634340937499999 0.145249298828125 0.24099277604166666 0.11681072265625 0.23876458854166668 0.189508994140625 0.7613540703125
0 0.2128008359375 0.7673387421875 0.231513361328125 0.7684323750000001 0.1678724921875 0.24472102343750002 0.14517837109375 0.24207371875000003 0.2128008359375 0.7673387421875
0 0.242931349609375 0.7686750859374999 0.252657400390625 0.7698096458333333 0.2656963984375 0.7702414479166667 0.2755643046875 0.7692141276041666 0.2215482578125 0.2357333828125 0.178236890625 0.2361271171875 0.239233466796875 0.7627976510416666 0.242931349609375 0.7686750859374999
0 0.2678179296875 0.24004159895833332 0.2631676875 0.23623149739583335 0.248436755859375 0.23669153906249998 0.224648419921875 0.23827345052083335 0.277924888671875 0.7705787083333333 0.313587080078125 0.7747387578125 0.2678179296875 0.24004159895833332
0 0.31654538671875 0.7794407057291667 0.34801319921875 0.7852899036458334 0.31144330859375 0.24730899479166668 0.274899685546875 0.24413533854166666 0.31654538671875 0.7794407057291667
0 0.34956328125 0.7865599375 0.378528654296875 0.7932064348958333 0.351299873046875 0.2497798984375 0.314816228515625 0.24661323697916668 0.34956328125 0.7865599375
0 0.384131255859375 0.794949203125 0.394455029296875 0.7994211302083333 0.36883693359375 0.28123440625 0.353366423828125 0.2805189609375 0.384131255859375 0.794949203125
0 0.402418216796875 0.8025284739583333 0.41457578125 0.8039466744791667 0.394104423828125 0.28200346875 0.3762780546875 0.28101321093750004 0.402418216796875 0.8025284739583333
0 0.4150316484375 0.8094459244791666 0.436104759765625 0.8119041354166666 0.422543 0.28423166145833334 0.3965456875 0.2833774609375 0.4150316484375 0.8094459244791666
0 0.451792083984375 0.28655439583333336 0.4258020078125 0.28570104166666666 0.439133994140625 0.8155251432291667 0.4487891171875 0.817740640625 0.4610885390625 0.8169969583333333 0.451792083984375 0.28655439583333336
0 0.479420158203125 0.2886880390625 0.455869033203125 0.28811919270833336 0.463094486328125 0.8237662421874999 0.473489185546875 0.8271572265625 0.481877939453125 0.8237789322916668 0.479420158203125 0.2886880390625
0 0.507787806640625 0.29199716927083336 0.48262230859375 0.2912400052083333 0.48247566015625 0.8271163020833333 0.49287036328125 0.8305072864583334 0.5025964140625 0.8316418463541666 0.507787806640625 0.29199716927083336
0 0.5240688203125 0.29280716145833335 0.511067921875 0.293469015625 0.50548379296875 0.8374247317708333 0.507104802734375 0.8376138255208333 0.516020349609375 0.8386538385416666 0.5240688203125 0.29280716145833335
0 0.5185227890625 0.8378565390625 0.523983537109375 0.8417611875 0.53291344140625 0.2949281119791667 0.527352955078125 0.2942794739583333 0.5185227890625 0.8378565390625
0 0.55656554296875 0.8804167838541667 0.57945784375 0.14568916927083334 0.554332208984375 0.1427582265625 0.536472103515625 0.14285324479166667 0.523547646484375 0.8732975520833333 0.539544951171875 0.8784313046875 0.55656554296875 0.8804167838541667
0 0.5647518359375 0.8552305859375 0.58554123828125 0.8620125598958334 0.605732919921875 0.8654571614583334 0.614932177734375 0.8621734140625 0.6497479375 0.26934532552083335 0.588945978515625 0.26443111458333335 0.563343611328125 0.851798671875 0.5647518359375 0.8552305859375
0 0.618346349609375 0.8723746119791667 0.6689825546875 0.8848166901041666 0.71737443359375 0.2717879921875 0.65475496484375 0.26992940364583334 0.618346349609375 0.8723746119791667
0 0.671555923828125 0.8829384453125 0.695871052734375 0.88577484375 0.75095974609375 0.2702597005208333 0.723260744140625 0.26920699479166665 0.671555923828125 0.8829384453125
0 0.700663150390625 0.8874230651041667 0.722546765625 0.8899758229166667 0.782640341796875 0.27286607552083336 0.754130837890625 0.2717188255208333 0.700663150390625 0.8874230651041667
0 0.72910173046875 0.8896512552083333 0.742140724609375 0.8900830598958334 0.80604373828125 0.26470397395833334 0.785639275390625 0.26450219270833336 0.72910173046875 0.8896512552083333
0 0.82785642578125 0.2683376744791667 0.806822849609375 0.2680625026041667 0.808191541015625 0.2693113776041667 0.747104982421875 0.9015542890625 0.7625045625 0.9033506744791667 0.82785642578125 0.2683376744791667
0 0.769870029296875 0.9031206536458334 0.773496984375 0.91007903125 0.831498658203125 0.9222910859375001 0.91843044921875 0.25711898958333335 0.8988364921875 0.2570117526041667 0.87776337890625 0.25455354166666666 0.8588380703125 0.2567027317708333 0.843345013671875 0.25925229947916667 0.769870029296875 0.9031206536458334
0 1 0.2735979140625 0.985205814453125 0.2725329375 0.971427240234375 0.27092564583333334 0.923989982421875 0.2751949453125 0.834416337890625 0.9400588671875 0.903197650390625 0.9622420963541667 1 0.37608661197916665 1 0.2735979140625