0 0.4746570625 0 0.759474072265625 0.13257895833333333 0.7688137890625 0.09836473697916666 0.566122619140625 0 0.4746570625 0
0 0.3415603046875 0 0.74500415234375 0.18558666145833333 0.7603198046875 0.13899837239583332 0.47257702734375 0 0.3415603046875 0
0 0.332991501953125 0 0.32286841015625 0.0315213671875 0.7341517109375 0.22534244010416668 0.745916583984375 0.18858921354166666 0.343868302734375 0 0.332991501953125 0
0 0.782364203125 0.33425323697916665 0.803956880859375 0.2583252447916667 0.30859608203125 0.023527145833333332 0.305675296875 0.02788180989583333 0.286336716796875 0.09237983072916667 0.782364203125 0.33425323697916665
0 0.26769483203125 0.14798058854166665 0.26317246875 0.16771990364583333 0.76045113671875 0.41135492187499995 0.781203556640625 0.3385050390625 0.28383230859375 0.10155424218749999 0.27360853125 0.12314437760416667 0.26769483203125 0.14798058854166665
0 0.75119822265625 0.44842367708333336 0.7581718984375 0.4197044635416667 0.26038979296875 0.17791369270833335 0.242164283203125 0.2383341953125 0.740902318359375 0.4861406979166667 0.75119822265625 0.44842367708333336
0 0.717738068359375 0.5614807708333334 0.736045533203125 0.4944149817708334 0.243553572265625 0.24593493489583332 0.225119875 0.3039455625 0.222893732421875 0.31210059635416665 0.717738068359375 0.5614807708333334
0 0.209305205078125 0.38408721354166664 0.652146271484375 0.6209291588541667 0.658266111328125 0.611200453125 0.665709259765625 0.5871064765625 0.67273603125 0.55819275 0.674502154296875 0.5453778463541666 0.23017323046875 0.32033142708333334 0.209305205078125 0.38408721354166664
0 0.198865041015625 0.454058 0.19837653515625 0.4653651380208333 0.630025015625 0.69562096875 0.648668951171875 0.6273225807291667 0.21722866015625 0.3994766223958333 0.21166535546875 0.40716657031250003 0.198865041015625 0.454058
0 0.176117171875 0.5342178203125 0.179662521484375 0.5370927760416667 0.60943320703125 0.7710550104166667 0.630163123046875 0.7014600963541667 0.200878896484375 0.46888835677083335 0.196915119140625 0.47389128645833334 0.176117171875 0.5342178203125
0 0.5869636015625 0.8501954479166667 0.606650529296875 0.7812487994791667 0.180843623046875 0.542283640625 0.17604504296875 0.5503447031250001 0.157819533203125 0.6107652083333334 0.5869636015625 0.8501954479166667
0 0.546008666015625 0.8764970963541666 0.55429158984375 0.846154234375 0.153229140625 0.6212361458333333 0.1480801640625 0.64644346875 0.14641055859375 0.6525597421875 0.546008666015625 0.8764970963541666
0 0.53487795703125 0.9172722578125 0.5458685078125 0.8833556041666667 0.146826935546875 0.6573794921875 0.1375059921875 0.6851798697916666 0.139173548828125 0.6917612265624999 0.53487795703125 0.9172722578125
0 0.12797891015625 0.6978727447916667 0.116431826171875 0.73382815625 0.5248582734375 0.9666675286458334 0.536127087890625 0.9317314973958334 0.12797891015625 0.6978727447916667
0 0.124287251953125 0.7399491848958334 0.1167039453125 0.7709016692708334 0.51852614453125 0.9993816223958333 0.525757865234375 0.9697171041666667 0.124287251953125 0.7399491848958334
0 0.489760775390625 1 0.107385052734375 0.7860044166666666 0.1016094609375 0.8166797526041667 0.411531994140625 0.9891559244791667 0.433877384765625 1 0.489760775390625 1