0 0.50981971484375 1 0.7243458046875 0.9850095520833334 0.7238589375 0.9726229322916667 0.381751857421875 0.9975163046875001 0.3817929609375 1 0.50981971484375 1
0 0.72226476953125 0.9697706250000001 0.7214515546875 0.9490812135416666 0.379909515625 0.9745646796875 0.381596958984375 0.9935754817708333 0.72226476953125 0.9697706250000001
0 0.313501423828125 0.957829265625 0.314275912109375 0.9775334427083333 0.727363392578125 0.9486681119791666 0.726588904296875 0.9289639375 0.313501423828125 0.957829265625
0 0.727978076171875 0.9247176171875 0.726580173828125 0.9117748307291667 0.31535470703125 0.9387938854166666 0.31656283984375 0.9546516276041667 0.727978076171875 0.9247176171875
0 0.313534630859375 0.9228547838541666 0.315025501953125 0.9381620625 0.726487236328125 0.9094103359375 0.724903400390625 0.8917385651041667 0.313534630859375 0.9228547838541666
0 0.7287348203125 0.8892973984375 0.724659099609375 0.8421623177083334 0.31161851171875 0.87502703125 0.312730146484375 0.9193545182291666 0.7287348203125 0.8892973984375
0 0.312823650390625 0.8274719270833333 0.313049580078125 0.8709243723958333 0.7253206015625 0.8401402734375 0.722461623046875 0.79525028125 0.312823650390625 0.8274719270833333
0 0.721322380859375 0.7949756015624999 0.71880205859375 0.7497076588541667 0.31018718359375 0.7792484010416666 0.311229533203125 0.8246196197916666 0.721322380859375 0.7949756015624999
0 0.365891072265625 0.7259602109375001 0.367827294921875 0.7752206796875 0.719463607421875 0.747685609375 0.7171308203125 0.7010921901041667 0.365891072265625 0.7259602109375001
0 0.716049439453125 0.6985284791666667 0.714384287109375 0.6561644791666666 0.36357638671875 0.6834217447916666 0.365736173828125 0.7220193880208333 0.716049439453125 0.6985284791666667
0 0.28730140234375 0.6494549479166667 0.286910951171875 0.65837346875 0.286869017578125 0.6761588671875001 0.29118348828125 0.6916640338541667 0.7291250859375 0.6541465598958334 0.7266370703125 0.6474050026041667 0.7274179765625 0.6295679635416667 0.72528171484375 0.6129227135416667 0.28730140234375 0.6494549479166667
0 0.72132216796875 0.5687432161458333 0.287698287109375 0.6029952161458333 0.2859847734375 0.6159578984374999 0.2868367109375 0.637632484375 0.28862446484375 0.6454108515625 0.725981986328125 0.6118858333333334 0.72540112109375 0.59710771875 0.725013876953125 0.5872556666666667 0.72384891015625 0.5764700104166667 0.72132216796875 0.5687432161458333
0 0.714593931640625 0.5672375416666667 0.709082224609375 0.5024203359375 0.335783279296875 0.52554159375 0.336175267578125 0.5875461848958333 0.714593931640625 0.5672375416666667
0 0.333608291015625 0.5079111041666667 0.334266609375 0.5246596953125 0.711144271484375 0.49832459895833336 0.706525634765625 0.43128017187499995 0.333033845703125 0.45559184114583334 0.333966439453125 0.4604662005208333 0.333608291015625 0.5079111041666667
0 0.706839439453125 0.4265076458333333 0.7033091015625 0.37439493749999997 0.298272890625 0.4007217786458333 0.300011873046875 0.4553399166666667 0.706839439453125 0.4265076458333333
0 0.297388650390625 0.34052087239583334 0.29877951953125 0.3947589739583333 0.703815701171875 0.3684320026041667 0.700300421875 0.31436684895833333 0.297388650390625 0.34052087239583334
0 0.69355712109375 0.3148135494791667 0.69274390625 0.29412413541666665 0.40042244921875 0.31467682291666665 0.4008452734375 0.33329163020833336 0.69355712109375 0.3148135494791667
0 0.3997641953125 0.286935171875 0.400693580078125 0.31058010416666665 0.694767232421875 0.28904322916666664 0.69383784375 0.26539816666666666 0.3997641953125 0.286935171875
0 0.295423353515625 0.23396337760416666 0.296659326171875 0.28426065625 0.698685416015625 0.25254586458333333 0.694392828125 0.20410881510416667 0.295423353515625 0.23396337760416666
0 0.69443155078125 0.20509398697916667 0.69260831640625 0.17755973958333335 0.348013220703125 0.1957116223958333 0.349213677734375 0.2262530234375 0.69443155078125 0.20509398697916667
0 0.346267412109375 0.17014784895833335 0.347274248046875 0.19576326041666667 0.691753142578125 0.1746557291666667 0.689635365234375 0.14669551822916668 0.346267412109375 0.17014784895833335
0 0.69195318359375 0.14204057291666666 0.690326759765625 0.10066188020833333 0.29205753515625 0.12947963541666666 0.29208984375 0.1680060859375 0.69195318359375 0.14204057291666666
0 0.690326759765625 0.10066188020833333 0.688816505859375 0.062238703124999996 0.290314935546875 0.0851452890625 0.29190263671875 0.12553880989583333 0.690326759765625 0.10066188020833333
0 0.490180287109375 0 0.239380880859375 0.017525119791666665 0.23942761328125 0.05428703125 0.70193087890625 0.018842088541666666 0.702050283203125 0.0030270286458333336 0.701531703125 0 0.490180287109375 0