0 0 0.5936938880208333 0.010365396484375 0.6418917994791666 0.109480966796875 0.9620750651041666 0.159980212890625 0.9427678307291667 0.0233534140625 0.490007921875 0 0.5008669791666667 0 0.5936938880208333
0 0.21576158203125 0.9193882734375 0.083909619140625 0.46377636979166664 0.031304501953125 0.48588339062499997 0.165466337890625 0.9396439557291667 0.21576158203125 0.9193882734375
0 0.22886228515625 0.9051417786458332 0.247454294921875 0.8949543489583333 0.125581033203125 0.4642669114583333 0.104291849609375 0.4749102994791667 0.22886228515625 0.9051417786458332
0 0.250299361328125 0.8938666015625 0.267672822265625 0.8851714296875 0.146003529296875 0.4554324244791667 0.127714775390625 0.46345112499999996 0.250299361328125 0.8938666015625
0 0.2684886953125 0.8889651458333333 0.307503240234375 0.8699431770833334 0.1937070078125 0.4576564114583333 0.152927927734375 0.47331334374999995 0.2684886953125 0.8889651458333333
0 0.309741623046875 0.87319303125 0.347636955078125 0.8525461458333333 0.235277009765625 0.4383766796875 0.193772865234375 0.45564435416666665 0.309741623046875 0.87319303125
0 0.352621025390625 0.8578254479166666 0.375888546875 0.8479032630208333 0.252683181640625 0.39334272395833336 0.22940876953125 0.4030160286458333 0.352621025390625 0.8578254479166666
0 0.382493779296875 0.84640428125 0.4128738984375 0.8337627604166666 0.29281 0.37569678125 0.26242988671875 0.38833833593749995 0.382493779296875 0.84640428125
0 0.41663416015625 0.8333514869791667 0.449655275390625 0.8186737942708334 0.3297892890625 0.3582189791666666 0.298803333984375 0.37135254427083336 0.41663416015625 0.8333514869791667
0 0.4529970625 0.8019999270833332 0.473215591796875 0.7922170104166667 0.372910314453125 0.3902345078125 0.351168953125 0.39858322916666666 0.4529970625 0.8019999270833332
0 0.479329392578125 0.813487109375 0.499547919921875 0.8037041953125 0.3833177578125 0.3354959947916667 0.362408572265625 0.34498167447916667 0.479329392578125 0.813487109375
0 0.50432275390625 0.8008521979166666 0.52362598046875 0.7903927838541667 0.40477287890625 0.32503552343750003 0.384556873046875 0.33343454166666664 0.50432275390625 0.8008521979166666
0 0.413807224609375 0.30480228645833335 0.4047615859375 0.3092366822916667 0.54354121484375 0.7827786484375 0.54892795703125 0.7827719713541667 0.5595968046875 0.7786929817708333 0.56843525390625 0.7732609791666666 0.574323947265625 0.7648511015625 0.438701220703125 0.29528463541666666 0.4330111796875 0.29746009375 0.42234233203125 0.30153908333333335 0.413807224609375 0.30480228645833335
0 0.5771742890625 0.7709462552083334 0.609484126953125 0.7565405026041666 0.487908935546875 0.3165013671875 0.454746197265625 0.33302049739583334 0.5771742890625 0.7709462552083334
0 0.61324443359375 0.7561292109375 0.64646957421875 0.7423999609375 0.527158642578125 0.299691265625 0.4932956796875 0.3164946901041667 0.61324443359375 0.7561292109375
0 0.647478873046875 0.7327763385416667 0.68090265234375 0.7128126015624999 0.561450609375 0.25759193229166666 0.526693076171875 0.2739069322916667 0.647478873046875 0.7327763385416667
0 0.68659801171875 0.7178200286458334 0.722260220703125 0.701106125 0.60760123046875 0.24071595052083336 0.56653406640625 0.25975406770833337 0.68659801171875 0.7178200286458334
0 0.725413763671875 0.7050325338541666 0.760568716796875 0.6895390182291666 0.648731306640625 0.22319573697916664 0.615423998046875 0.23772509114583332 0.725413763671875 0.7050325338541666
0 0.762195236328125 0.68994353125 0.796131607421875 0.6759423567708334 0.68884303515625 0.20513981250000002 0.655336546875 0.22169678645833335 0.762195236328125 0.68994353125
0 0.801722326171875 0.676884140625 0.835961978515625 0.660714125 0.726944634765625 0.18154215625 0.69261996875 0.19820459635416665 0.801722326171875 0.676884140625
0 0.84084137109375 0.6619278671875 0.875792349609375 0.645485890625 0.766835103515625 0.1583893671875 0.73173388671875 0.1760653854166667 0.84084137109375 0.6619278671875
0 0.877926138671875 0.6446700859375 0.91145455859375 0.6287719895833334 0.8070225 0.1431748359375 0.77064905859375 0.16016064322916665 0.877926138671875 0.6446700859375
0 1 0.55460290625 0.90852307421875 0.09615709635416668 0.8626992734375 0.11572960416666667 0.81779067578125 0.1359786328125 0.918467740234375 0.6291699296875001 1 0.5951772395833334 1 0.55460290625