0 0.23307631640625 0.19897234114583331 0.235885625 0.21384951041666667 0.5829737421875 0.11176092187499999 0.581880046875 0.09788651041666667 0.23307631640625 0.19897234114583331
0 0.590293248046875 0.16309241145833334 0.583965373046875 0.11395996874999999 0.228601529296875 0.21487029427083335 0.229237939453125 0.233324296875 0.233067783203125 0.2611477578125 0.590293248046875 0.16309241145833334
0 0.596803412109375 0.21453732031249997 0.589667205078125 0.16553114322916665 0.231534138671875 0.2624534557291667 0.235704158203125 0.2945923463541667 0.236809736328125 0.3086175 0.596803412109375 0.21453732031249997
0 0.603228529296875 0.26490337239583334 0.596987724609375 0.21687547656249997 0.234721880859375 0.31327319010416665 0.23799751171875 0.34444664583333334 0.242425509765625 0.3590969713541667 0.603228529296875 0.26490337239583334
0 0.609269525390625 0.32077713281250003 0.60366903125 0.2704914817708333 0.245108673828125 0.36199328124999997 0.24723478515625 0.38896472656250003 0.250639404296875 0.4113938984375 0.609269525390625 0.32077713281250003
0 0.6160348203125 0.3754586171875 0.6103503359375 0.324107484375 0.249275849609375 0.4148573098958333 0.25118792578125 0.44949418229166666 0.253698158203125 0.4709579140625 0.6160348203125 0.3754586171875
0 0.622248751953125 0.41276495572916666 0.61916072265625 0.3839713984375 0.252079470703125 0.4711847552083333 0.256885900390625 0.5217776510416666 0.623694505859375 0.4311055390625 0.622248751953125 0.41276495572916666
0 0.25675122265625 0.5719722109375 0.6319934453125 0.4844813203125 0.629398169921875 0.4619387291666666 0.62656630859375 0.436394859375 0.250581236328125 0.5248427291666666 0.252367169921875 0.5474987421875 0.25675122265625 0.5719722109375
0 0.254408234375 0.5733913281249999 0.257724966796875 0.61546678125 0.637609220703125 0.5349607942708333 0.633417744140625 0.49216911458333334 0.254408234375 0.5733913281249999
0 0.259598787109375 0.6184765130208333 0.265343548828125 0.660211703125 0.642969861328125 0.5822036953124999 0.6381401015625 0.5416954557291667 0.259598787109375 0.6184765130208333
0 0.259379064453125 0.6675922161458333 0.265038783203125 0.708248546875 0.6502893671875 0.6335351822916667 0.645205421875 0.5898024140625 0.259379064453125 0.6675922161458333
0 0.266399494140625 0.7255102708333333 0.275041455078125 0.7624763489583333 0.6644238046875 0.6882747395833334 0.659573427734375 0.647504984375 0.266399494140625 0.7255102708333333
0 0.2745722890625 0.7669051979166667 0.279636697265625 0.8000095260416668 0.632683609375 0.731990703125 0.62862230859375 0.701230984375 0.2745722890625 0.7669051979166667
0 0.268006802734375 0.8081839843749999 0.27332634375 0.8445248854166666 0.63944890625 0.7866721874999999 0.635517498046875 0.7471796927083334 0.268006802734375 0.8081839843749999
0 0.26800111328125 0.8496342604166666 0.272382322265625 0.8948328671875 0.6802066484375 0.8365900026041667 0.67657526953125 0.7905229817708334 0.26800111328125 0.8496342604166666
0 0.269740255859375 0.9028385520833333 0.273737341796875 0.9535448671875 0.6905495 0.8951332369791666 0.683596837890625 0.8484554869791667 0.269740255859375 0.9028385520833333