0 0.14498630078125 1 0.15768429296875 0.9957880703124999 0.037144947265625 0.5789075390625 0.015213859375 0.5859577760416667 0.13708925 1 0.14498630078125 1
0 0.0665452578125 0.5691025859375 0.043144798828125 0.5764417552083333 0.15916041015625 0.9930788671875 0.17720834375 0.9841548828125001 0.0665452578125 0.5691025859375
0 0.181822787109375 0.9870943463541666 0.19880659375 0.9787126822916666 0.065730095703125 0.486561515625 0.0459764296875 0.49432929427083333 0.181822787109375 0.9870943463541666
0 0.199822451171875 0.9796969322916667 0.216806267578125 0.9713153463541667 0.084745677734375 0.4801483411458333 0.066468126953125 0.4852069192708333 0.199822451171875 0.9796969322916667
0 0.21967438671875 0.9713690651041667 0.239905552734375 0.9650987630208333 0.133907673828125 0.539679234375 0.106425830078125 0.5477543229166667 0.21967438671875 0.9713690651041667
0 0.245527537109375 0.9808936848958334 0.273182552734375 0.9740546041666667 0.165585263671875 0.5412547734375001 0.134160375 0.5478910598958333 0.245527537109375 0.9808936848958334
0 0.275917529296875 0.9844655078125001 0.302494521484375 0.9748571328125001 0.194995169921875 0.5267788229166667 0.167430384765625 0.5378682760416666 0.275917529296875 0.9844655078125001
0 0.306184814453125 0.9680841276041666 0.333261076171875 0.9563724895833333 0.23052886328125 0.5137818697916666 0.20085242578125 0.5228186067708334 0.306184814453125 0.9680841276041666
0 0.338666751953125 0.907281234375 0.361090369140625 0.9005479348958333 0.2604035859375 0.43132543229166664 0.233124966796875 0.4385291692708333 0.338666751953125 0.907281234375
0 0.29132916015625 0.4267924921875 0.260866623046875 0.43522344531249996 0.36548220703125 0.9186005338541667 0.393766466796875 0.9099587005208334 0.29132916015625 0.4267924921875
0 0.397022849609375 0.9129387213541666 0.41944646875 0.9062054218750001 0.314968845703125 0.37984430468749997 0.288825638671875 0.38721692187499995 0.397022849609375 0.9129387213541666
0 0.421371130859375 0.9097948333333333 0.44244888671875 0.9043446666666667 0.347541728515625 0.368225734375 0.317776322265625 0.3782524765625 0.421371130859375 0.9097948333333333
0 0.379048669921875 0.364314078125 0.35089434375 0.37325653645833334 0.4479118046875 0.906187890625 0.473173716796875 0.898682515625 0.379048669921875 0.364314078125
0 0.47725999609375 0.900989078125 0.501528732421875 0.8908692473958334 0.411040572265625 0.35481609375 0.380510287109375 0.36400541666666664 0.47725999609375 0.900989078125
0 0.464841109375 0.50003509375 0.44034080078125 0.5082058958333333 0.504068466796875 0.8933297890624999 0.529860376953125 0.8834156822916667 0.464841109375 0.50003509375
0 0.531875560546875 0.8814638098958333 0.554914150390625 0.8736016614583333 0.494773701171875 0.4909366901041667 0.465687650390625 0.5008552682291666 0.531875560546875 0.8814638098958333
0 0.558568267578125 0.8728299869791667 0.583915068359375 0.8654793697916667 0.510080115234375 0.4015748229166667 0.4828143515625 0.4110676354166667 0.558568267578125 0.8728299869791667
0 0.54335007421875 0.3915520520833333 0.5137341328125 0.40080317187500003 0.586722546875 0.8638875755208333 0.612308033203125 0.85611709375 0.54335007421875 0.3915520520833333
0 0.617185123046875 0.8554565442708334 0.6442613359375 0.8437449140625 0.574645126953125 0.34598404166666663 0.54429840234375 0.35538951822916665 0.617185123046875 0.8554565442708334
0 0.649492783203125 0.843639125 0.673730025390625 0.8321600937500001 0.609492609375 0.33662707812500003 0.579261548828125 0.3470070807291667 0.64572300390625 0.8434362395833334 0.649492783203125 0.843639125
0 0.638609189453125 0.32947930989583335 0.614723955078125 0.33652127604166665 0.67842125 0.8475195234375 0.697763626953125 0.8402678333333333 0.638609189453125 0.32947930989583335
0 0.7015756015625 0.8406319062500001 0.735807966796875 0.8324038255208334 0.6828847109375 0.3301187630208333 0.643153158203125 0.3425050390625 0.7015756015625 0.8406319062500001
0 0.739845583984375 0.8285542812500001 0.770923091796875 0.8189944791666667 0.722072064453125 0.31659757031249997 0.684961302734375 0.32868128125 0.739845583984375 0.8285542812500001
0 0.760654623046875 0.3037058463541667 0.72457708984375 0.3153204713541667 0.774844953125 0.8141704661458333 0.80555041015625 0.8043223619791666 0.760654623046875 0.3037058463541667
0 0.811501287109375 0.807428390625 0.830885859375 0.8003378906249999 0.7856331796875 0.23649587239583333 0.76320951171875 0.24322918229166668 0.811501287109375 0.807428390625
0 0.82317227734375 0.22457258333333333 0.79074886328125 0.235415546875 0.8352707578125 0.7994118906250001 0.863717330078125 0.7876443359374999 0.82317227734375 0.22457258333333333
0 0.863577119140625 0.7854425833333334 0.893424578125 0.7781404401041666 0.856615857421875 0.21457884895833335 0.8240188203125 0.2253927578125 0.863577119140625 0.7854425833333334
0 0.927591376953125 0.80089365625 0.95051430859375 0.7920570104166668 0.947099107421875 0.18941124739583334 0.917576046875 0.2006067265625 0.927591376953125 0.80089365625