0 0.067595955078125 0.3495655729166667 0.0670306953125 0.34529123437500003 0.138341443359375 0.9719819869791667 0.198198453125 0.9623166796875 0.21620302734375 0.9547783333333334 0.14673073828125 0.3232481171875 0.109591072265625 0.32977613541666667 0.073299298828125 0.34271565885416666 0.067595955078125 0.3495655729166667
0 0.183872923828125 0.3718099296875 0.1833477109375 0.37523883333333335 0.246651501953125 0.9288890729166667 0.259895287109375 0.9290808515625 0.273233734375 0.9237413281250001 0.28256598046875 0.9193436770833333 0.218037005859375 0.3626760546875 0.20347337109375 0.3649981927083333 0.192397330078125 0.3687040104166666 0.183872923828125 0.3718099296875
0 0.250885119140625 0.3924148619791667 0.23820659765625 0.396497421875 0.22474237890625 0.3996628958333333 0.2235016484375 0.3977509791666667 0.285440296875 0.9285841927083333 0.295856416015625 0.9261353359375 0.30721508984375 0.9245666901041667 0.31791383984375 0.9242550026041667 0.32979112109375 0.9203608124999999 0.26931363671875 0.3880822682291667 0.26130123828125 0.38996600520833336 0.250885119140625 0.3924148619791667
0 0.297406404296875 0.35062694791666665 0.28730495703125 0.3541036354166667 0.285529123046875 0.35452113802083335 0.35062471875 0.8967320364583333 0.36344455859375 0.8937180572916666 0.297406404296875 0.35062694791666665
0 0.367732025390625 0.9136444244791666 0.380174572265625 0.9140245729166666 0.30513753515625 0.3278749791666667 0.29489735546875 0.3302824739583333 0.367732025390625 0.9136444244791666
0 0.31668553515625 0.31524373958333335 0.32790289453125 0.3126065078125 0.32696169921875 0.292995234375 0.30404617578125 0.2994845442708333 0.380410548828125 0.909561859375 0.392429146484375 0.9067362552083332 0.31668553515625 0.31524373958333335
0 0.32790289453125 0.3126065078125 0.318611427734375 0.315892765625 0.316968166015625 0.31738090885416664 0.396010041015625 0.9213196953125 0.40859390234375 0.9227684296875 0.32790289453125 0.3126065078125
0 0.325733427734375 0.282265921875 0.409253826171875 0.9215114713541667 0.434233576171875 0.9167404739583334 0.346475447265625 0.271880375 0.326067154296875 0.27998384375 0.325733427734375 0.282265921875
0 0.44875696484375 0.9012060963541666 0.46841066796875 0.8998908854166667 0.384233431640625 0.26961422395833334 0.366889427734375 0.27479365364583336 0.44875696484375 0.9012060963541666
0 0.470673072265625 0.8982571770833333 0.49098669921875 0.8956850078124999 0.40610288671875 0.26006542447916664 0.39036732421875 0.264866703125 0.470673072265625 0.8982571770833333
0 0.49711398828125 0.8920408489583332 0.545753642578125 0.8850127734375 0.469443408203125 0.30797697916666666 0.42232413671875 0.31905484375 0.49711398828125 0.8920408489583332
0 0.468100998046875 0.3027835390625 0.5488639375 0.8897905755208333 0.60070855078125 0.8820090026041667 0.516245962890625 0.28705729947916664 0.47019799609375 0.30118872395833335 0.468100998046875 0.3027835390625
0 0.545806697265625 0.1545013359375 0.507950447265625 0.16670686718750002 0.506309962890625 0.16819435416666664 0.605797259765625 0.9017469921875 0.6460005703125 0.8933968984375 0.545806697265625 0.1545013359375
0 0.649205529296875 0.8926434036458333 0.690068763671875 0.8830363489583334 0.5918596328125 0.14036874479166667 0.553017857421875 0.15280597395833334 0.649205529296875 0.8926434036458333
0 0.70822233984375 0.8391032916666666 0.723163265625 0.8333870260416667 0.639595220703125 0.25144671354166664 0.609343916015625 0.258558875 0.60914810546875 0.25860491145833336 0.687767396484375 0.8406068776041667 0.70822233984375 0.8391032916666666
0 0.649131259765625 0.26573189062499997 0.6469463359375 0.2695509973958333 0.728206685546875 0.8277940703125001 0.7485203125 0.8252218984374999 0.757051318359375 0.8210126197916666 0.67550833984375 0.26063237760416663 0.671219509765625 0.25943707552083334 0.663348427734375 0.26238939843750003 0.657598431640625 0.2626394270833333 0.649131259765625 0.26573189062499997
0 0.72768359765625 0.24285679427083331 0.691324875 0.2536084427083333 0.6893653984375 0.2529673125 0.768220666015625 0.8305065677083333 0.808423974609375 0.8221564739583332 0.72768359765625 0.24285679427083331