0 0.609077947265625 0 0.2456230234375 0.1352087109375 0.257628986328125 0.21138355729166666 0.657698548828125 0.0709580234375 0.646707435546875 0 0.609077947265625 0
0 0.310935224609375 0.2735552994791667 0.3218483828125 0.2684136171875 0.32081931640625 0.270372828125 0.337574548828125 0.2655749895833333 0.343196279296875 0.2642533072916667 0.351610876953125 0.25969898697916666 0.35484417578125 0.25979746875 0.360355822265625 0.25764302604166667 0.3936820625 0.25152527343750003 0.395776259765625 0.25275025260416667 0.407019814453125 0.250106921875 0.4145155234375 0.24834466145833334 0.4249141484375 0.24418258333333334 0.43428375 0.24197970833333335 0.447180931640625 0.23723021354166665 0.45125915234375 0.23884738281249998 0.4671694453125 0.23253086197916664 0.4791477578125 0.2305733671875 0.490795662109375 0.22611758333333332 0.4976667109375 0.2245021796875 0.507955251953125 0.21950734895833335 0.513577025390625 0.21818565625 0.520962587890625 0.21559065104166666 0.528972783203125 0.2128487395833333 0.546977224609375 0.20775715364583333 0.562997650390625 0.20227343489583335 0.58629348046875 0.1933618619791667 0.67179266796875 0.1656598984375 0.659130283203125 0.08178421614583332 0.25906069140625 0.22220970052083333 0.26768873046875 0.27771203125 0.26886398828125 0.2817289661458333 0.282139404296875 0.2803252135416667 0.29293076171875 0.278646890625 0.29719312109375 0.27678610416666666 0.30219027734375 0.2756112578125 0.305313451171875 0.2748769921875 0.305938111328125 0.27473013281249997 0.310935224609375 0.2735552994791667
0 0.272325888671875 0.308392484375 0.279780322265625 0.3452799739583334 0.6635430625 0.22598110937500002 0.65736623046875 0.18094571354166666 0.272325888671875 0.308392484375
0 0.281175857421875 0.35096257031250006 0.28877658984375 0.3938263515625 0.670123755859375 0.28109840364583333 0.662614662109375 0.2303732161458333 0.281175857421875 0.35096257031250006
0 0.28767356640625 0.40009636197916665 0.29696410546875 0.44599758854166666 0.681310642578125 0.3389103958333333 0.67407165625 0.287786421875 0.28767356640625 0.40009636197916665
0 0.29512633203125 0.4515816484375 0.30375608203125 0.49248617447916665 0.687727865234375 0.3910507083333334 0.68156055078125 0.34441526562499997 0.29512633203125 0.4515816484375
0 0.302322666015625 0.4962578359375 0.31179729296875 0.5386810625 0.695684982421875 0.44224896354166665 0.689637927734375 0.39575364583333333 0.302322666015625 0.4962578359375
0 0.606476470703125 0.5071826145833334 0.554851546875 0.5210371614583333 0.32270533984375 0.5773326223958334 0.328764251953125 0.608537625 0.67219758203125 0.5431560390625 0.66548698046875 0.49073306510416664 0.625435974609375 0.5044425755208334 0.606476470703125 0.5071826145833334
0 0.337098021484375 0.6666851119791667 0.68167620703125 0.6131512864583334 0.67538838671875 0.5565719817708333 0.329461158203125 0.6186777708333333 0.337098021484375 0.6666851119791667
0 0.345029146484375 0.7120472421874999 0.70823470703125 0.6678727265625 0.703132552734375 0.6244215234375 0.33764866796875 0.670848953125 0.345029146484375 0.7120472421874999
0 0.345689921875 0.7170438307291667 0.3500211953125 0.7546656953125 0.714970630859375 0.7219814218749999 0.7126794765625 0.6771317421875 0.345689921875 0.7170438307291667
0 0.3574377890625 0.8010074322916667 0.724131375 0.7783382421875 0.721233533203125 0.7369448229166666 0.353621048828125 0.7624059609375 0.3574377890625 0.8010074322916667
0 0.364854384765625 0.8473491692708334 0.73672751953125 0.8346249921875 0.73559346484375 0.7919581510416666 0.3633159453125 0.8064947890625 0.364854384765625 0.8473491692708334
0 0.369992689453125 0.8959439244791666 0.7467511171875 0.8958098567708334 0.744212203125 0.8520456927083333 0.368233982421875 0.8534239427083333 0.369992689453125 0.8959439244791666
0 0.74928611328125 0.9491054817708333 0.752759244140625 0.9482889401041666 0.750240859375 0.9027174869791667 0.376275251953125 0.8996189322916667 0.3778136484375 0.9404733203125 0.74928611328125 0.9491054817708333
0 0.70129334765625 0.9603887083333333 0.37975987109375 0.9503197499999999 0.3802692578125 0.9931334505208333 0.53594383984375 0.9992628151041667 0.70129334765625 0.9603887083333333