0 0.49731271484375 0 0.7460274609375 0.07250897916666667 0.74756973046875 0.07849125 0.784017427734375 0.08992988281249999 0.788434697265625 0.07057461979166667 0.539414087890625 0 0.49731271484375 0
0 0.3227401015625 0 0.3196797265625 0.02265657291666667 0.31900309765625 0.02690095052083333 0.7356591171875 0.14276684114583335 0.74486236328125 0.07459856770833333 0.48931104296875 0 0.3227401015625 0
0 0.73333759375 0.16776717708333333 0.736083287109375 0.14532499479166666 0.3154807109375 0.028120747395833336 0.3007243359375 0.08937175520833333 0.728501666015625 0.20853997916666667 0.73333759375 0.16776717708333333
0 0.2865105546875 0.14200025260416668 0.28371915234375 0.1699480703125 0.812136224609375 0.29974345052083334 0.817292845703125 0.27261568750000004 0.2865105546875 0.14200025260416668
0 0.27935098046875 0.17647333854166666 0.277340953125 0.2047386015625 0.807568984375 0.328393015625 0.812216876953125 0.30445642968750003 0.27935098046875 0.17647333854166666
0 0.285878232421875 0.21381235677083332 0.278962654296875 0.27284937239583335 0.73335 0.38166408333333335 0.742901849609375 0.32696574739583334 0.285878232421875 0.21381235677083332
0 0.7249617734375 0.44471988020833336 0.732580712890625 0.3917085885416667 0.27555965625 0.27853914583333333 0.2669326484375 0.332654984375 0.268644076171875 0.33757615885416664 0.7249617734375 0.44471988020833336
0 0.261768455078125 0.3389546588541667 0.257609154296875 0.37548308333333336 0.71706116015625 0.489060265625 0.722767173828125 0.45326735677083335 0.261768455078125 0.3389546588541667
0 0.257897701171875 0.37889196614583337 0.25231551953125 0.41390809635416664 0.710949943359375 0.5273949505208334 0.71539779296875 0.49427541145833337 0.257897701171875 0.37889196614583337
0 0.243795005859375 0.43604254427083333 0.2407501796875 0.45514225260416663 0.24060087890625 0.4717354739583333 0.70465983984375 0.5877273463541667 0.70787382421875 0.5675665416666666 0.714345765625 0.5374068776041666 0.248262712890625 0.4184551302083333 0.243795005859375 0.43604254427083333
0 0.69388355859375 0.6501063463541666 0.69919705078125 0.6272134557291666 0.701565248046875 0.6123581276041666 0.70407460546875 0.5966173307291667 0.2373670390625 0.4763641510416667 0.22874003125 0.5304799921875 0.69388355859375 0.6501063463541666
0 0.210003564453125 0.5906030052083333 0.208889087890625 0.6080317239583334 0.664818705078125 0.7228287031249999 0.667644609375 0.7103211640625 0.6730078671875 0.6818972005208334 0.6765601640625 0.6596142057291666 0.21539673046875 0.5411158463541667 0.210003564453125 0.5906030052083333
0 0.194381546875 0.6416273645833334 0.192033205078125 0.6720148177083334 0.192341611328125 0.6909558255208333 0.6603806640625 0.8080756927083333 0.66675886328125 0.7732851588541667 0.673256455078125 0.7429646041666667 0.199525880859375 0.6197955677083333 0.194381546875 0.6416273645833334
0 0.65927901953125 0.820205015625 0.18814259375 0.6964199999999999 0.18304802734375 0.7127207213541666 0.17983404296875 0.7328815260416667 0.17787378125 0.75561571875 0.18271951953125 0.766970359375 0.645474990234375 0.8859199192708332 0.650858103515625 0.8730280781249999 0.6555945 0.843317421875 0.65927901953125 0.820205015625
0 0.629604138671875 0.964599640625 0.63522603515625 0.9606477578125 0.638678798828125 0.9494269114583332 0.64511628515625 0.9038267057291667 0.16841104296875 0.7784417109375 0.16269941796875 0.8455831848958333 0.629604138671875 0.964599640625
0 0.626350572265625 1 0.6321115859375 0.9697464166666667 0.16281880859375 0.8500531640625 0.15517234375 0.9134431223958334 0.1844496328125 0.9217405625 0.49762112890625 1 0.626350572265625 1