0 0.504353462890625 1 0.7391374765625 0.9734325208333333 0.7375497734375 0.9330389322916667 0.34950682421875 0.9769488177083333 0.35041287109375 1 0.504353462890625 1
0 0.361301353515625 0.91882559375 0.362614775390625 0.9710932838541666 0.737394876953125 0.929098109375 0.733953185546875 0.8802854088541667 0.361301353515625 0.91882559375
0 0.735419931640625 0.8788525364583334 0.73289965625 0.8335845208333333 0.36102204296875 0.867228625 0.36196287890625 0.9168035442708334 0.735419931640625 0.8788525364583334
0 0.360810787109375 0.8309355260416668 0.3613884296875 0.8644842161458333 0.7364396015625 0.829385515625 0.736490251953125 0.7997027942708334 0.360810787109375 0.8309355260416668
0 0.736678419921875 0.7977555989583333 0.735439236328125 0.766228890625 0.360734271484375 0.7977089895833333 0.361549759765625 0.8308838880208333 0.736678419921875 0.7977555989583333
0 0.379417408203125 0.7387472421875 0.37991440625 0.7890960911458333 0.723734966796875 0.7512401692708334 0.723354140625 0.7038469010416667 0.379417408203125 0.7387472421875
0 0.380243470703125 0.6843542265624999 0.384590234375 0.73838578125 0.724367443359375 0.69192109375 0.719792203125 0.6444051744791667 0.380243470703125 0.6843542265624999
0 0.729820958984375 0.6421443177083334 0.72726191015625 0.5958911354166666 0.363372828125 0.6321856848958333 0.36468625 0.684453375 0.729820958984375 0.6421443177083334
0 0.3642376171875 0.5787779114583333 0.365628486328125 0.6330160104166667 0.72854628515625 0.590861796875 0.724941150390625 0.5473416744791667 0.3642376171875 0.5787779114583333
0 0.72746518359375 0.5445053411458333 0.72560641015625 0.4972153489583333 0.364672265625 0.5247076197916667 0.367893771484375 0.577534484375 0.72746518359375 0.5445053411458333
0 0.72696818359375 0.4941564244791667 0.725148140625 0.44785173697916664 0.364338447265625 0.4747492526041666 0.36658034765625 0.5252667942708333 0.72696818359375 0.4941564244791667
0 0.324555451171875 0.41755703125000004 0.32590759375 0.470809828125 0.73024352734375 0.445519796875 0.729746529296875 0.39517088020833335 0.324555451171875 0.41755703125000004
0 0.3253815 0.36316401822916666 0.326617474609375 0.413461296875 0.7289301328125 0.393252171875 0.725515912109375 0.3440949791666667 0.3253815 0.36316401822916666
0 0.726877736328125 0.3410360520833333 0.72649691015625 0.2936427838541667 0.32168046875 0.3017075833333333 0.32351630859375 0.353415171875 0.726877736328125 0.3410360520833333
0 0.7213240703125 0.29400424739583336 0.721404705078125 0.27720415364583334 0.3813628828125 0.27923115364583334 0.38058196875 0.2970680572916667 0.7213240703125 0.29400424739583336
0 0.723860416015625 0.24541926041666665 0.723902373046875 0.22763385677083334 0.326572138671875 0.2237848203125 0.326175267578125 0.27024455208333337 0.7242444765625 0.2740419505208333 0.723860416015625 0.24541926041666665
0 0.325610447265625 0.16161343749999998 0.325952548828125 0.20802153385416666 0.72378619921875 0.22467820572916666 0.72270509765625 0.17832174999999997 0.325610447265625 0.16161343749999998
0 0.713798693359375 0.1779562265625 0.7128693046875 0.1543111640625 0.379323693359375 0.1303496328125 0.378894169921875 0.15986602083333332 0.713798693359375 0.1779562265625
0 0.710574912109375 0.152495734375 0.709761697265625 0.13180631770833331 0.37948787109375 0.09956170833333333 0.37983318359375 0.12719922916666668 0.710574912109375 0.152495734375