0 0.592146171875 1 0.3419957734375 0.9644878619791667 0.340904478515625 0.9726348906250001 0.47048685546875 1 0.592146171875 1
0 0.72585601953125 1 0.726432142578125 0.9951500052083334 0.72957388671875 0.9617654765625 0.350181513671875 0.9025138098958333 0.34264933203125 0.9589859817708333 0.6248225546875 1 0.72585601953125 1
0 0.35654526953125 0.8489415755208333 0.351640685546875 0.8971662604166667 0.730632220703125 0.9597923333333332 0.734068650390625 0.9308633255208334 0.73631946875 0.9049789114583334 0.35654526953125 0.8489415755208333
0 0.363967359375 0.7933961901041666 0.357730876953125 0.8458969843749999 0.7348391796875 0.9035679817708333 0.7412763203125 0.8840592421875 0.74310518359375 0.8547907499999999 0.363967359375 0.7933961901041666
0 0.7481824296875 0.8536663151041667 0.754633330078125 0.7924242265625 0.35256762890625 0.7228928046875001 0.344022171875 0.7878950807291667 0.7481824296875 0.8536663151041667
0 0.37361389453125 0.6636346328125 0.370686568359375 0.688277859375 0.366852560546875 0.713617546875 0.748290208984375 0.7833964322916667 0.755276583984375 0.7662003255208334 0.759684203125 0.7429680260416666 0.7599456328125 0.7199584609374999 0.75876690234375 0.7021363749999999 0.7542858984375 0.6913051770833333 0.37832307421875 0.6239911770833334 0.376032123046875 0.6432771822916666 0.37361389453125 0.6636346328125
0 0.36204101953125 0.47667248958333336 0.35796821484375 0.51095871875 0.351437052734375 0.5590039895833333 0.345100455078125 0.6123475963541667 0.759363146484375 0.6901807421875 0.7621563203125 0.6874756354166666 0.767407853515625 0.6710114895833333 0.77198287890625 0.65330615625 0.774655658203125 0.6308058151041667 0.777033751953125 0.6038499583333333 0.775982298828125 0.5849564296875 0.773490685546875 0.5712503802083333 0.36204101953125 0.47667248958333336
0 0.77968703515625 0.5121511796875 0.78325073828125 0.4821507265625 0.78169018359375 0.46754297656250005 0.779198572265625 0.4538369296875 0.37713975 0.3634388359375 0.363894423828125 0.468006171875 0.772097537109375 0.5621695963541666 0.77968703515625 0.5121511796875
0 0.4150295234375 0.3219202395833333 0.41316052734375 0.3445903229166667 0.408203677734375 0.36550998958333336 0.778111185546875 0.4491183932291667 0.782813486328125 0.43034161458333337 0.786417322265625 0.40693957291666666 0.7885408671875 0.38212660416666666 0.78473637109375 0.37253659375000003 0.4195311640625 0.27015140885416666 0.420080396484375 0.27246404166666666 0.417956849609375 0.29727701302083337 0.4150295234375 0.3219202395833333
0 0.435533435546875 0.23948275781249997 0.43362430859375 0.25555442968750003 0.433054591796875 0.26728675 0.7774621953125 0.36441049999999997 0.782586451171875 0.3490177994791666 0.783731927734375 0.339374796875 0.787543302734375 0.3280981328125 0.78839409765625 0.313999609375 0.787128224609375 0.30384738020833335 0.442653962890625 0.20034853385416665 0.439686501953125 0.21839334635416666 0.435533435546875 0.23948275781249997
0 0.8117978203125 0.29038560416666664 0.823413111328125 0.22034922135416668 0.4314353984375 0.09363875781249999 0.41925294921875 0.17538593489583332 0.8117978203125 0.29038560416666664
0 0.8218926875 0.21233988281250002 0.8315185859375 0.14517834895833334 0.440009841796875 0.0075836979166666665 0.428466451171875 0.08395106510416667 0.8218926875 0.21233988281250002
0 0.4717840234375 0 0.469656541015625 0.0146493125 0.831733005859375 0.13643704947916666 0.8435541640625 0.06631894791666666 0.52951313671875 0 0.4717840234375 0