0 0.542725853515625 1 0.796881330078125 0.9217647786458333 0.791806578125 0.8974404244791666 0.419688373046875 0.9780021171875001 0.4204784765625 0.9985815833333334 0.420724076171875 1 0.542725853515625 1
0 0.79091909375 0.896701140625 0.79019737890625 0.8837605963541666 0.786257896484375 0.8566229713541667 0.78115404296875 0.8359188203125 0.40915944140625 0.9200524713541666 0.410158830078125 0.9389825208333332 0.41465287109375 0.9649369635416667 0.41633353125 0.9779212109375001 0.79091909375 0.896701140625
0 0.774329765625 0.7965065677083333 0.40311214453125 0.8895135859375 0.408033876953125 0.9203410390625 0.780100107421875 0.8342182317708334 0.774329765625 0.7965065677083333
0 0.4189172578125 0.8492105078125 0.417364013671875 0.8446261276041667 0.396927552734375 0.8513751041666667 0.40283449609375 0.8835240052083333 0.773830423828125 0.79362271875 0.767505490234375 0.7570943177083334 0.4189172578125 0.8492105078125
0 0.76961331640625 0.7604955078125001 0.764675197265625 0.7275901744791667 0.416810826171875 0.8263231614583333 0.419638279296875 0.8489885598958334 0.76961331640625 0.7604955078125001
0 0.76428704296875 0.7297346718750001 0.758794328125 0.6980125989583333 0.4102821640625 0.7982653385416666 0.4147561171875 0.8251786718749999 0.76428704296875 0.7297346718750001
0 0.754301755859375 0.698383046875 0.74930762109375 0.6563823489583334 0.39866756640625 0.7541927838541667 0.404604359375 0.7928657499999999 0.754301755859375 0.698383046875
0 0.7424381484375 0.6146408098958334 0.391259138671875 0.7105920729166666 0.397678416015625 0.7485905026041667 0.74942887890625 0.655014375 0.7424381484375 0.6146408098958334
0 0.742152814453125 0.6129929166666667 0.736113392578125 0.581873046875 0.371480623046875 0.6828335989583333 0.376187400390625 0.7112978567708333 0.742152814453125 0.6129929166666667
0 0.738157470703125 0.5786402682291667 0.732593416015625 0.5465061770833334 0.3667197109375 0.6483500911458333 0.37014926171875 0.6789040729166667 0.738157470703125 0.5786402682291667
0 0.7294080078125 0.5431474322916666 0.7220846171875 0.5046119973958333 0.380746587890625 0.6010054817708333 0.386168228515625 0.6366362239583333 0.7294080078125 0.5431474322916666
0 0.715711884765625 0.4640481979166667 0.3754199140625 0.5627233020833333 0.379420953125 0.5976686692708334 0.722417279296875 0.5027738671875001 0.715711884765625 0.4640481979166667
0 0.70505977734375 0.4100480364583334 0.365053111328125 0.5103709270833333 0.370142443359375 0.5548013020833333 0.372852505859375 0.5591742630208333 0.714808552734375 0.46259053645833337 0.70505977734375 0.4100480364583334
0 0.70401373046875 0.40776641406249997 0.69331428515625 0.35725221875 0.356772533203125 0.4585982447916667 0.362961078125 0.5058077786458334 0.70401373046875 0.40776641406249997
0 0.69554838671875 0.35135726562499997 0.685799609375 0.29881476562500003 0.3465211484375 0.4035279114583334 0.353544998046875 0.451427078125 0.69554838671875 0.35135726562499997
0 0.685656947265625 0.29799084635416667 0.677572240234375 0.24753960677083334 0.337054333984375 0.35298868749999995 0.3427028671875 0.4000889739583333 0.685656947265625 0.29799084635416667
0 0.67785692578125 0.23790544010416667 0.670676197265625 0.20019392447916665 0.326803822265625 0.31032689583333334 0.331147376953125 0.3446310494791667 0.67785692578125 0.23790544010416667
0 0.668679458984375 0.19994073697916667 0.662544734375 0.16451085416666666 0.32355978125 0.27505358333333335 0.32857811328125 0.3072357994791667 0.668679458984375 0.19994073697916667
0 0.6524147265625 0.09472842708333333 0.284883072265625 0.21654216666666667 0.29464706640625 0.2734538515625 0.662211423828125 0.15506692447916667 0.6524147265625 0.09472842708333333
0 0.64766056640625 0.09358825 0.637245810546875 0.033439890625 0.275241818359375 0.15724820052083333 0.284455083984375 0.21407040624999998 0.64766056640625 0.09358825
0 0.579929703125 0 0.27655726171875 0.10454665885416665 0.283643314453125 0.14923022916666667 0.637625833984375 0.028115669270833334 0.63315973828125 0 0.579929703125 0
0 0.457274146484375 0 0.296491078125 0.04949292708333333 0.30346484375 0.09452817968749999 0.570965029296875 0 0.457274146484375 0