0 0.707438994140625 0.9906462005208333 0.731247412109375 0.98953765625 0.730781994140625 0.9107828072916666 0.360244908203125 0.909582546875 0.360572095703125 0.9842575859374999 0.707438994140625 0.9906462005208333
0 0.73049805078125 0.8999414140625 0.730921978515625 0.8228539010416666 0.36038489453125 0.8216536380208334 0.359841400390625 0.8941759453125 0.73049805078125 0.8999414140625
0 0.729068212890625 0.8142565208333333 0.72840501953125 0.7578433958333334 0.361820888671875 0.7521172317708333 0.3617778359375 0.8126559713541667 0.729068212890625 0.8142565208333333
0 0.72983287109375 0.7501786796875001 0.7283279765625 0.69271928125 0.361829029296875 0.6902455416666666 0.36249222265625 0.7466586692708334 0.72983287109375 0.7501786796875001
0 0.728214400390625 0.6883827239583334 0.728847212890625 0.6503621041666666 0.355870208984375 0.6492754479166667 0.355173259765625 0.6848472473958332 0.728214400390625 0.6883827239583334
0 0.72879042578125 0.6481938229166667 0.727825021484375 0.611333078125 0.3565030234375 0.6112548255208333 0.354964119140625 0.6457706744791667 0.72879042578125 0.6481938229166667
0 0.72350294140625 0.6017651640625 0.722839748046875 0.5453520364583333 0.375945333984375 0.5452218723958333 0.376572244140625 0.6002496145833334 0.72350294140625 0.6017651640625
0 0.723596265625 0.5431458906250001 0.72296146484375 0.48781690625 0.3743552578125 0.48451005989583334 0.375709875 0.5362316484374999 0.723596265625 0.5431458906250001
0 0.725372990234375 0.48661916145833334 0.7255048359375 0.46056194270833334 0.3638289375 0.45569271093749997 0.364530134765625 0.4824656432291667 0.725372990234375 0.48661916145833334
0 0.7262613515625 0.458355796875 0.72555149609375 0.4312523072916667 0.364688904296875 0.4263452057291666 0.365427154296875 0.4545328359375 0.7262613515625 0.458355796875
0 0.727092927734375 0.4279241510416667 0.72648651953125 0.3736793046875 0.361614185546875 0.3711298229166667 0.362996466796875 0.4239075885416667 0.727092927734375 0.4279241510416667
0 0.726319037109375 0.30510191927083335 0.72576941796875 0.2530253515625 0.36446264453125 0.2622499348958333 0.36584948046875 0.31520166666666666 0.726319037109375 0.30510191927083335
0 0.7231591328125 0.2466341197916667 0.722581123046875 0.19347340885416667 0.36200247265625 0.19940770572916666 0.363422185546875 0.25361468489583333 0.7231591328125 0.2466341197916667
0 0.7224107578125 0.18696857552083335 0.722400630859375 0.15549065625 0.327549537109375 0.1586788671875 0.327525958984375 0.18886980729166666 0.7224107578125 0.18696857552083335
0 0.7222870546875 0.15115409895833334 0.722362109375 0.12292860416666666 0.327425833984375 0.12286439322916666 0.3274359609375 0.15434230989583334 0.7222870546875 0.15115409895833334
0 0.733823453125 0.09417295052083334 0.733614568359375 0.05510605729166667 0.306959345703125 0.05651871354166666 0.30719070703125 0.09644378645833333 0.733823453125 0.09417295052083334
0 0.493454359375 0 0.30235666015625 0.008897705729166667 0.30168198828125 0.041567968749999996 0.731732408203125 0.04542453645833333 0.730542712890625 0 0.493454359375 0