0 0.637680466796875 0 0.214374919921875 0.09105395833333334 0.2217570234375 0.14333498958333332 0.646044423828125 0.051695765625 0.6544007734375 0.04689680729166667 0.64964181640625 0.004941661458333333 0.648786162109375 0 0.637680466796875 0
0 0.231334939453125 0.1938267578125 0.65946490625 0.09543802604166667 0.6534861015625 0.056085046874999996 0.651806986328125 0.051211234375 0.22273298828125 0.14414789583333334 0.22895567578125 0.18008579947916667 0.231334939453125 0.1938267578125
0 0.235910875 0.23472490885416666 0.239326966796875 0.244806703125 0.66471205859375 0.14503623697916665 0.667334775390625 0.14088889583333333 0.66367394140625 0.10527573177083333 0.660044939453125 0.09878789583333332 0.2299320703125 0.19537192968749997 0.235910875 0.23472490885416666
0 0.24390290234375 0.28570485416666663 0.245550083984375 0.29521782552083337 0.674533859375 0.19211292968750002 0.67575370703125 0.18951076041666667 0.66953101953125 0.15357286197916667 0.668649025390625 0.14847908072916668 0.2392661015625 0.24927878125 0.24390290234375 0.28570485416666663
0 0.24585526171875 0.3018038984375 0.254640232421875 0.35253975520833336 0.683196673828125 0.23731971354166667 0.677679923828125 0.19581165625 0.24585526171875 0.3018038984375
0 0.68213621875 0.24566601302083335 0.25793416796875 0.35709247656250004 0.260679900390625 0.38742065625 0.267390357421875 0.41652839843749995 0.2690375390625 0.4260413697916667 0.688139509765625 0.3092783046875 0.69057920703125 0.30407396875 0.69070093359375 0.2951298177083333 0.6855763671875 0.2655338984375 0.68213621875 0.24566601302083335
0 0.269525736328125 0.4336844401041667 0.280506951171875 0.49710426041666667 0.702292501953125 0.3717217760416667 0.693019333984375 0.3133428541666667 0.269525736328125 0.4336844401041667
0 0.286974384765625 0.5585735286458333 0.289475373046875 0.5633703385416667 0.71272465625 0.4319706067708333 0.719129076171875 0.42554583333333335 0.719372529296875 0.4076575286458333 0.71392487890625 0.3761957083333333 0.277518193359375 0.4991376067708333 0.286974384765625 0.5585735286458333
0 0.288682427734375 0.5636144270833333 0.2989315625 0.6228062604166666 0.727975341796875 0.48628283854166665 0.719845701171875 0.43450814322916664 0.288682427734375 0.5636144270833333
0 0.299663642578125 0.62703425 0.30826559375 0.6767131093750001 0.734198458984375 0.5366939635416667 0.727169345703125 0.49127514322916666 0.299663642578125 0.62703425
0 0.308631634765625 0.6788271041666666 0.316867546875 0.7263919687499999 0.7418244453125 0.5855599140625 0.735163552734375 0.542267671875 0.308631634765625 0.6788271041666666
0 0.31796566796875 0.7327339505208333 0.331082263671875 0.8133098151041667 0.749756470703125 0.6699583802083334 0.737729533203125 0.6004991953125 0.31796566796875 0.7327339505208333
0 0.33121830859375 0.8189191041666667 0.344517923828125 0.9005519635416667 0.76191098828125 0.7498015520833333 0.7509102578125 0.6766218567708333 0.33121830859375 0.8189191041666667
0 0.346104244140625 0.9145370130208333 0.35623121875 0.9681997760416667 0.74538303515625 0.818349359375 0.73952595703125 0.7700522291666667 0.346104244140625 0.9145370130208333
0 0.463960384765625 1 0.76069501171875 0.8826627369791668 0.752934181640625 0.8330180260416666 0.35714675 0.9879579843749999 0.35943103125 1 0.463960384765625 1
0 0.5427258515625 1 0.782990900390625 0.9260405911458333 0.776544548828125 0.8970213020833334 0.5094955546875 1 0.5427258515625 1