0 0.10824121484375 0.7483684374999999 0.12286544921875 0.7493774791666666 0.195416654296875 0.27505288802083333 0.1337616484375 0.2523959427083333 0.07165937109375 0.72974190625 0.078522466796875 0.7362538619791666 0.10824121484375 0.7483684374999999
0 0.25367518359375 0.2963252890625 0.247731423828125 0.2939023697916667 0.22794230859375 0.28707359375 0.214356634765625 0.28153551822916667 0.14803636328125 0.7286861692708334 0.15914502734375 0.7369287109374999 0.1735798359375 0.7428129270833334 0.184028705078125 0.7458342760416666 0.25367518359375 0.2963252890625
0 0.23277902734375 0.7842781197916667 0.252497873046875 0.787364015625 0.335753431640625 0.33167072395833336 0.252047185546875 0.2993758880208333 0.1862675390625 0.7603658229166667 0.21181101171875 0.7744925807291666 0.23277902734375 0.7842781197916667
0 0.26209768359375 0.7900391718750001 0.296061982421875 0.8038844088541667 0.370670265625 0.3486274088541667 0.33558955859375 0.3359073307291667 0.26209768359375 0.7900391718750001
0 0.37391855078125 0.34286524739583335 0.293038091796875 0.837318109375 0.298862716796875 0.8483589739583333 0.307613376953125 0.8506880625000001 0.316953556640625 0.8544955026041667 0.3292049453125 0.854570328125 0.422247390625 0.35885182552083333 0.37391855078125 0.34286524739583335
0 0.343914279296875 0.8543430494791666 0.37872765625 0.8685344062499999 0.457812083984375 0.39811105989583334 0.416865583984375 0.3863719479166667 0.343914279296875 0.8543430494791666
0 0.3872187578125 0.8719957265625 0.417197080078125 0.8829779973958334 0.4806402265625 0.43217839583333334 0.451840765625 0.42415279427083336 0.3872187578125 0.8719957265625
0 0.5271855 0.3830576328125 0.492772158203125 0.37521977864583334 0.417997263671875 0.8956850520833334 0.4496738515625 0.9073596041666666 0.5271855 0.3830576328125
0 0.470522828125 0.9257632135416666 0.487504921875 0.9326858098958333 0.5080729765625 0.9361177916666666 0.5181216953125 0.9327855911458333 0.596957494140625 0.43950976302083333 0.52501075 0.4168374348958333 0.450403833984375 0.9163237682291667 0.470522828125 0.9257632135416666
0 0.516753375 0.9347039609375 0.56404371875 0.9552195625 0.665577638671875 0.4252732291666667 0.610776748046875 0.4072282161458333 0.516753375 0.9347039609375
0 0.7224588671875 0.446563984375 0.6702142421875 0.43145736979166666 0.56378410546875 0.9563517682291667 0.6109546171875 0.9707845989583334 0.7224588671875 0.446563984375
0 0.61218326953125 0.9760812473958334 0.63315133984375 0.9858668125 0.757955548828125 0.4588455130208333 0.72781305859375 0.44750849218750005 0.61218326953125 0.9760812473958334
0 0.6348494921875 0.9865590494791667 0.658294705078125 0.9936401197916668 0.788411111328125 0.4685372890625 0.759489638671875 0.4591830833333333 0.6348494921875 0.9865590494791667
0 0.684818533203125 1 0.81663952734375 0.48124164062499997 0.790836384765625 0.4682470625 0.660652634765625 0.9995536223958333 0.66247361328125 1 0.684818533203125 1
0 0.730377296875 1 0.865430388671875 0.5067413880208333 0.825011431640625 0.4933209166666667 0.687780455078125 1 0.730377296875 1
0 0.77877323046875 1 0.91212495703125 0.5257760026041667 0.8903926875 0.5199729895833333 0.8810525078125 0.5161655520833334 0.871122759765625 0.510879703125 0.733299248046875 1 0.77877323046875 1