0 0.23064414453125 0.2523097265625 0.236960890625 0.2916137005208333 0.593652421875 0.15917507291666666 0.586173501953125 0.11702378125 0.23064414453125 0.2523097265625
0 0.24000861328125 0.29646169791666666 0.246325359375 0.33576566406249997 0.601241919921875 0.2091934895833333 0.594568263671875 0.16688494791666666 0.24000861328125 0.29646169791666666
0 0.243324646484375 0.34518593229166666 0.258784564453125 0.3990338958333333 0.6069761796875 0.2782751770833333 0.599326033203125 0.22080995312499999 0.243324646484375 0.34518593229166666
0 0.2579406484375 0.40580204687500004 0.270861943359375 0.45908778906250003 0.617573265625 0.33974000260416665 0.607386298828125 0.28172770572916667 0.2579406484375 0.40580204687500004
0 0.271498318359375 0.46444501041666664 0.278705990234375 0.5112490937499999 0.5730040234375 0.4084615208333333 0.5649925703125 0.3618271822916667 0.271498318359375 0.46444501041666664
0 0.5828374609375 0.4634976744791666 0.5734176796875 0.4119438098958333 0.27786207421875 0.5180172473958333 0.2821894296875 0.5544463671875001 0.284815197265625 0.5626784401041667 0.5828374609375 0.4634976744791666
0 0.2832947734375 0.5706877786458333 0.288894880859375 0.6178313463541667 0.590514099609375 0.5211859479166666 0.58257628125 0.4682352369791667 0.2832947734375 0.5706877786458333
0 0.600729365234375 0.5794364348958333 0.5909311015625 0.52469640625 0.29029490625 0.6296172395833334 0.29495707421875 0.6549924270833333 0.2976298515625 0.6774927656249999 0.600729365234375 0.5794364348958333
0 0.664289265625 0.5804133151041667 0.663883103515625 0.563121609375 0.30377948046875 0.6807086015625 0.30103331640625 0.6922717578125 0.3031969921875 0.7104863177083334 0.306586412109375 0.7251470598958334 0.3108197421875 0.7330396484375 0.673312041015625 0.6147525390625 0.67280294140625 0.6104667578124999 0.667933232421875 0.5972169479166667 0.664289265625 0.5804133151041667
0 0.67573026953125 0.6351099869791667 0.674100103515625 0.6213867161458334 0.3153477578125 0.7364767161458333 0.313787203125 0.7510844661458332 0.3167546640625 0.7691292838541667 0.32230087890625 0.7811379088541667 0.684458361328125 0.6739047291666668 0.684076537109375 0.6706903958333333 0.6810288125 0.6658424010416667 0.67751212109375 0.6501102135416666 0.67573026953125 0.6351099869791667
0 0.326828892578125 0.7845749791666666 0.335135029296875 0.826753796875 0.68253662109375 0.7478981744791667 0.675904833984375 0.6990058359375001 0.326828892578125 0.7845749791666666
0 0.333782015625 0.8292361692708333 0.343019208984375 0.8723166927083333 0.69105717578125 0.7988182942708333 0.683594951171875 0.7498713229166666 0.333782015625 0.8292361692708333
0 0.3329117265625 0.8843360859375 0.3391011953125 0.9225686119791666 0.70237090234375 0.8524435208333333 0.695407744140625 0.814634078125 0.3329117265625 0.8843360859375
0 0.340159529296875 0.9245417578125 0.345967173828125 0.9595599479166667 0.707843734375 0.8985156432291667 0.7012638515625 0.8639327604166667 0.340159529296875 0.9245417578125