0 0.318764931640625 0.8986076458333333 0.329345962890625 0.8925807161458333 0.199425638671875 0.45146437500000003 0.18931903515625 0.4550751171875 0.318764931640625 0.8986076458333333
0 0.236305251953125 0.433795171875 0.200899494140625 0.4498144713541667 0.331241611328125 0.9020135859375 0.34481215625 0.8982886432291667 0.364823716796875 0.8888925078125 0.236305251953125 0.433795171875
0 0.273395490234375 0.4171740677083333 0.238209716796875 0.43423811979166665 0.366030849609375 0.8907079348958334 0.389185919921875 0.8801887291666667 0.399402330078125 0.8765387578125 0.273395490234375 0.4171740677083333
0 0.3096998515625 0.40083372916666665 0.27509868359375 0.41656557552083334 0.403177720703125 0.8785599817708333 0.42575754296875 0.8693696432291667 0.435917318359375 0.8612465182291666 0.3096998515625 0.40083372916666665
0 0.350144228515625 0.3841376510416667 0.31377042578125 0.39937945312499995 0.437643068359375 0.8572599270833333 0.4572900078125 0.8502407526041668 0.473372181640625 0.842248453125 0.350144228515625 0.3841376510416667
0 0.389592099609375 0.36667424479166666 0.3524421640625 0.38219333072916667 0.47615106640625 0.84350234375 0.50150977734375 0.8355658958333333 0.517016701171875 0.8289024609375 0.389592099609375 0.36667424479166666
0 0.4162553046875 0.3526550130208333 0.395409083984375 0.36122599739583333 0.517437955078125 0.8309986510416666 0.55416357421875 0.8167545078125 0.429615224609375 0.34788197395833337 0.4162553046875 0.3526550130208333
0 0.591367076171875 0.8090797083333333 0.467855962890625 0.328603140625 0.451563162109375 0.33554734375 0.433084125 0.34327261458333336 0.55742034765625 0.8245777447916667 0.5739237734375 0.8186816380208333 0.591367076171875 0.8090797083333333
0 0.5927848359375 0.8119432317708334 0.623434060546875 0.8009933177083334 0.504370951171875 0.3133108958333333 0.473328009765625 0.3255248203125 0.5927848359375 0.8119432317708334
0 0.625370439453125 0.7980548255208334 0.655387779296875 0.7839606223958334 0.538528310546875 0.29886095572916666 0.50927671484375 0.3115582369791667 0.625370439453125 0.7980548255208334
0 0.661788064453125 0.7906607916666667 0.691019529296875 0.7768473567708334 0.575407919921875 0.2811917526041667 0.54380746484375 0.294728203125 0.661788064453125 0.7906607916666667
0 0.7035935703125 0.7723550833333334 0.729624890625 0.7551915625 0.6137460234375 0.25401470833333334 0.584303931640625 0.26678005208333333 0.7035935703125 0.7723550833333334
0 0.73297902734375 0.7551165911458333 0.756709349609375 0.7432685234375 0.651094595703125 0.2889752526041667 0.628944162109375 0.29913553125 0.73297902734375 0.7551165911458333
0 0.76458402734375 0.7573053697916667 0.790671982421875 0.7446150026041667 0.690542466796875 0.27151184635416664 0.661902767578125 0.282867171875 0.76458402734375 0.7573053697916667
0 0.795289884765625 0.7508286119791667 0.82808611328125 0.7379882994791668 0.721143986328125 0.21002838020833334 0.6875871640625 0.22201707812500002 0.795289884765625 0.7508286119791667
0 0.834429765625 0.7402153177083334 0.871366009765625 0.7270192682291667 0.762892859375 0.18724951822916666 0.729403193359375 0.20370761197916668 0.834429765625 0.7402153177083334