0 0.08741312890625 0.6573821979166666 0.13025310546875 0.6747549947916666 0.262308759765625 0.18339051041666665 0.221378623046875 0.16230415625 0.08741312890625 0.6573821979166666
0 0.131287328125 0.6740822213541667 0.173093083984375 0.692127796875 0.305123166015625 0.20419434375 0.26470823046875 0.1844921171875 0.131287328125 0.6740822213541667
0 0.174896578125 0.6918081927083333 0.21874520703125 0.7119392526041667 0.34687778125 0.22910199479166668 0.304165134765625 0.20834487760416667 0.174896578125 0.6918081927083333
0 0.26367919921875 0.7245354635416666 0.38786312109375 0.2536564661458333 0.386350142578125 0.249519078125 0.348264208984375 0.23088609895833334 0.22288209765625 0.7092481458333334 0.258798607421875 0.7234423567708334 0.26367919921875 0.7245354635416666
0 0.42789094921875 0.26859060677083335 0.391858765625 0.2520481041666667 0.263918578125 0.726940546875 0.30495505859375 0.7446329427083334 0.430173203125 0.273081171875 0.42789094921875 0.26859060677083335
0 0.308297103515625 0.7450196979166667 0.347025759765625 0.7616525677083333 0.470440408203125 0.2904203932291667 0.433914390625 0.27250358072916664 0.308297103515625 0.7450196979166667
0 0.35140202734375 0.7613665442708334 0.381668669921875 0.7741144713541667 0.510331138671875 0.2892253046875 0.478286572265625 0.27336594010416665 0.35140202734375 0.7613665442708334
0 0.387053587890625 0.7765867057291667 0.4147474609375 0.7893010598958333 0.541845810546875 0.307136578125 0.51433059375 0.29106146875 0.387053587890625 0.7765867057291667
0 0.41655095703125 0.7889814583333333 0.452202517578125 0.804201625 0.585608482421875 0.3042763359375 0.552716548828125 0.2857327578125 0.41655095703125 0.7889814583333333
0 0.456313837890625 0.8049415520833333 0.48915325 0.8177230572916666 0.622268693359375 0.3222547552083333 0.58912097265625 0.3047413385416667 0.456313837890625 0.8049415520833333
0 0.64303909765625 0.3317905208333333 0.628603255859375 0.3251629765625 0.490956744140625 0.8174034557291666 0.52814685546875 0.8333299713541668 0.659937560546875 0.34299144010416666 0.64303909765625 0.3317905208333333
0 0.53172827734375 0.8361218098958334 0.565072015625 0.8502824427083334 0.697367048828125 0.3613230416666667 0.66731607421875 0.3452313515625 0.53172827734375 0.8361218098958334
0 0.567884166015625 0.8527211041666667 0.587380966796875 0.8605245598958334 0.713163826171875 0.41677425520833333 0.695430970703125 0.40633785677083334 0.567884166015625 0.8527211041666667
0 0.589518669921875 0.8592108046875001 0.61108391796875 0.8656687083333333 0.735277087890625 0.42807412499999997 0.7149071640625 0.4175746276041667 0.589518669921875 0.8592108046875001
0 0.613870494140625 0.8715384036458333 0.64694928515625 0.8867249921874999 0.7836205859375 0.39747956510416665 0.758138322265625 0.38348538541666666 0.613870494140625 0.8715384036458333
0 0.79876669140625 0.40213801302083335 0.786343578125 0.39758210677083333 0.647265375 0.8788369661458333 0.67930994140625 0.8946963307291668 0.81386165625 0.41365852864583336 0.79876669140625 0.40213801302083335
0 0.683660640625 0.8978413411458334 0.71419223046875 0.9095633177083333 0.850547439453125 0.4282059166666667 0.8163527109375 0.41135940624999995 0.683660640625 0.8978413411458334
0 0.719867666015625 0.9075785625 0.748570189453125 0.9230511770833334 0.8797542890625 0.44505765885416665 0.85208598828125 0.42891227083333333 0.719867666015625 0.9075785625