0 0.01759290234375 0.8155714244791666 0.054259548828125 0.8174367109374999 0.080267119140625 0.25919253645833334 0.045559021484375 0.25323753385416664 0.01759290234375 0.8155714244791666
0 0.05579276953125 0.8187426223958334 0.091565205078125 0.8215736432291667 0.115869423828125 0.2641818072916667 0.08286076171875 0.2584649609375 0.05579276953125 0.8187426223958334
0 0.1471408984375 0.8326351041666666 0.19296331640625 0.8325103333333334 0.16377492578125 0.2272533828125 0.1186765859375 0.228570671875 0.1471408984375 0.8326351041666666
0 0.197307783203125 0.8396654401041667 0.206932439453125 0.8421052734375 0.2216671484375 0.8419880885416666 0.2318021953125 0.8379531744791667 0.200910451171875 0.23354856510416666 0.191200732421875 0.23218785416666665 0.177445296875 0.23026018229166667 0.167480380859375 0.23213684895833334 0.197307783203125 0.8396654401041667
0 0.20464148828125 0.23952665885416666 0.233080220703125 0.8424964583333333 0.244962173828125 0.8474347213541668 0.257184388671875 0.8480564869791666 0.269277984375 0.8399318541666667 0.23770571875 0.24416024739583334 0.233276185546875 0.23808426562499999 0.225099685546875 0.23802946614583334 0.21215339453125 0.2362151875 0.20464148828125 0.23952665885416666
0 0.272754076171875 0.24579874999999998 0.264662642578125 0.24466482291666666 0.255762068359375 0.24341750520833336 0.247585568359375 0.24336270833333332 0.241701181640625 0.24690226041666666 0.28517269140625 0.8525242604166667 0.294958927734375 0.8566233098958334 0.3073512734375 0.8550868229166667 0.316592111328125 0.8520176380208334 0.32745123828125 0.8491752395833333 0.33354056640625 0.844573359375 0.287731775390625 0.244079046875 0.281015638671875 0.24477442447916667 0.272754076171875 0.24579874999999998
0 0.392396388671875 0.8659139114583333 0.3956329609375 0.8663674817708333 0.405512810546875 0.8655699427083333 0.418969498046875 0.8609094687500001 0.430083818359375 0.8548296953125 0.43796156640625 0.8482963489583333 0.343747044921875 0.2688401875 0.2948651328125 0.2783556197916667 0.392396388671875 0.8659139114583333
0 0.452100818359375 0.8557330416666667 0.47714070703125 0.8494226901041667 0.373938501953125 0.24906816927083333 0.350918865234375 0.2523885 0.452100818359375 0.8557330416666667
0 0.48766161328125 0.8716269583333333 0.51035913671875 0.8638973046874999 0.402472201171875 0.2607041770833333 0.37994480859375 0.26627558333333334 0.48766161328125 0.8716269583333333
0 0.53029101171875 0.8808741380208334 0.552179392578125 0.8730310911458333 0.44020931640625 0.3216359791666667 0.4201093515625 0.3275475625 0.53029101171875 0.8808741380208334
0 0.559505236328125 0.8838771432291667 0.5813936171875 0.8760340963541666 0.469977484375 0.3279897526041667 0.44932590234375 0.332732984375 0.559505236328125 0.8838771432291667
0 0.591700837890625 0.8905710937500001 0.63151694921875 0.8732389114583333 0.5070218203125 0.27317356249999997 0.47137800390625 0.2790889375 0.591700837890625 0.8905710937500001
0 0.64331587890625 0.8999864661458333 0.6832170546875 0.8815751588541666 0.5614896171875 0.277533484375 0.5238021875 0.2886177005208333 0.64331587890625 0.8999864661458333
0 0.696719337890625 0.9074703723958333 0.738323865234375 0.8882067239583334 0.627378658203125 0.36532244010416665 0.5904153046875 0.37759917708333335 0.696719337890625 0.9074703723958333
0 0.769186744140625 0.9230811145833333 0.808363841796875 0.9034772864583333 0.688603125 0.37826656249999996 0.656579697265625 0.39014452604166666 0.769186744140625 0.9230811145833333
0 0.81390126953125 0.9162548046875 0.854696654296875 0.8968777630208334 0.7131264921875 0.3162404635416667 0.686927884765625 0.3289347109375 0.81390126953125 0.9162548046875
0 0.870711431640625 0.9220340286458333 0.888213833984375 0.9179405208333334 0.906056498046875 0.9095305130208334 0.909334583984375 0.8990794348958334 0.776750064453125 0.318610328125 0.75226412109375 0.3282714479166667 0.868369068359375 0.9206147291666666 0.870711431640625 0.9220340286458333