0 0.709295875 0.0379663828125 0.696919154296875 0.03535267708333333 0.437106873046875 0.016365744791666668 0.432995740234375 0.056920010416666666 0.705036341796875 0.07953682552083334 0.709295875 0.0379663828125
0 0.70147058984375 0.12491336197916668 0.706155111328125 0.08547748958333333 0.704070251953125 0.08469699479166666 0.43375930859375 0.05990551822916667 0.43182413671875 0.09997788281249999 0.70147058984375 0.12491336197916668
0 0.4288978984375 0.10182140104166666 0.4264527265625 0.1397463203125 0.696681416015625 0.16770746354166666 0.70038969140625 0.12955370052083334 0.4288978984375 0.10182140104166666
0 0.6931142734375 0.20814125520833335 0.695973900390625 0.17366357031250002 0.69490300390625 0.1722743515625 0.42592355859375 0.14073289322916668 0.4234583203125 0.175358609375 0.6931142734375 0.20814125520833335
0 0.41730267578125 0.17515698697916668 0.416190451171875 0.21226507552083332 0.689590701171875 0.2447401171875 0.6931979765625 0.21090473697916667 0.41730267578125 0.17515698697916668
0 0.415195755859375 0.21370250000000002 0.412583177734375 0.24610045312499998 0.684690609375 0.28599073697916666 0.689155513671875 0.2518718020833333 0.415195755859375 0.21370250000000002
0 0.41528920703125 0.25106520312499997 0.413269431640625 0.28194085937499996 0.680045068359375 0.32509846875 0.68391596875 0.2925119296875 0.41528920703125 0.25106520312499997
0 0.4108781484375 0.28473083854166664 0.408794736328125 0.31614222135416664 0.676203306640625 0.36437594270833334 0.68051862890625 0.3280481171875 0.4108781484375 0.28473083854166664
0 0.409829564453125 0.32130320572916665 0.406815091796875 0.3536162864583334 0.672425185546875 0.4031176927083333 0.67580828125 0.36770140104166665 0.409829564453125 0.32130320572916665
0 0.40704613671875 0.35860753124999994 0.4042627109375 0.395911859375 0.66686865234375 0.44642633333333337 0.67137251953125 0.40851127083333333 0.40704613671875 0.35860753124999994
0 0.401362328125 0.4029876171875 0.399108068359375 0.4393053697916667 0.662517791015625 0.4899895859375 0.6671476875 0.45101357291666666 0.401362328125 0.4029876171875
0 0.3983243515625 0.4424348333333334 0.397175435546875 0.46251117187499996 0.6668245078125 0.5161604947916667 0.669416771484375 0.4943379609375 0.3983243515625 0.4424348333333334
0 0.398126560546875 0.4649086744791667 0.396850369140625 0.4860564609375 0.66408809375 0.5391965572916667 0.666488716796875 0.5189872994791667 0.398126560546875 0.4649086744791667
0 0.392429478515625 0.519804875 0.39268058984375 0.5280953229166666 0.6465486875 0.5828053203125 0.650994693359375 0.5453773489583333 0.397453408203125 0.48791614583333337 0.395018552734375 0.4945410520833333 0.392429478515625 0.519804875
0 0.388567654296875 0.5557831432291667 0.388647916015625 0.5689799635416667 0.6417959375 0.626283703125 0.6459123125 0.5881625442708334 0.393568076171875 0.531028546875 0.3905203515625 0.5358765442708333 0.388567654296875 0.5557831432291667
0 0.637381439453125 0.6703826796875 0.64121205078125 0.6311990572916667 0.388604345703125 0.572814890625 0.38552967578125 0.5952303567708334 0.384551607421875 0.6104003255208333 0.637381439453125 0.6703826796875
0 0.654792611328125 0.7076203671875 0.6572490390625 0.6834732109375 0.377668701171875 0.6128529010416667 0.375190275390625 0.623312734375 0.37393758984375 0.6373263854166666 0.654792611328125 0.7076203671875
0 0.373850447265625 0.6449962421875001 0.37334134765625 0.6492820208333333 0.371392087890625 0.65875528125 0.3709867578125 0.6691037473958333 0.65093078515625 0.7435986328125 0.653851701171875 0.7190093958333333 0.654514556640625 0.7168973906249999 0.373850447265625 0.6449962421875001
0 0.367506755859375 0.7018676822916667 0.64772540234375 0.7775188854166667 0.64804358984375 0.7748402734375 0.651238173828125 0.7514153229166666 0.37117423046875 0.6779299192708333 0.36835755078125 0.6877691588541667 0.367506755859375 0.7018676822916667
0 0.642996158203125 0.8138631354166667 0.64710070703125 0.7862459140625 0.367503318359375 0.7123010182291667 0.365426783203125 0.7228457239583334 0.363433953125 0.7361539140625001 0.642996158203125 0.8138631354166667
0 0.359977458984375 0.7617837135416666 0.3606304609375 0.7701590364583333 0.64021273046875 0.8511674583333333 0.64323782421875 0.8222330833333333 0.36294491796875 0.7437388958333333 0.362181267578125 0.7501675625 0.359977458984375 0.7617837135416666
0 0.3576194296875 0.7920387786458334 0.358674322265625 0.8004989687499999 0.63732553515625 0.8824091015625001 0.64028605859375 0.8540182838541667 0.361983474609375 0.77264140625 0.3595686875 0.7825655182291666 0.3576194296875 0.7920387786458334
0 0.354836001953125 0.8293431067708333 0.3526086875 0.8480933880208333 0.351714322265625 0.8660268411458333 0.619725447265625 0.9473374869791668 0.623289150390625 0.9173370338541668 0.626777783203125 0.8879685468749999 0.356554216796875 0.8148786041666667 0.354836001953125 0.8293431067708333
0 0.6149520390625 1 0.6199431640625 0.9524409166666666 0.351034375 0.8752189895833333 0.3451361484375 0.928340375 0.57527463671875 1 0.6149520390625 1
0 0.5645458828125 1 0.345705447265625 0.9339522109375 0.3426107109375 0.9530684739583334 0.34112354296875 0.97252421875 0.34268978125 0.9730119088541667 0.47048685546875 1 0.5645458828125 1