0 0.09783119921875 0.8669704869791667 0.1401384140625 0.8637152786458334 0.078304791015625 0.2528211796875 0.03772735546875 0.25390625 0.09783119921875 0.8669704869791667
0 0.13769761328125 0.23871527864583333 0.106780802734375 0.23871527864583333 0.088881595703125 0.24088541666666666 0.080745591796875 0.24197048697916668 0.0784174609375 0.2517361119791667 0.145020015625 0.8821614583333334 0.161292021484375 0.8854166666666666 0.170241625 0.8832465286458334 0.18732723046875 0.8843315963541666 0.203599236328125 0.8799913203125 0.21743044140625 0.8745659713541666 0.163732822265625 0.23871527864583333 0.150715216796875 0.23871527864583333 0.13769761328125 0.23871527864583333
0 0.19302243359375 0.23111979166666666 0.163732822265625 0.23328992968749998 0.21743044140625 0.8810763880208333 0.231261646484375 0.8832465286458334 0.241838451171875 0.8821614583333334 0.19302243359375 0.23111979166666666
0 0.221498443359375 0.0499131953125 0.211735240234375 0.0499131953125 0.20278563671875 0.0499131953125 0.193836033203125 0.05099826302083333 0.186513630859375 0.053168403645833334 0.17932891796875 0.055338541666666664 0.244279251953125 0.9049479166666666 0.24753365234375 0.9092881953125 0.256483255859375 0.9103732630208333 0.269500861328125 0.9114583333333334 0.281704865234375 0.9103732630208333 0.29309526953125 0.908203125 0.233702447265625 0.052083333333333336 0.230448046875 0.05099826302083333 0.221498443359375 0.0499131953125
0 0.332148083984375 0.9060329869791667 0.337029685546875 0.9027777786458334 0.289840869140625 0.054253471354166666 0.24346565234375 0.0575086796875 0.297163271484375 0.908203125 0.31831687890625 0.908203125 0.332148083984375 0.9060329869791667
0 0.332148083984375 0.0575086796875 0.31831687890625 0.0575086796875 0.3054682421875 0.05859375 0.342724888671875 0.9049479166666666 0.354115291015625 0.9092881953125 0.367946498046875 0.908203125 0.382591302734375 0.9071180546875 0.389913705078125 0.9006076380208333 0.35330169140625 0.0575086796875 0.349233689453125 0.0575086796875 0.345165689453125 0.0575086796875 0.332148083984375 0.0575086796875
0 0.39804970703125 0.22569444531250002 0.385845703125 0.22894965364583333 0.3762690234375 0.23220486197916668 0.3964225078125 0.8832465286458334 0.406999310546875 0.8897569453125 0.420016916015625 0.8908420130208333 0.435475322265625 0.8897569453125 0.44361132421875 0.8843315963541666 0.437916123046875 0.23220486197916668 0.432220919921875 0.23003472135416667 0.41432171484375 0.22677951302083332 0.39804970703125 0.22569444531250002
0 0.44930652734375 0.8832465286458334 0.49649534375 0.8821614583333334 0.498122544921875 0.18120659635416667 0.444424923828125 0.18012152864583333 0.44930652734375 0.8832465286458334
0 0.560769767578125 0.18229166666666666 0.506258548828125 0.18012152864583333 0.502190546875 0.8832465286458334 0.53961616015625 0.8821614583333334 0.55019296484375 0.8778211796875 0.560769767578125 0.18229166666666666
0 0.55923034375 0.8778211796875 0.6145551640625 0.8767361119791667 0.647912775390625 0.17903645833333334 0.5837885546875 0.17903645833333334 0.55923034375 0.8778211796875
0 0.6202503671875 0.8767361119791667 0.681270388671875 0.87890625 0.726832005859375 0.17252604166666666 0.66028594921875 0.17144097135416667 0.6202503671875 0.8767361119791667
0 0.688592791015625 0.8810763880208333 0.729272806640625 0.8821614583333334 0.770766421875 0.21267361197916668 0.7278315234375 0.21375867968749998 0.688592791015625 0.8810763880208333
0 0.780529625 0.23546007031250002 0.77014923046875 0.23654513802083332 0.756935216796875 0.8821614583333334 0.764257619140625 0.8854166666666666 0.779716025390625 0.8897569453125 0.795988029296875 0.8908420130208333 0.809005634765625 0.888671875 0.816328037109375 0.8865017369791667 0.841549646484375 0.23220486197916668 0.7951744296875 0.23328992968749998 0.780529625 0.23546007031250002