0 0.160858009765625 0.7303245364583333 0.18422280078125 0.7347028151041667 0.113117033203125 0.25569191927083335 0.0841616953125 0.2502660442708333 0.160858009765625 0.7303245364583333
0 0.148706052734375 0.2766053958333333 0.149498869140625 0.26908382812500004 0.14740873046875 0.25773483072916664 0.11742938671875 0.2543085338541667 0.190555001953125 0.736985125 0.216802740234375 0.7451908307291667 0.148706052734375 0.2766053958333333
0 0.227855775390625 0.7494534973958333 0.243969423828125 0.7524730000000001 0.256281177734375 0.7525886067708334 0.1931189765625 0.2761619713541667 0.157908337890625 0.27504259114583335 0.152108453125 0.27614723177083333 0.22175009375 0.7450221692708333 0.227855775390625 0.7494534973958333
0 0.261581177734375 0.7568689609375 0.295533095703125 0.7621354010416667 0.24179969921875 0.28199694270833336 0.19819245703125 0.28259134375 0.261581177734375 0.7568689609375
0 0.270956125 0.3093751614583333 0.248057240234375 0.308371390625 0.303589921875 0.7636451510416666 0.314177052734375 0.7645333177083334 0.321654712890625 0.7637430729166667 0.270956125 0.3093751614583333
0 0.29396826953125 0.30930442708333333 0.27519498046875 0.30907373958333334 0.325103958984375 0.7621979557291666 0.329824796875 0.7641783151041667 0.342023291015625 0.7653684322916666 0.29396826953125 0.30930442708333333
0 0.34640434765625 0.7705723177083333 0.367238830078125 0.7755721796875 0.323966435546875 0.2897238541666667 0.299558765625 0.28843735416666666 0.34640434765625 0.7705723177083333
0 0.395198328125 0.7753327838541666 0.36389791015625 0.29282359375 0.3606751796875 0.2922196927083333 0.332247091796875 0.29017981770833334 0.374943009765625 0.7726329166666667 0.390250974609375 0.7755014401041667 0.395198328125 0.7753327838541666
0 0.398899830078125 0.7869837291666667 0.42249113671875 0.7892129869791668 0.400380138671875 0.2974684505208333 0.367819169921875 0.29574985416666666 0.398899830078125 0.7869837291666667
0 0.42616690625 0.7855188463541666 0.455750634765625 0.7932539453124999 0.4396191875 0.299342703125 0.405456048828125 0.2973238828125 0.42616690625 0.7855188463541666
0 0.484402556640625 0.7942400312500001 0.48693286328125 0.7936184453125 0.47863172265625 0.30336597656250003 0.4460899375 0.3016509765625 0.460232083984375 0.7897107786458334 0.4633415546875 0.7913891901041666 0.484402556640625 0.7942400312500001
0 0.510859017578125 0.30940497916666665 0.4801635078125 0.3058444791666667 0.488544228515625 0.7939203958333333 0.50190105078125 0.7997105000000001 0.512374919921875 0.8016731744791666 0.510859017578125 0.30940497916666665
0 0.51756166015625 0.8070280390625001 0.544954861328125 0.8121611901041667 0.54929238671875 0.31112825781250003 0.518379751953125 0.30971853906249996 0.51756166015625 0.8070280390625001
0 0.5477116875 0.8093905885416667 0.5848863359375 0.8152609296875001 0.600616673828125 0.3152671354166667 0.555624587890625 0.31341056510416665 0.5477116875 0.8093905885416667
0 0.589607171875 0.8172412890624999 0.616081431640625 0.8232979765625 0.645016732421875 0.3071511666666667 0.611017005859375 0.304067234375 0.589607171875 0.8172412890624999
0 0.68324931640625 0.3263685520833333 0.686006140625 0.3235979479166667 0.686559572265625 0.31055285677083333 0.64973756640625 0.3091315286458333 0.61977006640625 0.8272763802083333 0.647276525390625 0.8313350208333333 0.68324931640625 0.3263685520833333
0 0.649353794921875 0.8350114739583333 0.677665939453125 0.8392210911458333 0.72340730859375 0.32731927083333334 0.686006140625 0.3235979479166667 0.649353794921875 0.8350114739583333
0 0.6829530703125 0.8358289036458334 0.695390951171875 0.8425425416666666 0.710698916015625 0.8454110677083334 0.723123931640625 0.8444521640625 0.79040507421875 0.34644823177083334 0.787635384765625 0.34154629166666667 0.777853935546875 0.34080910156250005 0.7373270625 0.33759779166666665 0.6829530703125 0.8358289036458334
0 0.723023537109375 0.8531992161458333 0.81696146875 0.8817593671875 0.930807462890625 0.36289632552083334 0.80604050390625 0.34061225260416667 0.723023537109375 0.8531992161458333
0 0.82684330859375 0.8737495052083334 0.839394447265625 0.8793886354166666 0.855281576171875 0.88455715625 0.86218007421875 0.8814669166666667 0.989962056640625 0.3706939739583333 0.9370464609375 0.3607782395833334 0.821769828125 0.8673201328125 0.82684330859375 0.8737495052083334