0 0.256861123046875 0 0.256287162109375 0.008325783854166666 0.69605703125 0.05166477864583333 0.6963334140625 0.0499617421875 0.546044212890625 0 0.256861123046875 0
0 0.253723767578125 0.013063661458333334 0.247610517578125 0.023329502604166667 0.244264447265625 0.0412233125 0.243680916015625 0.05779947916666667 0.725502568359375 0.12294413020833334 0.7364967109375 0.06863587239583334 0.73711772265625 0.06531488541666666 0.253723767578125 0.013063661458333334
0 0.679544361328125 0.18033655729166667 0.68269360546875 0.16349532552083332 0.6878134453125 0.14060112760416668 0.692904216796875 0.12683277604166668 0.691159515625 0.12270731510416666 0.24309043359375 0.0609572109375 0.23796132421875 0.0659601640625 0.235599390625 0.07859108854166667 0.233237458984375 0.091222015625 0.230875525390625 0.10385294010416667 0.233249046875 0.11358606770833334 0.678562541015625 0.1900722578125 0.679544361328125 0.18033655729166667
0 0.703858470703125 0.25214605208333335 0.709371966796875 0.22714670052083333 0.71445502734375 0.20444917447916666 0.712912546875 0.2037275026041667 0.2326608828125 0.12121661197916667 0.22318765625 0.1225393984375 0.217667208984375 0.13412031510416667 0.21491162109375 0.14885639583333335 0.21077823828125 0.17096051822916666 0.212362130859375 0.18043114583333333 0.69933143359375 0.276355328125 0.703858470703125 0.25214605208333335
0 0.202296103515625 0.18043884895833331 0.1973777265625 0.21122609114583335 0.694026357421875 0.32266615625 0.701268544921875 0.283937046875 0.202296103515625 0.18043884895833331
0 0.20192330859375 0.22279930208333332 0.197595416015625 0.2504288098958333 0.6863547109375 0.3726622890625 0.693988357421875 0.3318397708333333 0.20192330859375 0.22279930208333332
0 0.194047880859375 0.26042958072916667 0.189120234375 0.2733255755208333 0.184785390625 0.2875366536458333 0.181636146484375 0.3043778880208333 0.723307515625 0.4576174322916667 0.7350702734375 0.3902284296875 0.733732431640625 0.38841241145833333 0.194047880859375 0.26042958072916667
0 0.197433353515625 0.3185735520833333 0.19111864453125 0.32094634375000003 0.181659322265625 0.34910599479166665 0.179102880859375 0.36726230989583336 0.178521669921875 0.3883112838541667 0.703034259765625 0.5660328854166666 0.710506759765625 0.5126165182291667 0.717935646484375 0.4684037916666666 0.197433353515625 0.3185735520833333
0 0.599743408203125 0.5442958776041666 0.16767296484375 0.401474921875 0.160770087890625 0.4114782604166667 0.15150759765625 0.4385853333333333 0.14559812890625 0.46121702604166664 0.143243150390625 0.48726638281249995 0.14542216015625 0.5025249010416667 0.576966984375 0.6705827343749999 0.583061689453125 0.6245344088541667 0.599743408203125 0.5442958776041666
0 0.5949524765625 0.7179281562500001 0.600211447265625 0.6987751276041667 0.165167513671875 0.5180330755208333 0.1576718359375 0.5267213333333333 0.155113076171875 0.5404048359375 0.1525566328125 0.5585611484375 0.15216761328125 0.5696119270833333 0.587280830078125 0.7679242890625 0.588457162109375 0.7526632057291667 0.592393716796875 0.7316116588541667 0.5949524765625 0.7179281562500001
0 0.53641323828125 0.9323043802083334 0.535422146484375 0.9241488359375 0.53916419140625 0.9086226770833333 0.54566182421875 0.8783604427083334 0.551369828125 0.847835703125 0.558462578125 0.8233613593750001 0.5657475234375 0.7888888125000001 0.572019896484375 0.7688016041666667 0.14898100390625 0.5731973671875 0.1410893515625 0.57951796875 0.1314285703125 0.5997845729166666 0.12531995703125 0.6189960338541667 0.119415125 0.6505733489583333 0.116863318359375 0.6776752864583333 0.117071734375 0.6989867630208333 0.535429099609375 0.9375672682291666 0.53641323828125 0.9323043802083334
0 0.525233041015625 1 0.526773314453125 0.9928262864583334 0.533275583984375 0.9715096692708333 0.53854876171875 0.9433102526041667 0.13069456640625 0.7068695312500001 0.12201560546875 0.7174004401041666 0.1161038203125 0.7355593229166667 0.10901338671875 0.7645064791666667 0.10507683203125 0.7855580234375 0.103509162109375 0.8073970729166667 0.104896228515625 0.8179202760416667 0.305315806640625 0.9505865208333333 0.4539557890625 1 0.525233041015625 1