0 0.230190365234375 0.10752774739583333 0.41848032421875 0.011017471354166667 0.2246374453125 0.08512887239583333 0.230190365234375 0.10752774739583333
0 0.463935169921875 0 0.233482236328125 0.11574872135416665 0.240141140625 0.1443499140625 0.50484467578125 0.014707924479166667 0.501681603515625 0 0.463935169921875 0
0 0.512314064453125 0.05180168489583333 0.506055671875 0.020338921875 0.507060103515625 0.017923567708333334 0.241417837890625 0.1479244609375 0.248011041015625 0.17858210677083333 0.512314064453125 0.05180168489583333
0 0.5313141953125 0.081101375 0.525344865234375 0.04625881510416666 0.524048216796875 0.04731540104166667 0.246671798828125 0.181802578125 0.253734369140625 0.2122807734375 0.5313141953125 0.081101375
0 0.255076765625 0.21379886979166665 0.2624084453125 0.24552839583333333 0.53770714453125 0.11318980729166667 0.53174290234375 0.0830948125 0.255076765625 0.21379886979166665
0 0.260934646484375 0.24812319791666668 0.26846658203125 0.27842194010416665 0.547995884765625 0.15394542187500002 0.53981821484375 0.12064409635416667 0.260934646484375 0.24812319791666668
0 0.554995908203125 0.19121863541666664 0.54836289453125 0.15801393229166666 0.27101682421875 0.28083246875 0.274315001953125 0.2985305729166667 0.280225966796875 0.31184418750000004 0.554995908203125 0.19121863541666664
0 0.287407322265625 0.31925521614583335 0.298503392578125 0.3637648307291667 0.52627102734375 0.2631408671875 0.51500279296875 0.21546877083333335 0.287407322265625 0.31925521614583335
0 0.301538017578125 0.366065734375 0.312099021484375 0.4128112526041667 0.53751982421875 0.31308454687500004 0.527112375 0.26705304687500003 0.301538017578125 0.366065734375
0 0.58559541796875 0.29334971875 0.304992830078125 0.4175594739583333 0.304057251953125 0.4226569427083333 0.304936591796875 0.43383162239583334 0.3076276953125 0.44634494531249996 0.31152348828125 0.4550121354166667 0.596488080078125 0.33455154947916665 0.5871595078125 0.29353670833333334 0.58559541796875 0.29334971875
0 0.595576375 0.33976002604166666 0.3146776484375 0.45786887760416667 0.314680802734375 0.4626074427083333 0.315425587890625 0.4731564557291667 0.318520357421875 0.48754677864583335 0.3221470390625 0.49496263802083335 0.604298587890625 0.38031732552083336 0.603222146484375 0.3753119947916667 0.59851271484375 0.3534136770833333 0.595576375 0.33976002604166666
0 0.589422892578125 0.4009011380208333 0.58743083984375 0.39163832291666667 0.324562724609375 0.4967474973958333 0.324838142578125 0.5074759609375 0.327125580078125 0.5181122864583333 0.330755416015625 0.5302667083333333 0.33391273046875 0.537862015625 0.59715823828125 0.43450766145833336 0.594066623046875 0.4248559036458333 0.591844884765625 0.41216313020833334 0.589422892578125 0.4009011380208333
0 0.603817142578125 0.46310885937499996 0.600187306640625 0.45095443489583337 0.59906766796875 0.43866239583333333 0.3378710703125 0.5397341875 0.335527392578125 0.5453700104166667 0.3359373671875 0.5567241432291666 0.3370826640625 0.5644115885416666 0.34111301171875 0.5737044427083333 0.34447058203125 0.5798689661458333 0.6074501328125 0.48000184635416665 0.60650824609375 0.47562218229166664 0.603817142578125 0.46310885937499996
0 0.338386994140625 0.5870102291666667 0.342965025390625 0.6130214479166667 0.587842708984375 0.5234607161458333 0.58160380078125 0.49681245572916666 0.338386994140625 0.5870102291666667
0 0.343568947265625 0.6134676640625 0.349689630859375 0.6395661927083334 0.59376313671875 0.55099003125 0.588398828125 0.5260466119791667 0.343568947265625 0.6134676640625
0 0.3517016484375 0.6394740546875001 0.357825486328125 0.6703111510416666 0.640862685546875 0.57631765625 0.634154626953125 0.545125953125 0.3517016484375 0.6394740546875001
0 0.647793853515625 0.61090875 0.64039647265625 0.581235671875 0.625911826171875 0.5847422161458333 0.359637251953125 0.671649796875 0.364083880859375 0.7017739140625 0.647793853515625 0.61090875
0 0.365829943359375 0.7051690104166667 0.371212150390625 0.7301956614583333 0.63420431640625 0.6492828046875 0.628172673828125 0.6212363489583334 0.365829943359375 0.7051690104166667
0 0.37195378125 0.7360061067708333 0.37740484375 0.7637148723958332 0.6413357421875 0.6824431145833333 0.635440455078125 0.6550307057291667 0.37195378125 0.7360061067708333
0 0.372047869140625 0.7765967578124999 0.37883501953125 0.796346484375 0.667244962890625 0.7131639375000001 0.663905439453125 0.6929116354166666 0.372047869140625 0.7765967578124999
0 0.387552720703125 0.7943676927083333 0.389840158203125 0.8050040182291666 0.671613275390625 0.7263902395833334 0.667473763671875 0.7118658854166666 0.387552720703125 0.7943676927083333
0 0.39018127734375 0.8136760338541666 0.39623310546875 0.8370924453124999 0.64608933203125 0.7706813645833334 0.63899057421875 0.7423968515625 0.39018127734375 0.8136760338541666
0 0.397309546875 0.8420977786458334 0.404234408203125 0.8672117395833333 0.65335215625 0.7997287786458332 0.647866642578125 0.7742217604166667 0.397309546875 0.8420977786458334
0 0.403567939453125 0.8735605390625 0.4083462265625 0.8981409765625 0.67443631640625 0.8363570104166667 0.66901860546875 0.8088033229166666 0.403567939453125 0.8735605390625
0 0.410226845703125 0.9021617369791667 0.41607841796875 0.9270089348958334 0.681833697265625 0.8660300885416666 0.67702154296875 0.83893021875 0.410226845703125 0.9021617369791667