0 0.158595775390625 0.2214804921875 0.136352380859375 0.2151208828125 0.137648033203125 0.217555140625 0.046693138671875 0.8700041927083334 0.15292995703125 0.8910074088541666 0.1621322421875 0.8894446041666666 0.25390568359375 0.2448190677083333 0.246188638671875 0.2400857890625 0.22627309765625 0.23416239583333334 0.19335337890625 0.22689790624999998 0.158595775390625 0.2214804921875
0 0.174343603515625 0.8983072630208334 0.2333849375 0.9071794192708333 0.30851703515625 0.2879245598958333 0.25165887109375 0.27507856770833333 0.174343603515625 0.8983072630208334
0 0.23844555078125 0.9059362526041667 0.264340646484375 0.9096929427083333 0.339459876953125 0.2827655390625 0.3154237578125 0.27826146354166664 0.23844555078125 0.9059362526041667
0 0.265146330078125 0.9098439166666666 0.29253953125 0.9149770677083334 0.36823792578125 0.29034966145833335 0.34362963671875 0.28354690104166663 0.265146330078125 0.9098439166666666
0 0.290009224609375 0.9155986536458333 0.332710392578125 0.9236003307291667 0.40318598828125 0.3407278203125 0.365693375 0.33151069791666665 0.290009224609375 0.9155986536458333
0 0.334900919921875 0.9262022734375001 0.377488826171875 0.9352784609375 0.44738526171875 0.3501059583333333 0.40887123828125 0.3428889010416667 0.334900919921875 0.9262022734375001
0 0.427441134765625 0.9446389140624999 0.496670880859375 0.37358601041666667 0.468698515625 0.36615286458333335 0.451835646484375 0.36408870312499997 0.4427055703125 0.4412706171875 0.38151723828125 0.9360333359375 0.427441134765625 0.9446389140624999
0 0.429858181640625 0.9450918385416666 0.470834724609375 0.9538660755208334 0.5365019609375 0.38543279947916664 0.499780349609375 0.37526441927083337 0.429858181640625 0.9450918385416666
0 0.47716692578125 0.9561483854166667 0.51364915234375 0.9607932421875001 0.578976609375 0.39558349739583337 0.54317394140625 0.38449158072916667 0.47716692578125 0.9561483854166667
0 0.5163802421875 0.9426775546875 0.54699617578125 0.9484146067708333 0.604809916015625 0.4311048671875 0.576925982421875 0.42478402604166665 0.5163802421875 0.9426775546875
0 0.644754255859375 0.4418771458333333 0.609740634765625 0.43312455729166666 0.550558681640625 0.9457949765625 0.579449990234375 0.9523045859375 0.586121966796875 0.9513633697916667 0.644754255859375 0.4418771458333333
0 0.589810599609375 0.9553417734375 0.618009484375 0.9606258984374999 0.67445124609375 0.44853773437500005 0.646471439453125 0.44329465885416663 0.589810599609375 0.9553417734375
0 0.622390541015625 0.9658297890625 0.6515083671875 0.9701903802083334 0.709208849609375 0.45395515104166667 0.680431751953125 0.44856267447916665 0.622390541015625 0.9658297890625
0 0.656808365234375 0.974470734375 0.6713106484375 0.9771882838541667 0.724820533203125 0.5007099114583333 0.707330783203125 0.497432546875 0.656808365234375 0.974470734375
0 0.673840955078125 0.9765666979166667 0.690533767578125 0.9818861953125001 0.742545546875 0.5040313619791666 0.72839698046875 0.500284359375 0.673840955078125 0.9765666979166667
0 0.758541548828125 1 0.8246582734375 0.41094071354166667 0.772650828125 0.40009941927083337 0.700967328125 1 0.758541548828125 1
0 0.823465568359375 1 0.88480721875 0.4254990885416667 0.8312537109375 0.41327235156250003 0.766007734375 1 0.823465568359375 1