0 0.19714530078125 0 0.1968994140625 0.015077354166666668 0.1993408203125 0.0321629609375 0.59912109375 0.029722158854166666 0.600076951171875 0 0.19714530078125 0
0 0.199951171875 0.07853817708333334 0.2017822265625 0.08748778125000001 0.600341796875 0.08423338020833333 0.5997314453125 0.03379015885416667 0.5960693359375 0.032976559895833334 0.197509765625 0.035417361979166666 0.199951171875 0.07853817708333334
0 0.19873046875 0.08911497916666666 0.1981201171875 0.097250984375 0.6351318359375 0.10294618489583333 0.634521484375 0.08997345052083333 0.19873046875 0.08911497916666666
0 0.1846923828125 0.09562378125 0.181640625 0.19406941927083332 0.71630859375 0.202205421875 0.71630859375 0.1038080859375 0.1846923828125 0.09562378125
0 0.1822509765625 0.20383262239583333 0.181640625 0.29739665625 0.717529296875 0.3096006614583333 0.717529296875 0.21448516927083336 0.1822509765625 0.20383262239583333
0 0.754150390625 0.392587890625 0.754150390625 0.37143428385416666 0.75537109375 0.351907875 0.75537109375 0.33574167968749996 0.182861328125 0.3039054583333333 0.17919921875 0.3063462604166667 0.1767578125 0.322618265625 0.1767578125 0.3429582734375 0.175537109375 0.35841667968749996 0.177978515625 0.3779430859375 0.7510986328125 0.4178095 0.7523193359375 0.4113006979166667 0.754150390625 0.392587890625
0 0.19140625 0.3991130390625 0.1895751953125 0.4617602604166667 0.6400146484375 0.4951178723958333 0.641845703125 0.42851511718749996 0.19140625 0.3991130390625
0 0.1920166015625 0.46989626562500003 0.19140625 0.499185875 0.6192626953125 0.5349842890625 0.6204833984375 0.5050125130208333 0.1920166015625 0.46989626562500003
0 0.1962890625 0.5016266744791666 0.195068359375 0.5301026875 0.6180419921875 0.5699691015625 0.619873046875 0.5391922005208333 0.1962890625 0.5016266744791666
0 0.1993408203125 0.5349842890625 0.1993408203125 0.5650875 0.533203125 0.5927499088541667 0.534423828125 0.5660476692708333 0.1993408203125 0.5349842890625
0 0.202392578125 0.5683419010416667 0.201171875 0.6000723124999999 0.5338134765625 0.625293921875 0.534423828125 0.5977859505208333 0.202392578125 0.5683419010416667
0 0.1767578125 0.6130899166666667 0.1761474609375 0.660278734375 0.700439453125 0.7082811510416667 0.702880859375 0.6604487109375 0.1767578125 0.6130899166666667
0 0.1871337890625 0.6627195364583334 0.1871337890625 0.6993315494791666 0.6229248046875 0.7400115625 0.62353515625 0.7027664192708333 0.1871337890625 0.6627195364583334
0 0.1907958984375 0.7025859479166666 0.1907958984375 0.7416387630208333 0.622314453125 0.7823187786458333 0.6241455078125 0.7426427213541666 0.1907958984375 0.7025859479166666
0 0.1962890625 0.75953796875 0.1962890625 0.8107947890624999 0.62353515625 0.8425252005208334 0.6253662109375 0.7874018359375 0.1962890625 0.75953796875
0 0.207275390625 0.8156763906250001 0.207275390625 0.8693740104166667 0.6217041015625 0.8978500208333333 0.62353515625 0.8443679817708333 0.207275390625 0.8156763906250001
0 0.2078857421875 0.8758828125 0.2078857421875 0.9157492265624999 0.6748046875 0.9474796380208333 0.676025390625 0.9021479296875 0.2078857421875 0.8758828125
0 0.2139892578125 0.9173764270833332 0.214599609375 0.9425980364583334 0.636962890625 0.9686332473958333 0.6375732421875 0.9460932421875 0.2139892578125 0.9173764270833332
0 0.68212890625 1 0.68212890625 0.9906004557291667 0.207275390625 0.9580564427083332 0.2066650390625 0.9759556510416667 0.5579499296875 1 0.68212890625 1
0 0.44531944140625 1 0.2060546875 0.9832780520833334 0.20548448046875 1 0.44531944140625 1