0 0.219382328125 0.032415020833333336 0.22382671875 0.08656272916666667 0.66029242578125 0.05466258333333333 0.65881143359375 0.0049228359375 0.219382328125 0.032415020833333336
0 0.223981490234375 0.08892145833333333 0.228890134765625 0.15014535677083332 0.612292716796875 0.1279354921875 0.60929465234375 0.06536520052083333 0.223981490234375 0.08892145833333333
0 0.61188037890625 0.18627978645833332 0.6108970625 0.13053998697916666 0.22912229296875 0.15368348697916667 0.232602591796875 0.212745703125 0.61188037890625 0.18627978645833332
0 0.230415130859375 0.21414082552083333 0.23192951953125 0.25080441406250004 0.663441162109375 0.2384965078125 0.6635412421875 0.19926780468750002 0.230415130859375 0.21414082552083333
0 0.2312770390625 0.2544456614583333 0.233676005859375 0.2910060625 0.667390837890625 0.29534680208333336 0.668372548828125 0.259312375 0.2312770390625 0.2544456614583333
0 0.64239730859375 0.3253273567708333 0.643470044921875 0.3145066588541667 0.244180560546875 0.30166459895833336 0.24326259375 0.31484402604166667 0.64239730859375 0.3253273567708333
0 0.643911666015625 0.3619909479166667 0.643436685546875 0.32758289583333333 0.244379388671875 0.3182789609375 0.244798451171875 0.3537922604166666 0.643911666015625 0.3619909479166667
0 0.247010515625 0.35837749739583336 0.2480939140625 0.37488859114583334 0.6458537109375 0.38543196614583336 0.645570130859375 0.37368139843750003 0.247010515625 0.35837749739583336
0 0.645934333984375 0.4199862864583333 0.6457689296875 0.3902957630208333 0.24713189453125 0.37381246354166664 0.2477408046875 0.41357365625000003 0.645934333984375 0.4199862864583333
0 0.24614720703125 0.41314435677083333 0.246699572265625 0.44873173437499997 0.67236311328125 0.46076302864583335 0.670283109375 0.42427639322916666 0.24614720703125 0.41314435677083333
0 0.674196427734375 0.49750030729166667 0.672759458984375 0.46201611718749996 0.24685434375 0.45109046354166665 0.248368671875 0.48775405989583337 0.674196427734375 0.49750030729166667
0 0.67636323828125 0.53052265625 0.67612041796875 0.49965273437499996 0.249408080078125 0.49000959374999997 0.249138333984375 0.5245104817708334 0.67636323828125 0.53052265625
0 0.2509224140625 0.5266732682291667 0.250391375 0.5457494739583334 0.639954451171875 0.5495022578125001 0.639287044921875 0.5360360052083334 0.2509224140625 0.5266732682291667
0 0.64041447265625 0.5668027395833334 0.640447833984375 0.5537265026041667 0.252315353515625 0.5479017421875 0.2519470625 0.5673157239583334 0.64041447265625 0.5668027395833334
0 0.25643954296875 0.5700002786458334 0.257245392578125 0.6637893776041667 0.657890369140625 0.6585098567708333 0.656646986328125 0.5696627552083333 0.25643954296875 0.5700002786458334
0 0.663721078125 0.7589807734375 0.66137816796875 0.66893603125 0.264941328125 0.6723987630208333 0.2652246953125 0.7696677708333333 0.663721078125 0.7589807734375
0 0.70178057421875 0.8092071484375 0.6989946875 0.7667500442708333 0.26560308203125 0.7911611614583333 0.26948034765625 0.8345241979166667 0.70178057421875 0.8092071484375
0 0.26408735546875 0.8495692604166667 0.266132720703125 0.8671565703124999 0.77263733203125 0.8294631432291667 0.773245755859375 0.8115662630208332 0.26408735546875 0.8495692604166667
0 0.267249515625 0.8705915104166667 0.267757828125 0.8919233333333333 0.7735722109375 0.8528374661458332 0.7730242578125 0.835359921875 0.267249515625 0.8705915104166667
0 0.6461595703125 0.8988830442708333 0.646569234375 0.864371953125 0.272335654296875 0.8937660260416668 0.2761191640625 0.9357002213541666 0.6461595703125 0.8988830442708333
0 0.27954461328125 0.9357073307291667 0.281556646484375 0.9663708723958333 0.64932702734375 0.9313766588541667 0.649122970703125 0.9032910833333333 0.27954461328125 0.9357073307291667