0 0.492417873046875 1 0.74877769140625 0.9618351770833334 0.74576850390625 0.9186010807291667 0.390839623046875 0.9685056093750001 0.392491349609375 1 0.492417873046875 1
0 0.748050259765625 0.9055317421875001 0.744834568359375 0.8583610338541666 0.386378103515625 0.9196155364583333 0.389208412109375 0.9656908281250001 0.748050259765625 0.9055317421875001
0 0.744044791015625 0.8574456692708333 0.741412462890625 0.8072536354166666 0.383102345703125 0.8634072786458334 0.38721104296875 0.9134616614583333 0.744044791015625 0.8574456692708333
0 0.74342058984375 0.8031105416666667 0.74147480859375 0.7518655625 0.38036069921875 0.8048783515625 0.3834276171875 0.85546521875 0.74342058984375 0.8031105416666667
0 0.722328728515625 0.7121139375 0.7194431640625 0.699526375 0.430705025390625 0.7381844739583333 0.434027580078125 0.7736078385416666 0.72193620703125 0.7329188645833334 0.72210666015625 0.7220243046875 0.722328728515625 0.7121139375
0 0.430267951171875 0.7142954036458334 0.43206623828125 0.7362098437500001 0.72519380078125 0.6960232786458334 0.726102416015625 0.6850598984374999 0.724419587890625 0.6812609296875 0.430267951171875 0.7142954036458334
0 0.753069650390625 0.6617772578125 0.750184087890625 0.6491896953125 0.32354784765625 0.7038019765625 0.324089873046875 0.7274581536458333 0.750736279296875 0.6738624088541667 0.7513196015625 0.67084115625 0.753069650390625 0.6617772578125
0 0.720940994140625 0.5866442057291666 0.42508273046875 0.617195640625 0.4278836953125 0.6688335 0.72499807421875 0.6357144010416667 0.720940994140625 0.5866442057291666
0 0.720837765625 0.5846758984375 0.717570505859375 0.5365209973958334 0.421508615234375 0.5628314166666667 0.424979501953125 0.6152273307291667 0.720837765625 0.5846758984375
0 0.457708109375 0.5320693984375 0.45973664453125 0.5566043984375 0.701862083984375 0.5340296536458333 0.700520115234375 0.5084415729166667 0.546290595703125 0.52381034375 0.457708109375 0.5320693984375
0 0.7007663125 0.507479046875 0.69988767578125 0.4801170703125 0.45624333203125 0.5039461822916667 0.457718134765625 0.5301398255208333 0.7007663125 0.507479046875
0 0.7003639140625 0.47858926822916664 0.699562658203125 0.4527034765625 0.4553194609375 0.47466390625 0.457315716796875 0.5012500494791666 0.7003639140625 0.47858926822916664
0 0.698339248046875 0.45059234374999996 0.69816907421875 0.42613121354166666 0.45370157421875 0.4438147578125 0.454698703125 0.47256665364583333 0.698339248046875 0.45059234374999996
0 0.71307866796875 0.42399940625000004 0.712056859375 0.3832996822916667 0.41295883984375 0.40192923697916666 0.415464013671875 0.44581392968750005 0.71307866796875 0.42399940625000004
0 0.71182459375 0.3788709348958333 0.710287841796875 0.3389610234375 0.410857439453125 0.35797784114583336 0.41231676171875 0.39641167447916664 0.71182459375 0.3788709348958333
0 0.713853642578125 0.3326946640625 0.710412056640625 0.2988961484375 0.43036491796875 0.31383270052083334 0.432023611328125 0.3478453984375 0.713853642578125 0.3326946640625
0 0.708116419921875 0.2657324869791667 0.706184509765625 0.26072051041666666 0.428108390625 0.2708062578125 0.429933240234375 0.3079871041666667 0.709587423828125 0.29378093229166663 0.70984306640625 0.27743909895833335 0.708116419921875 0.2657324869791667
0 0.70790753125 0.24053316666666666 0.70613050390625 0.23847374739583335 0.405039708984375 0.2509307708333333 0.405697234375 0.27019347135416666 0.707729310546875 0.25835128125 0.707779728515625 0.2487040807291667 0.70790753125 0.24053316666666666
0 0.403196140625 0.22744476822916668 0.4034016171875 0.23702980729166667 0.404574623046875 0.2487880390625 0.707160359375 0.23689422916666666 0.70666879296875 0.21691346614583332 0.403196140625 0.22744476822916668
0 0.70382315625 0.21569528125 0.703072357421875 0.18016238541666665 0.44033271875 0.18890336979166666 0.44228428515625 0.22524555208333333 0.70382315625 0.21569528125
0 0.701810203125 0.1773131640625 0.70141947265625 0.13803809895833333 0.438685056640625 0.14582015885416666 0.440116484375 0.183910875 0.701810203125 0.1773131640625
0 0.70387799609375 0.1318749765625 0.702252150390625 0.10087407031250001 0.3983655859375 0.10918056510416667 0.3988454453125 0.13954661979166666 0.70387799609375 0.1318749765625
0 0.7037969140625 0.09850484375 0.70260859375 0.06523794010416667 0.395758146484375 0.07395407552083333 0.39714217578125 0.10706942708333334 0.7037969140625 0.09850484375