0 0.32241477734375 0 0.321026771484375 0.0073672421875 0.67554262109375 0.11350545833333332 0.690679939453125 0.05488306510416666 0.556044125 0 0.32241477734375 0
0 0.3122972265625 0.021140276041666666 0.30861445703125 0.049350197916666665 0.66284105078125 0.15704088802083332 0.668181484375 0.12536038541666666 0.3122972265625 0.021140276041666666
0 0.65107 0.21618433333333334 0.661761927734375 0.15740653125 0.3034224921875 0.07199306510416667 0.29546732421875 0.12693463541666666 0.65107 0.21618433333333334
0 0.629166896484375 0.3360042005208333 0.648614794921875 0.23499096614583334 0.293060525390625 0.133381296875 0.276442291015625 0.22555086458333332 0.629166896484375 0.3360042005208333
0 0.273471845703125 0.2269093671875 0.2566199375 0.31660112760416664 0.6051364609375 0.43987314322916665 0.62440178125 0.3365376666666667 0.273471845703125 0.2269093671875
0 0.586240857421875 0.502962671875 0.599150375 0.44261292187499995 0.24402292578125 0.31889384114583336 0.237176560546875 0.373049484375 0.586240857421875 0.502962671875
0 0.576398087890625 0.562086625 0.58716042578125 0.5070514505208333 0.239534908203125 0.3789626927083333 0.22896174609375 0.4291231354166667 0.576398087890625 0.562086625
0 0.56068141015625 0.6225300625 0.573661330078125 0.5659228567708333 0.225116244140625 0.4337453177083333 0.214252615234375 0.4834079921875 0.56068141015625 0.6225300625
0 0.21996819140625 0.48859326302083333 0.21159062890625 0.52107925 0.5513815078125 0.6698523203125001 0.55938343359375 0.6281907213541666 0.21996819140625 0.48859326302083333
0 0.538237166015625 0.7285116276041667 0.548810298828125 0.6783511744791667 0.20422956640625 0.5329341223958334 0.197502 0.5784722526041667 0.538237166015625 0.7285116276041667
0 0.197242376953125 0.5796045052083333 0.189476419921875 0.6296711927083333 0.54865608984375 0.8045608515625 0.5589696328125 0.7555325 0.197242376953125 0.5796045052083333
0 0.18563082421875 0.6342935078124999 0.17890331640625 0.6798316562500001 0.513716783203125 0.8519274192708334 0.5232508515625 0.7979185677083334 0.18563082421875 0.6342935078124999
0 0.498589060546875 0.9054720130208334 0.51137973828125 0.8537396796875 0.17642614453125 0.6825357864583333 0.169438955078125 0.729206171875 0.498589060546875 0.9054720130208334
0 0.507302615234375 1 0.52408662890625 0.9319594921875001 0.166182986328125 0.7353067578125 0.1465251484375 0.8411260234375 0.38887233203125 0.9775456953125 0.443955875 1 0.507302615234375 1