0 0.066533595703125 0.8054321249999999 0.095886953125 0.8057951640625 0.044985880859375 0.316804328125 0.011678513671875 0.316825078125 0.066533595703125 0.8054321249999999
0 0.1028489765625 0.808818015625 0.131440451171875 0.8067362760416666 0.083972466796875 0.3196496692708333 0.0449239375 0.317985421875 0.1028489765625 0.808818015625
0 0.117263552734375 0.34728069791666666 0.087024427734375 0.34683507291666665 0.1385883671875 0.8062158098958333 0.163277626953125 0.8047699635416666 0.117263552734375 0.34728069791666666
0 0.166046359375 0.8087758749999999 0.1874899765625 0.807214609375 0.14643108203125 0.3511870260416667 0.119796916015625 0.34989064062499997 0.166046359375 0.8087758749999999
0 0.1897755078125 0.8145489322916667 0.22291958984375 0.8105179166666666 0.185308048828125 0.3473714479166667 0.1501598671875 0.34797406770833333 0.1897755078125 0.8145489322916667
0 0.225695646484375 0.3502691770833333 0.188246724609375 0.351525125 0.225452951171875 0.8131278619791668 0.258535091796875 0.8102779010416666 0.225695646484375 0.3502691770833333
0 0.261954162109375 0.8129704244791666 0.29952696875 0.8093523229166667 0.273236580078125 0.3320747994791667 0.22934398046875 0.33161934895833334 0.261954162109375 0.8129704244791666
0 0.319051640625 0.3352358229166667 0.2798312421875 0.33632656770833336 0.3002888515625 0.8117971015625001 0.3350185859375 0.8114745026041666 0.319051640625 0.3352358229166667
0 0.342347251953125 0.3492765208333333 0.3228609375 0.3474597005208333 0.339961357421875 0.8190566536458334 0.356914375 0.8182634557291667 0.342347251953125 0.3492765208333333
0 0.357800083984375 0.8183460364583334 0.369376658203125 0.8182385546875 0.36544341796875 0.3471980885416666 0.345066380859375 0.348343171875 0.357800083984375 0.8183460364583334
0 0.37262846875 0.8410923385416668 0.426082689453125 0.8401418645833334 0.429889134765625 0.23834359895833335 0.367080142578125 0.23408189583333336 0.37262846875 0.8410923385416668
0 0.433583693359375 0.8159168072916666 0.45927015234375 0.818311703125 0.464197056640625 0.3681528229166667 0.437511798828125 0.36764427083333334 0.433583693359375 0.8159168072916666
0 0.46060802734375 0.8267445807291667 0.4855946640625 0.8255135755208333 0.49439675 0.37096851302083333 0.46674126953125 0.3703695026041667 0.46060802734375 0.8267445807291667
0 0.522958056640625 0.35068653645833336 0.49910490234375 0.3472756979166667 0.48825191015625 0.8257613255208334 0.510768220703125 0.8241158802083333 0.522958056640625 0.35068653645833336
0 0.514186197265625 0.8234318411458333 0.535505869140625 0.8242327630208334 0.55484465625 0.3536595078125 0.528272431640625 0.35118202604166665 0.514186197265625 0.8234318411458333
0 0.581540884765625 0.3537748098958333 0.556740078125 0.35146248697916666 0.539872591796875 0.8258267317708333 0.560368619140625 0.8253639505208333 0.581540884765625 0.3537748098958333
0 0.562778095703125 0.8303360833333334 0.62206080078125 0.8370502630208333 0.656073369140625 0.3073145260416667 0.59388591796875 0.30323395052083335 0.562778095703125 0.8303360833333334
0 0.623708333984375 0.8395776171875 0.682167275390625 0.845028078125 0.72566651953125 0.36642586718750003 0.65765266015625 0.36205801822916667 0.623708333984375 0.8395776171875
0 0.691148609375 0.8434917161458334 0.7120348046875 0.8525602864583334 0.727092333984375 0.8539641875 0.738522828125 0.8492665390625 0.795425900390625 0.29775654166666665 0.73779084375 0.29356976822916664 0.691148609375 0.8434917161458334
0 0.75922682421875 0.8522127838541667 0.771503341796875 0.8557311380208333 0.78408957421875 0.8533439713541666 0.79338050390625 0.8459020755208333 0.863751884765625 0.3017532057291667 0.8018119296875 0.2947913151041667 0.74618848046875 0.8462496588541667 0.75922682421875 0.8522127838541667
0 0.82811029296875 0.8455795598958334 0.839048875 0.8406650286458334 0.915979615234375 0.3215172317708333 0.86648958203125 0.3174378255208333 0.796223576171875 0.842606578125 0.814000416015625 0.8430771041666666 0.82811029296875 0.8455795598958334
0 0.93796205859375 0.3632684921875 0.91050400390625 0.360708421875 0.840944296875 0.8384680078125001 0.863149802734375 0.8393514427083333 0.93796205859375 0.3632684921875
0 0.973781896484375 0.3761031953125 0.94177129296875 0.37549240625 0.86840223046875 0.8410280703124999 0.90028894921875 0.8440010520833333 0.973781896484375 0.3761031953125
0 1 0.3761739140625 0.996049341796875 0.37580557291666666 0.985234646484375 0.3783578697916667 0.9773248515625 0.3764335260416667 0.89946518359375 0.8427373359375 0.92958036328125 0.8455451458333334 1 0.4492715078125 1 0.3761739140625