0 0.43724651953125 0 0.17461929296875 0.12057307552083334 0.180079876953125 0.14171798958333334 0.187206517578125 0.16598150260416666 0.190624806640625 0.17588522656250002 0.571346630859375 0 0.43724651953125 0
0 0.191204935546875 0.18479734635416667 0.209671154296875 0.24630519010416665 0.56537849609375 0.077262171875 0.55212634375 0.019280421875 0.191204935546875 0.18479734635416667
0 0.22017783984375 0.31031997395833333 0.228238099609375 0.32153447395833334 0.59731641015625 0.15094202864583334 0.57930025390625 0.07451270833333333 0.207627640625 0.24839067968749998 0.20613907421875 0.25595792968750003 0.22017783984375 0.31031997395833333
0 0.228793044921875 0.327016234375 0.242592111328125 0.3837829375 0.60044369140625 0.22637587239583334 0.5864315390625 0.16878402083333333 0.228793044921875 0.327016234375
0 0.6740388125 0.5013583229166666 0.64887498828125 0.40391692447916666 0.64445516015625 0.393467796875 0.28950966015625 0.5654608802083333 0.289370685546875 0.5815869817708333 0.29103552734375 0.5980322604166667 0.297392703125 0.6226490338541667 0.30319493359375 0.6417840494791667 0.31104067578125 0.6588335729166667 0.317032240234375 0.6687032057291667 0.6707716171875 0.5120367630208333 0.6740388125 0.5013583229166666
0 0.699782763671875 0.6077118385416667 0.694964517578125 0.5823885390625 0.689376806640625 0.5574184973958333 0.680900572265625 0.5245961328125001 0.676223546875 0.5131510703125001 0.317801705078125 0.6683499401041666 0.316842904296875 0.6779685885416668 0.319037509765625 0.6964652630208333 0.322506162109375 0.7132297083333333 0.328093873046875 0.7381997473958334 0.334425869140625 0.7593861614583334 0.341212080078125 0.772332890625 0.70110717578125 0.6128403333333333 0.699782763671875 0.6077118385416667
0 0.348048658203125 0.7921403385416667 0.350782224609375 0.8127240260416667 0.354995158203125 0.8257048489583334 0.358429431640625 0.8390033203125 0.72453061328125 0.683545375 0.70942934375 0.6184033203125 0.3443403046875 0.7777805546875 0.348048658203125 0.7921403385416667
0 0.368608751953125 0.8584234114583333 0.372872052734375 0.8782649557291666 0.723028986328125 0.72439053125 0.719535150390625 0.7041957265625 0.368608751953125 0.8584234114583333
0 0.36357598828125 0.8389351354166666 0.3683186875 0.8539673541666667 0.716696990234375 0.7032041197916666 0.7135700625 0.6910957734375001 0.36357598828125 0.8389351354166666
0 0.750460978515625 0.7439608515625 0.747547271484375 0.7326781640625 0.74417407421875 0.7229490416666667 0.373726259765625 0.8882383906250001 0.373776625 0.8950991093749999 0.3785445078125 0.9135616927083333 0.38220249609375 0.9210607578125 0.385885666015625 0.9319901796875 0.757373099609375 0.7740593854166667 0.75652808984375 0.7641215651041667 0.7541441484375 0.7548902760416666 0.750460978515625 0.7439608515625
0 0.414100734375 1 0.7605759296875 0.8597843125 0.761055330078125 0.8549749895833334 0.75864620703125 0.8423133385416667 0.75467297265625 0.8269278515625 0.752503548828125 0.8118615390625 0.749085259765625 0.8019578151041666 0.746701318359375 0.7927265260416667 0.7441263828125 0.7860884895833333 0.388559671875 0.9456775286458333 0.38966956640625 0.9566410468750001 0.393667982421875 0.9754568932291666 0.39687175390625 0.9911956380208333 0.400255486328125 1 0.414100734375 1
0 0.562753478515625 1 0.766887609375 0.9062813098958333 0.760226296875 0.8750946822916666 0.45025716796875 1 0.562753478515625 1