0 0.216617111328125 0.2277806875 0.230429912109375 0.2705313515625 0.606098337890625 0.08010296354166667 0.596553498046875 0.035720544270833335 0.216617111328125 0.2277806875
0 0.23104473046875 0.27768576041666665 0.23936588671875 0.31637818229166664 0.61911281640625 0.13527716666666667 0.607322041015625 0.08579304166666667 0.23104473046875 0.27768576041666665
0 0.608241625 0.18027327083333333 0.599681748046875 0.14906167447916666 0.24010009375 0.31979216666666666 0.247291123046875 0.3478716484375 0.608241625 0.18027327083333333
0 0.24560978125 0.3497068619791666 0.249286880859375 0.37539581250000004 0.614742537109375 0.21415776822916666 0.608731103515625 0.1825492890625 0.24560978125 0.3497068619791666
0 0.62501528125 0.2711552161458333 0.6127783046875 0.21425466927083334 0.243556478515625 0.37881823697916667 0.254861958984375 0.4303141744791667 0.62501528125 0.2711552161458333
0 0.2548145 0.4311667526041667 0.263995220703125 0.4781516276041667 0.637491390625 0.3246612395833333 0.627211947265625 0.27277852864583335 0.2548145 0.4311667526041667
0 0.70750928125 0.3282893984375 0.700292466796875 0.29902746354166665 0.2436344921875 0.4908624010416667 0.2502364609375 0.5129699348958333 0.70750928125 0.3282893984375
0 0.67340773046875 0.40167488802083334 0.663618140625 0.3561544192708333 0.27780201171875 0.5122835 0.285878419921875 0.5498378776041667 0.67340773046875 0.40167488802083334
0 0.68356142578125 0.4445929088541667 0.67560439453125 0.4032981979166667 0.28490547265625 0.5539046354166667 0.29224765625 0.5880449505208333 0.68356142578125 0.4445929088541667
0 0.640547873046875 0.5066066770833334 0.63283558984375 0.46645001302083333 0.316028794921875 0.5826475494791666 0.32434599609375 0.6164139192708333 0.640547873046875 0.5066066770833334
0 0.3233709765625 0.6167878619791667 0.329370083984375 0.6489785963541667 0.647281232421875 0.5422114609375001 0.640547873046875 0.5066066770833334 0.3233709765625 0.6167878619791667
0 0.656945453125 0.5828535494791667 0.648869044921875 0.5452991744791666 0.327543544921875 0.6533715416666667 0.335664984375 0.6879415286458334 0.656945453125 0.5828535494791667
0 0.33952379296875 0.6918966119791666 0.346012361328125 0.7263632864583333 0.6665465 0.6251006901041667 0.656581326171875 0.5854558385416667 0.33952379296875 0.6918966119791666
0 0.720797837890625 0.6692833333333333 0.7106381640625 0.6177465078125001 0.3207747890625 0.7421701458333333 0.327284150390625 0.7859647083333333 0.720797837890625 0.6692833333333333
0 0.330325654296875 0.7951714322916666 0.3368202890625 0.8382568776041667 0.7327901015625 0.7250459869791667 0.722875158203125 0.6746471328125 0.330325654296875 0.7951714322916666
0 0.340604705078125 0.84296784375 0.34758883203125 0.888329375 0.7562430859375 0.7739634895833333 0.74718171484375 0.7232382916666666 0.340604705078125 0.84296784375
0 0.348567787109375 0.8928814088541667 0.355307126953125 0.9371049973958333 0.7683681328125 0.8245734661458334 0.7578308984375 0.777051203125 0.348567787109375 0.8928814088541667