0 0.5593941640625 1 0.81484125390625 0.8893336119791666 0.801160845703125 0.8301097916666667 0.403342154296875 1 0.5593941640625 1
0 0.371709751953125 1 0.79560908984375 0.8188221901041667 0.777869048828125 0.7446693776041666 0.3535263828125 0.9319217473958333 0.367383576171875 1 0.371709751953125 1
0 0.7752623515625 0.7429906380208333 0.758821125 0.6716912109375 0.337380896484375 0.8580046067708333 0.354666677734375 0.9289381510416667 0.7752623515625 0.7429906380208333
0 0.36244605859375 0.7961089791666667 0.373716935546875 0.8385284609375 0.75856811328125 0.6668216484374999 0.746762841796875 0.6212362604166667 0.36244605859375 0.7961089791666667
0 0.7478888046875 0.6191667109375 0.737462453125 0.576381359375 0.3522716640625 0.751067453125 0.36217169140625 0.7949830885416667 0.7478888046875 0.6191667109375
0 0.318139171875 0.6870897786458333 0.337092615234375 0.7610352734375 0.73946867578125 0.5692882864583334 0.723039876953125 0.5028190755208334 0.318139171875 0.6870897786458333
0 0.73653981640625 0.4921348619791666 0.713217712890625 0.39643078645833335 0.2354472109375 0.6121271119791667 0.2558470703125 0.7093265416666666 0.73653981640625 0.4921348619791666
0 0.207988080078125 0.5032778671875 0.23242905859375 0.5997418854166666 0.71355630078125 0.3863257552083333 0.690255626953125 0.28687805729166665 0.207988080078125 0.5032778671875
0 0.270949982421875 0.44363640364583334 0.278675337890625 0.4676751171875 0.684703873046875 0.275590453125 0.67661648828125 0.24911261979166666 0.270949982421875 0.44363640364583334
0 0.6767255078125 0.24668217708333331 0.669570337890625 0.22115169010416666 0.2652308515625 0.4125046171875 0.271815892578125 0.43952684635416667 0.6767255078125 0.24668217708333331
0 0.66735391015625 0.21588797916666666 0.654183791015625 0.1618433671875 0.23571894140625 0.3680292005208334 0.248340326171875 0.4198220364583333 0.66735391015625 0.21588797916666666
0 0.216765498046875 0.2940837057291667 0.232130630859375 0.35713572916666664 0.6527905234375 0.15995729687500002 0.634913203125 0.09425919791666666 0.216765498046875 0.2940837057291667
0 0.19394936328125 0.2081188645833333 0.21098216015625 0.2741828333333333 0.636074873046875 0.08753200520833333 0.61849333203125 0.01921609375 0.19394936328125 0.2081188645833333
0 0.458850599609375 0 0.226425341796875 0.09278861458333333 0.171930427734375 0.11639724218750001 0.188461828125 0.18560033854166666 0.619676416015625 0.008745203125 0.617788451171875 0 0.458850599609375 0