0 0.16002198828125 0.8783767265625001 0.18304381640625 0.8702348854166666 0.095359712890625 0.42543827864583333 0.073754599609375 0.43116174739583335 0.16002198828125 0.8783767265625001
0 0.18514066015625 0.8841034427083333 0.20987673828125 0.8767741770833334 0.121101681640625 0.4201307734375 0.094651353515625 0.42664746354166666 0.18514066015625 0.8841034427083333
0 0.215246072265625 0.86386975 0.251089298828125 0.8525356640625 0.16791053125 0.4299590546875 0.13185976953125 0.4380474635416667 0.215246072265625 0.86386975
0 0.252902724609375 0.8544252213541667 0.28309319921875 0.8440165624999999 0.203541283203125 0.4252190651041667 0.171239849609375 0.43050722395833335 0.252902724609375 0.8544252213541667
0 0.214166291015625 0.3447679114583333 0.20205325390625 0.3467509713541667 0.1917610859375 0.3495291484375 0.284283330078125 0.8569403411458333 0.292656220703125 0.8588492473958333 0.307092689453125 0.8553925963541666 0.32203916015625 0.8485727942708333 0.324575060546875 0.8405051067708333 0.2366781171875 0.33998922135416665 0.231932080078125 0.34185942708333333 0.226279328125 0.34278485416666665 0.214166291015625 0.3447679114583333
0 0.32699766796875 0.8401084947916666 0.34769606640625 0.8334402500000001 0.276148564453125 0.39474762239583333 0.251433349609375 0.40098025260416664 0.32699766796875 0.8401084947916666
0 0.348106892578125 0.8290001223958333 0.375067224609375 0.8191202786458334 0.30234370703125 0.3587558151041667 0.276020228515625 0.36525174218749995 0.348106892578125 0.8290001223958333
0 0.378396544921875 0.8196684453124999 0.41414059375 0.8072573802083333 0.349251732421875 0.36966108333333336 0.31011487109375 0.37934794010416667 0.378396544921875 0.8196684453124999
0 0.412752107421875 0.792179640625 0.444756009765625 0.7836605390625001 0.383876595703125 0.3628993333333333 0.35005926953125 0.36952888020833335 0.412752107421875 0.792179640625
0 0.4475612109375 0.7963199088541667 0.473714005859375 0.7865722708333333 0.41294788671875 0.3581399921875 0.38422823828125 0.36502820052083335 0.4475612109375 0.7963199088541667
0 0.475031544921875 0.7830769192708332 0.498450083984375 0.7792430052083333 0.44192 0.3523036692708333 0.414015298828125 0.35905846354166665 0.475031544921875 0.7830769192708332
0 0.500051041015625 0.7877266562499999 0.51508257421875 0.7907318932291667 0.53042575390625 0.7882200182291667 0.53639015234375 0.7817774791666667 0.47949158984375 0.3330341041666667 0.473229658203125 0.3362457005208333 0.457985654296875 0.33983455468749996 0.442810580078125 0.34231890625 0.500051041015625 0.7877266562499999
0 0.538600291015625 0.7879749609375 0.568379939453125 0.7820064348958334 0.520151798828125 0.3384029088541667 0.48479854296875 0.34419068750000004 0.538600291015625 0.7879749609375
0 0.5479196640625 0.32839086458333333 0.520749958984375 0.333932109375 0.567190810546875 0.7690824921875 0.59232359765625 0.7660611536458334 0.592435890625 0.7583902421875001 0.5479196640625 0.32839086458333333
0 0.595242095703125 0.7710494479166666 0.626126810546875 0.7681796614583334 0.580420455078125 0.3252565078125 0.55054162890625 0.33014805208333337 0.595242095703125 0.7710494479166666
0 0.628351064453125 0.7656290885416667 0.652577138671875 0.7616629713541667 0.610100927734375 0.3182109973958333 0.583753376953125 0.3236176484375 0.628351064453125 0.7656290885416667
0 0.650777828125 0.7510253593749999 0.670867046875 0.74664328125 0.63826550390625 0.3125068828125 0.613540435546875 0.31764790625 0.650777828125 0.7510253593749999
0 0.677738158203125 0.7411455182291666 0.721755919921875 0.7295663776041666 0.695303015625 0.29988946093749996 0.643228318359375 0.3106011875 0.677738158203125 0.7411455182291666
0 0.726997845703125 0.7330810807291667 0.77666835546875 0.7205765104166666 0.753856421875 0.28593064583333333 0.6983348046875 0.2972066796875 0.726997845703125 0.7330810807291667
0 0.781513572265625 0.7197832864583332 0.79352743359375 0.7167232473958333 0.76606863671875 0.2850245703125 0.75672240234375 0.2876478854166667 0.781513572265625 0.7197832864583332
0 0.795751685546875 0.714172671875 0.828053119140625 0.708884515625 0.80534036328125 0.27531563541666665 0.77177185546875 0.2819044427083333 0.795751685546875 0.714172671875
0 0.840548751953125 0.7199574401041667 0.8744652578125 0.714404875 0.856016765625 0.26483282291666665 0.8184221953125 0.2720807526041667 0.840548751953125 0.7199574401041667
0 0.877298689453125 0.7095681354166666 0.901028876953125 0.7002171067708334 0.887609841796875 0.2607538541666667 0.8612322109375 0.26507220833333334 0.877298689453125 0.7095681354166666