0 0.4084348515625 1 0.822667833984375 0.9397916979166667 0.811890318359375 0.8787531770833333 0.36811526953125 0.9390636901041667 0.36801501953125 1 0.4084348515625 1
0 0.8131768984375 0.8172980859375 0.805323099609375 0.7708733072916667 0.3307434453125 0.8927003515625 0.33527529296875 0.9384150677083333 0.8131768984375 0.8172980859375
0 0.3276368125 0.8395345651041667 0.330527029296875 0.8903502630208333 0.80587981640625 0.7672039270833334 0.79725171484375 0.7197907083333334 0.3276368125 0.8395345651041667
0 0.319999416015625 0.7954598776041667 0.323678501953125 0.8354115520833334 0.802000044921875 0.7153575130208334 0.791266705078125 0.6761672317708333 0.319999416015625 0.7954598776041667
0 0.796341810546875 0.6733443307291668 0.788039453125 0.6317641067708334 0.3158418125 0.7487528984375 0.320339744140625 0.7894404036458332 0.796341810546875 0.6733443307291668
0 0.312007703125 0.6989616979166667 0.316119615234375 0.74361346875 0.7921216875 0.6275174739583333 0.7845173203125 0.5815062838541667 0.312007703125 0.6989616979166667
0 0.787793353515625 0.5805155338541667 0.78191869921875 0.5361522604166666 0.308616375 0.6489224401041667 0.312780859375 0.6976423203125001 0.787793353515625 0.5805155338541667
0 0.30423240234375 0.6048135234375 0.309333890625 0.6504960911458334 0.78346501953125 0.5335135911458333 0.777698578125 0.49032540625 0.30423240234375 0.6048135234375
0 0.298605564453125 0.5437109661458334 0.304680935546875 0.5999690546875 0.782553943359375 0.48475948177083333 0.773500646484375 0.42982202864583335 0.298605564453125 0.5437109661458334
0 0.777143521484375 0.426007015625 0.769305396484375 0.37003759635416666 0.29302566796875 0.47962094791666665 0.299610849609375 0.53519703125 0.777143521484375 0.426007015625
0 0.28945498046875 0.4151979557291667 0.29497360546875 0.47512542708333333 0.77063535546875 0.365048828125 0.762194408203125 0.3070461380208333 0.28945498046875 0.4151979557291667
0 0.292626125 0.36219721614583333 0.296954458984375 0.40919915625 0.763245734375 0.30423494270833334 0.7554953203125 0.2556683932291667 0.292626125 0.36219721614583333
0 0.75837636328125 0.2513578177083333 0.75140395703125 0.20478874479166667 0.28580147265625 0.30501416666666664 0.290770875 0.35176598697916667 0.75837636328125 0.2513578177083333
0 0.285407576171875 0.264379578125 0.287988880859375 0.302125453125 0.746888892578125 0.20433519791666666 0.742198978515625 0.16470298958333332 0.285407576171875 0.264379578125
0 0.74641065234375 0.16028126822916666 0.73898968359375 0.11855666666666666 0.28162029296875 0.22325297656249998 0.28420158203125 0.26099869531250003 0.74641065234375 0.16028126822916666
0 0.740644197265625 0.11709292447916668 0.729079927734375 0.04980600520833334 0.2766043515625 0.15172016666666668 0.28251734765625 0.21356388281250002 0.740644197265625 0.11709292447916668
0 0.61898759375 0 0.271062962890625 0.07946411197916667 0.27757116015625 0.14042229947916665 0.731291224609375 0.04467294791666667 0.72514797265625 0 0.61898759375 0