0 0.4836271484375 0 0.404353884765625 0.009247348958333334 0.264620630859375 0.07939302083333334 0.269347212890625 0.11746446875 0.51424156640625 0 0.4836271484375 0
0 0.519211123046875 0 0.269476189453125 0.11943007552083333 0.2673658515625 0.13255051822916666 0.269807517578125 0.1471206171875 0.2742937265625 0.157045765625 0.618534146484375 0 0.519211123046875 0
0 0.623697068359375 0 0.273465578125 0.15758752083333333 0.276874572265625 0.18689976822916665 0.656474787109375 0.028730963541666668 0.65250406640625 0 0.623697068359375 0
0 0.277325990234375 0.19377942447916666 0.28426406640625 0.2315928984375 0.6619733046875 0.07696748697916667 0.65586658984375 0.030782559895833336 0.277325990234375 0.19377942447916666
0 0.280642716796875 0.23300562760416665 0.285175787109375 0.268128703125 0.666502744140625 0.12109690364583332 0.661238046875 0.078682109375 0.280642716796875 0.23300562760416665
0 0.2860419609375 0.2700083151041667 0.28804109765625 0.3004753177083333 0.742224853515625 0.13558688020833334 0.74171605859375 0.09707415625 0.2860419609375 0.2700083151041667
0 0.28817007421875 0.30244092447916665 0.290777384765625 0.3308563307291667 0.7463432265625 0.17570999479166668 0.74228934375 0.13656971614583333 0.28817007421875 0.30244092447916665
0 0.287349501953125 0.3352175 0.29140337890625 0.3743577838541667 0.67928035546875 0.2535797265625 0.67385110546875 0.2029825390625 0.287349501953125 0.3352175
0 0.29246296875 0.37918584375 0.29866389453125 0.41708530729166665 0.6834420859375 0.303867609375 0.677729873046875 0.2548498072916667 0.29246296875 0.37918584375
0 0.29978797265625 0.42289613802083337 0.303196962890625 0.4522083203125 0.59846356640625 0.36725828645833336 0.595523765625 0.3341489869791667 0.29978797265625 0.42289613802083337
0 0.30258879296875 0.45425991406250005 0.305933296875 0.48258932552083333 0.60533717578125 0.4040889244791666 0.59932971484375 0.36913790104166666 0.30258879296875 0.45425991406250005
0 0.31204191796875 0.5304029505208333 0.66779346484375 0.45028110156249995 0.662274654296875 0.39280446093750004 0.306126763671875 0.48553776822916667 0.31204191796875 0.5304029505208333
0 0.310696546875 0.5325404739583334 0.3145291796875 0.5796291718750001 0.6731776484375 0.5091677473958334 0.667185263671875 0.45233263541666663 0.310696546875 0.5325404739583334
0 0.31392096484375 0.5816808385416666 0.316113564453125 0.6150962161458333 0.676582802734375 0.550269390625 0.6725289140625 0.5111291119791667 0.31392096484375 0.5816808385416666
0 0.31771687890625 0.6168897734375 0.321577298828125 0.6530817421875 0.713652728515625 0.5944712005208334 0.70932459375 0.5496089348958334 0.31771687890625 0.6168897734375
0 0.32023192578125 0.6552192682291667 0.324092337890625 0.6914111067708334 0.718069259765625 0.645528921875 0.714647853515625 0.5983164192708333 0.32023192578125 0.6552192682291667
0 0.3242858046875 0.6943595494791667 0.326386140625 0.7376890130208333 0.692669341796875 0.7048648385416666 0.68643173828125 0.6550856744791667 0.3242858046875 0.6943595494791667
0 0.70041797265625 0.7663516510416667 0.695500708984375 0.71242521875 0.324303583984375 0.7399126666666667 0.324119 0.7597407213541666 0.32781376953125 0.78208725 0.70041797265625 0.7663516510416667
0 0.32733452734375 0.7861044557291667 0.3298773984375 0.8135370859375 0.71908135546875 0.7979008515625 0.7161565859375 0.7684770208333332 0.32733452734375 0.7861044557291667
0 0.33067903125 0.8144338671875001 0.33389456640625 0.8407977369791667 0.719675640625 0.8334282291666667 0.71693932421875 0.8030472890625 0.33067903125 0.8144338671875001
0 0.34120067578125 0.9181813828125001 0.7703271015625 0.937446140625 0.760659953125 0.846422140625 0.332678173828125 0.8449009348958333 0.34120067578125 0.9181813828125001
0 0.516372857421875 1 0.6701248203125 0.98206459375 0.665519421875 0.9476915312499999 0.337901724609375 0.9245082343750001 0.345779341796875 0.9879605859375 0.456771419921875 1 0.516372857421875 1