0 0.02447255859375 0.674556109375 0.05542578125 0.6784307161458334 0.078427013671875 0.05951532291666667 0.047906599609375 0.0509401484375 0.02447255859375 0.674556109375
0 0.1150279609375 0.06910413541666667 0.082420326171875 0.06376584895833333 0.0577648046875 0.6812175208333334 0.092869595703125 0.683316859375 0.1150279609375 0.06910413541666667
0 0.093124482421875 0.6858134401041666 0.131344412109375 0.6884919505208332 0.16359191015625 0.1343126796875 0.12690254296875 0.124727546875 0.093124482421875 0.6858134401041666
0 0.1987351484375 0.14125894791666668 0.164364947265625 0.135632109375 0.134761330078125 0.6902441770833333 0.16762342578125 0.6942431510416666 0.1987351484375 0.14125894791666668
0 0.168698658203125 0.7005716380208334 0.20681037109375 0.7044252682291666 0.248352341796875 0.06333538541666667 0.20597022265625 0.05297777604166667 0.168698658203125 0.7005716380208334
0 0.209021380859375 0.7095587239583333 0.24691665625 0.7157626640625 0.294330806640625 0.07460078125 0.25246195703125 0.06297480989583333 0.209021380859375 0.7095587239583333
0 0.3351025234375 0.1564267734375 0.29819671875 0.149191953125 0.25593041796875 0.7053096145833333 0.2913174765625 0.7079341354166666 0.3351025234375 0.1564267734375
0 0.292171349609375 0.7100498046875 0.321253791015625 0.7148109713541667 0.367601880859375 0.16294020572916665 0.338627658203125 0.1570038828125 0.292171349609375 0.7100498046875
0 0.32337213671875 0.7306652265625 0.364467896484375 0.7409717005208334 0.419040591796875 0.09978886979166667 0.376073994140625 0.09036892447916667 0.32337213671875 0.7306652265625
0 0.465640486328125 0.10861073958333334 0.4216844140625 0.10022169791666667 0.364684333984375 0.738621390625 0.405846283203125 0.7463618880208333 0.465640486328125 0.10861073958333334
0 0.52556849609375 0.186415609375 0.504417693359375 0.18295295572916667 0.48866275 0.17918079947916665 0.47544346875 0.1770166328125 0.413587943359375 0.7418560468750001 0.4619505234375 0.7509664505208334 0.52556849609375 0.186415609375
0 0.465027158203125 0.7466986484375 0.493120125 0.7524907343749999 0.554032755859375 0.2173188515625 0.524950314453125 0.2125576875 0.465027158203125 0.7466986484375
0 0.58642389453125 0.22500744010416665 0.556568298828125 0.21892682291666665 0.493893166015625 0.7538101223958332 0.5227553515625 0.7589420833333334 0.58642389453125 0.22500744010416665
0 0.523331392578125 0.7741369088541666 0.530489875 0.7741160130208334 0.59706087890625 0.19692695572916666 0.59155680078125 0.19841160677083333 0.523331392578125 0.7741369088541666
0 0.577971142578125 0.7830821328124999 0.66256967578125 0.18498693229166666 0.624225958984375 0.17393809114583333 0.6035235390625 0.175320328125 0.535220921875 0.7713118906249999 0.538313298828125 0.7765896380208334 0.551099701171875 0.7834545052083333 0.55903122265625 0.7847529973958333 0.569714845703125 0.7853091276041666 0.577971142578125 0.7830821328124999
0 0.579393484375 0.777350671875 0.61343903515625 0.7865029375 0.68257726953125 0.2980069791666667 0.6510673828125 0.2904626640625 0.579393484375 0.777350671875
0 0.613995630859375 0.7901727135416667 0.6684189453125 0.8014682473958333 0.75747050390625 0.23273104947916667 0.700294828125 0.219971421875 0.613995630859375 0.7901727135416667
0 0.7766578671875 0.2478010234375 0.756496537109375 0.24330748437500002 0.672253228515625 0.7889743385416667 0.69275415625 0.7933323645833333 0.7766578671875 0.2478010234375
0 0.694625564453125 0.7986013750000001 0.732196248046875 0.80833075 0.82716925 0.22386273958333333 0.794280955078125 0.21436835937499998 0.694625564453125 0.7986013750000001
0 0.848459400390625 0.24524134635416664 0.830277015625 0.2386860234375 0.73417519140625 0.8062689869791666 0.75431223828125 0.8086576536458333 0.848459400390625 0.24524134635416664
0 0.753184720703125 0.8135561588541668 0.769047880859375 0.8161531614583333 0.849944447265625 0.3456860182291666 0.8367251640625 0.3435218541666667 0.753184720703125 0.8135561588541668
0 0.9169056015625 0.2111175911458333 0.8907916953125 0.20326379687499999 0.875809787109375 0.2008110703125 0.772503400390625 0.8077723151041667 0.78892315625 0.8140390911458333 0.808419673828125 0.8160380104166666 0.919441263671875 0.21272558593750002 0.9169056015625 0.2111175911458333
0 0.925486435546875 0.20536513281250002 0.8123776796875 0.8119144973958333 0.822628421875 0.8171713333333334 0.840362431640625 0.8188817031250001 0.8537981484375 0.8186955572916667 0.96483524609375 0.22492866927083333 0.9526054375 0.22173361979166664 0.94213825390625 0.21882713541666665 0.93640211328125 0.21311654947916667 0.925486435546875 0.20536513281250002