0 0.78829762890625 0.9194659192708333 0.7790924765625 0.8837622161458333 0.771003998046875 0.8763890364583333 0.575189990234375 0.9903108541666666 0.78829762890625 0.9194659192708333
0 0.536636421875 1 0.770024494140625 0.8621805312499999 0.76175077734375 0.8313907213541666 0.47325548046875 1 0.536636421875 1
0 0.4523876640625 0.9845450234375 0.456111240234375 0.9999724088541666 0.764911609375 0.8258679036458334 0.7601807890625 0.814024484375 0.75723069140625 0.7937630130208334 0.748364173828125 0.7642882838541666 0.7446174921875 0.7577077499999999 0.437815458984375 0.9200727447916667 0.4395892265625 0.9250731276041666 0.448057453125 0.9613883255208333 0.4523876640625 0.9845450234375
0 0.414376736328125 0.826125734375 0.420480712890625 0.8542828177083334 0.425206896484375 0.8750718593750001 0.42973393359375 0.8992811328125 0.432663828125 0.9149493515625 0.758833126953125 0.7485099010416666 0.757068630859375 0.7256182734375001 0.750568681640625 0.6998288489583334 0.74347824609375 0.6708816927083333 0.73559123046875 0.65561546875 0.536391751953125 0.7520230859375 0.410041888671875 0.8119146588541667 0.411815658203125 0.8169150416666667 0.414376736328125 0.826125734375
0 0.3848154921875 0.7398041302083334 0.39859343359375 0.81348453125 0.41932292578125 0.8032392473958333 0.742501060546875 0.6522003749999999 0.727336056640625 0.589043171875 0.3848154921875 0.7398041302083334
0 0.728720802734375 0.5829927786458333 0.71276616796875 0.5200980833333334 0.368277328125 0.6603332656249999 0.38478674609375 0.7351651927083332 0.728720802734375 0.5829927786458333
0 0.71434542578125 0.519573078125 0.70154698828125 0.4601011822916667 0.348379185546875 0.5898054583333333 0.36173096484375 0.6567216692708333 0.71434542578125 0.519573078125
0 0.701947595703125 0.4487879036458333 0.687567583984375 0.3943138255208333 0.3346035625 0.5116522447916666 0.34759651171875 0.5766495286458333 0.701947595703125 0.4487879036458333
0 0.687769046875 0.38642077864583335 0.6714184375 0.3258937369791667 0.354189171875 0.42352652083333336 0.36895588671875 0.49352418489583333 0.687769046875 0.38642077864583335
0 0.672803185546875 0.31984334635416667 0.6631470390625 0.29063111979166667 0.343947177734375 0.3822109375 0.350792900390625 0.41433466927083334 0.672803185546875 0.31984334635416667
0 0.6599885234375 0.2916811276041667 0.653097236328125 0.259313734375 0.334295666015625 0.34405308854166666 0.343356693359375 0.37905320833333334 0.6599885234375 0.2916811276041667
0 0.6527058984375 0.2527357708333333 0.644434498046875 0.21747314843749999 0.342217447265625 0.29222714843750003 0.35068335546875 0.33301515885416666 0.6527058984375 0.2527357708333333
0 0.333158736328125 0.25275422135416664 0.342810248046875 0.2909120703125 0.6424615859375 0.215893 0.6389186875 0.19694661197916666 0.636163099609375 0.18221053125 0.333158736328125 0.25275422135416664
0 0.32843487109375 0.22749236979166665 0.33330697265625 0.24457653125 0.635769443359375 0.180105375 0.626314759765625 0.1430001015625 0.3237086875 0.20670332552083334 0.32843487109375 0.22749236979166665
0 0.622385158203125 0.10853012499999999 0.61765665625 0.09221389583333334 0.314853755859375 0.15486454166666666 0.316229234375 0.16670539322916667 0.318787994140625 0.1803888958333333 0.3244496484375 0.19272495572916667 0.624941599609375 0.12668644010416666 0.622385158203125 0.10853012499999999
0 0.618842259765625 0.08958373697916666 0.608201970703125 0.055108622395833334 0.30875905078125 0.10881621614583332 0.317227279296875 0.1451314140625 0.618842259765625 0.08958373697916666
0 0.6087947734375 0.05379354166666667 0.598351314453125 0.020371005208333334 0.299109857421875 0.06618555729166667 0.307124513671875 0.1000751875 0.6087947734375 0.05379354166666667
0 0.4539557890625 0 0.2654065234375 0.06268081510416666 0.26785905859375 0.07398843489583333 0.596948064453125 0.017352033854166667 0.59286111328125 0 0.4539557890625 0