0 0.508961169921875 1 0.82731369921875 0.8402947265625 0.820922171875 0.8033817239583333 0.548777173828125 0.9369701510416667 0.435036068359375 0.9899009010416666 0.4374088515625 1 0.508961169921875 1
0 0.819457720703125 0.8001875286458334 0.81266672265625 0.7609674739583333 0.426907955078125 0.9429585937499999 0.435699080078125 0.9839284270833333 0.819457720703125 0.8001875286458334
0 0.813536287109375 0.7593227265625 0.8081540546875 0.719466578125 0.41858487890625 0.8992754036458334 0.42729272265625 0.9409935625 0.813536287109375 0.7593227265625
0 0.788408048828125 0.7063071223958333 0.782416005859375 0.671701265625 0.4043806015625 0.8437578411458334 0.4117517890625 0.8791065729166667 0.788408048828125 0.7063071223958333
0 0.396557642578125 0.7985778932291666 0.404324630859375 0.8346624661458333 0.7815837734375 0.6668948723958333 0.774149685546875 0.6327329114583333 0.498775892578125 0.7529375234375001 0.396557642578125 0.7985778932291666
0 0.777088978515625 0.6277780234375 0.76754706640625 0.5902148697916666 0.384477048828125 0.7505282161458333 0.393950474609375 0.7922928515625 0.777088978515625 0.6277780234375
0 0.7672141640625 0.5882922604166666 0.75911429296875 0.5502852109374999 0.376544546875 0.7095391953125 0.38451903125 0.7465955598958334 0.7672141640625 0.5882922604166666
0 0.38575034765625 0.6421159739583333 0.385789564453125 0.653053453125 0.39228094921875 0.6905431588541666 0.75145994921875 0.5455538125 0.74424756640625 0.508286046875 0.38575034765625 0.6421159739583333
0 0.749516400390625 0.5036266119791667 0.74230396875 0.46635885937500005 0.3841613984375 0.5991742526041667 0.39333196875 0.6395940963541666 0.749516400390625 0.5036266119791667
0 0.742525671875 0.46325305729166666 0.733038271484375 0.408460453125 0.3475594921875 0.5469653671875 0.359718599609375 0.6033656015625 0.742525671875 0.46325305729166666
0 0.730542279296875 0.4072036953125 0.722664103515625 0.3660907760416667 0.3359666953125 0.4993077942708333 0.34529448046875 0.5419924401041667 0.730542279296875 0.4072036953125
0 0.719280673828125 0.36409471875000005 0.7097380078125 0.31336915625 0.32394606640625 0.4395321953125 0.334809134765625 0.4945946171875 0.719280673828125 0.36409471875000005
0 0.7115681953125 0.3107806979166667 0.704078138671875 0.267523359375 0.321880146484375 0.38922320312500003 0.33059056640625 0.4351424427083333 0.7115681953125 0.3107806979166667
0 0.3135578671875 0.34115953385416664 0.320826244140625 0.38752266927083334 0.701748607421875 0.26722796875 0.6950368984375 0.22396281510416668 0.3135578671875 0.34115953385416664
0 0.69570059375 0.223526734375 0.687599998046875 0.17235713541666667 0.292887630859375 0.2842782734375 0.30390688671875 0.33805522656250003 0.69570059375 0.223526734375
0 0.685825072265625 0.17087855208333333 0.67761325390625 0.11468068229166667 0.277146025390625 0.22230724739583332 0.289372296875 0.2848161328125 0.685825072265625 0.17087855208333333
0 0.264293837890625 0.16693865625 0.273450208984375 0.21479154166666667 0.671622634765625 0.10639945572916666 0.668404208984375 0.07903994270833332 0.663577970703125 0.0643253125 0.264293837890625 0.16693865625
0 0.32979691796875 0.1235333359375 0.334512650390625 0.14638204947916666 0.65104293359375 0.062109057291666665 0.646327224609375 0.0392603359375 0.3768299453125 0.1100680390625 0.32979691796875 0.1235333359375
0 0.641723408203125 0.034602390625 0.63628667578125 0.011975755208333334 0.3231893203125 0.0878639921875 0.329519279296875 0.11754382031249999 0.641723408203125 0.034602390625
0 0.457274150390625 0 0.268883875 0.05799109635416667 0.274940951171875 0.09181881510416667 0.6304462890625 0 0.457274150390625 0