0 0.0756186953125 0.8195340208333333 0.07776548046875 0.8207748984375001 0.0879559765625 0.8239444739583334 0.09391729296875 0.8236494192708333 0.106641541015625 0.8221625 0.108852873046875 0.8224204557291667 0.091308580078125 0.29743099739583334 0.054443900390625 0.293079515625 0.0756186953125 0.8195340208333333
0 0.117919279296875 0.8314014166666667 0.12535484765625 0.8312783359374999 0.13948880859375 0.8309462447916666 0.14570809765625 0.8267196744791666 0.135585361328125 0.3014555807291667 0.0912440859375 0.29841389322916667 0.11080623046875 0.8266099921875 0.117919279296875 0.8314014166666667
0 0.148721052734375 0.8260806848958334 0.179006826171875 0.8286231171875 0.17551278125 0.32789745833333334 0.138474123046875 0.3257126354166667 0.148721052734375 0.8260806848958334
0 0.18163276171875 0.8338815651041668 0.212591166015625 0.8374929114583334 0.2104440390625 0.33088302864583335 0.17465676171875 0.32894297916666665 0.18163276171875 0.8338815651041668
0 0.21412986328125 0.836682015625 0.23590444921875 0.8392484322916666 0.237633119140625 0.331337140625 0.219140990234375 0.330170421875 0.21029576171875 0.32913861197916666 0.21412986328125 0.836682015625
0 0.24441563671875 0.8392244453125 0.249639869140625 0.8388434765625 0.257554541015625 0.8427379583333333 0.26325792578125 0.8463745572916667 0.265784783203125 0.33407096875000003 0.23837019921875 0.3314231223958333 0.238997966796875 0.842554140625 0.24441563671875 0.8392244453125
0 0.2633869140625 0.844408765625 0.288992095703125 0.8503668750000001 0.303567244140625 0.3905304192708334 0.26744909765625 0.38631718229166667 0.2633869140625 0.844408765625
0 0.341095099609375 0.3958985182291667 0.304239876953125 0.39159929947916666 0.289977982421875 0.8692999401041667 0.32500118359375 0.8757828463541667 0.341095099609375 0.3958985182291667
0 0.34411827734375 0.847883625 0.37600723828125 0.8486322942708333 0.381055412109375 0.40947375520833335 0.341859869140625 0.40688237499999996 0.34411827734375 0.847883625
0 0.377057671875 0.8665824401041666 0.41083549609375 0.8725035156250001 0.422554421875 0.42223806770833333 0.386565265625 0.41605900520833333 0.377057671875 0.8665824401041666
0 0.41265986328125 0.8786588437499999 0.444484333984375 0.8803903776041667 0.47283402734375 0.35778327083333333 0.437654310546875 0.35411981770833334 0.41265986328125 0.8786588437499999
0 0.44710115625 0.9084274401041667 0.47972724609375 0.9092620963541668 0.51534016796875 0.365360421875 0.478472869140625 0.36240272916666666 0.44710115625 0.9084274401041667
0 0.482426798828125 0.8907589427083332 0.50380284375 0.8932524921875 0.543946173828125 0.3720211614583333 0.518276552734375 0.367045890625 0.482426798828125 0.8907589427083332
0 0.57416744921875 0.37554652083333334 0.542407525390625 0.37283209375 0.506235296875 0.9014596614583333 0.532187109375 0.9053974765625 0.57416744921875 0.37554652083333334
0 0.60624994921875 0.3733464453125 0.575291595703125 0.3697351067708334 0.53376614453125 0.9007094348958334 0.56190517578125 0.9020110546875001 0.60624994921875 0.3733464453125
0 0.641630966796875 0.3774736979166667 0.611345197265625 0.374931234375 0.564660099609375 0.9053037135416666 0.594084423828125 0.9082610364583333 0.641630966796875 0.3774736979166667
0 0.59529598046875 0.9138295651041667 0.623499509765625 0.9141482604166667 0.67776494140625 0.3799506666666667 0.646855203125 0.37709269270833334 0.59529598046875 0.9138295651041667
0 0.7097025703125 0.3814526770833333 0.680762064453125 0.3810479791666667 0.6268625234375 0.9194926901041667 0.654328875 0.919725390625 0.7097025703125 0.3814526770833333
0 0.6569548125 0.9249838385416668 0.691598751953125 0.9290251093749999 0.74531734765625 0.43357775781249996 0.706477853515625 0.4305975989583333 0.6569548125 0.9249838385416668
0 0.692529314453125 0.9261623697916667 0.724224845703125 0.929859703125 0.787686806640625 0.435252578125 0.748621857421875 0.43353292447916664 0.692529314453125 0.9261623697916667
0 0.838373455078125 0.4014144322916667 0.7970956171875 0.39659930989583336 0.729062115234375 0.9353761093749999 0.76758502734375 0.9368985755208333 0.838373455078125 0.4014144322916667
0 0.8877594453125 0.40717538541666665 0.842058943359375 0.40184435156250004 0.769409390625 0.94305396875 0.809691615234375 0.9464825182291667 0.8877594453125 0.40717538541666665
0 0.811295318359375 0.9499208671875 0.84058603515625 0.9563088984375 0.928272884765625 0.40917280729166666 0.89532400390625 0.40508654427083335 0.811295318359375 0.9499208671875
0 0.96387470703125 0.4130830885416667 0.930705021484375 0.4092137942708333 0.84273287109375 0.9575497838541667 0.871477576171875 0.963492875 0.96387470703125 0.4130830885416667