0 0.466285955078125 0 0.377418 0.027123559895833333 0.205596755859375 0.09716492708333334 0.208347935546875 0.114274984375 0.580887455078125 0 0.466285955078125 0
0 0.588908283203125 0 0.20785659765625 0.1155069453125 0.2152522578125 0.15788425 0.629450994140625 0.02721050260416667 0.6243385 0 0.588908283203125 0
0 0.636846625 0.0695878203125 0.63074898046875 0.03287119791666667 0.218024181640625 0.15984916927083334 0.227051486328125 0.20259302083333333 0.636846625 0.0695878203125
0 0.593841005859375 0.12838413541666668 0.588293365234375 0.08731684375 0.225086197265625 0.20752069270833332 0.235745087890625 0.25063104166666667 0.593841005859375 0.12838413541666668
0 0.603143279296875 0.16895262760416666 0.596396654296875 0.12940569010416667 0.234271103515625 0.25432683854166666 0.245278130859375 0.2974387994791667 0.603143279296875 0.16895262760416666
0 0.2444386875 0.29866906510416663 0.2537813359375 0.34953745052083335 0.66337844921875 0.20217001041666668 0.6537068671875 0.15250485416666668 0.2444386875 0.29866906510416663
0 0.67299606640625 0.2508630338541667 0.663811111328125 0.2040569088541667 0.25529566015625 0.3561416276041667 0.26697460546875 0.4031938932291667 0.67299606640625 0.2508630338541667
0 0.268334201171875 0.409629953125 0.278600802734375 0.461153296875 0.683204001953125 0.30550522916666667 0.673861390625 0.25463683333333337 0.268334201171875 0.409629953125
0 0.693254279296875 0.3560851536458333 0.68342033984375 0.3064487109375 0.279327259765625 0.471910578125 0.292937376953125 0.5203023020833334 0.693254279296875 0.3560851536458333
0 0.291012427734375 0.5355299479166666 0.30513267578125 0.5937355338541667 0.703718919921875 0.421970796875 0.69199664453125 0.360724359375 0.291012427734375 0.5355299479166666
0 0.702464974609375 0.4637473567708333 0.694460703125 0.42883962760416666 0.303383662109375 0.5996066458333333 0.3117753046875 0.6356885442708333 0.702464974609375 0.4637473567708333
0 0.31182061328125 0.6364013385416667 0.319117255859375 0.6715975260416666 0.708941818359375 0.50101878125 0.7031139765625 0.46657773697916666 0.31182061328125 0.6364013385416667
0 0.31835094921875 0.67500484375 0.327869548828125 0.7165167552083332 0.73646775390625 0.5431265468750001 0.730305677734375 0.5142967239583334 0.725685720703125 0.5110217317708333 0.721282115234375 0.5086902786458333 0.31835094921875 0.67500484375
0 0.742992267578125 0.5864979505208333 0.732274712890625 0.5465065234375001 0.3274772109375 0.7249297656250001 0.3376256796875 0.7669818958333333 0.742992267578125 0.5864979505208333
0 0.337586181640625 0.7723908958333333 0.347222083984375 0.8076651067708333 0.74748201171875 0.6282738932291666 0.73961165625 0.5920025651041666 0.337586181640625 0.7723908958333333
0 0.754696224609375 0.661163078125 0.74712462890625 0.6281423098958333 0.346947083984375 0.809840546875 0.355167681640625 0.8456916953125 0.754696224609375 0.661163078125
0 0.355266697265625 0.8528728124999999 0.364136294921875 0.8915543411458334 0.7290519296875 0.7186160651041668 0.719412447265625 0.6827676666666668 0.355266697265625 0.8528728124999999
0 0.732234673828125 0.7353125052083334 0.72779074609375 0.7226812109375 0.364942943359375 0.8984469973958333 0.366123611328125 0.9103453307291667 0.3698599375 0.9232652083333334 0.373163541015625 0.9342981458333334 0.736286318359375 0.7563569270833334 0.732234673828125 0.7353125052083334
0 0.39481637109375 1 0.785122037109375 0.8107274869791666 0.779200375 0.7646543828125 0.370413654296875 0.9560519505208332 0.38327551171875 1 0.39481637109375 1
0 0.511897205078125 1 0.795703984375 0.8703754322916667 0.786951705078125 0.8254562005208333 0.402392796875 1 0.511897205078125 1