0 0.73959124609375 1 0.739303380859375 0.995590578125 0.44411798046875 0.9960107473958333 0.486904708984375 1 0.73959124609375 1
0 0.297727416015625 0.9823619140625 0.428640642578125 0.9945677057291666 0.75240600390625 0.9946373125 0.755209166015625 0.9100776145833334 0.30103920703125 0.9057934687500001 0.297727416015625 0.9823619140625
0 0.340862818359375 0.8464343880208333 0.338938173828125 0.8831326484375 0.741617982421875 0.8892363437499999 0.743508125 0.8687510364583333 0.741810466796875 0.8544559114583333 0.340862818359375 0.8464343880208333
0 0.742928279296875 0.8175868515625 0.3412823203125 0.8073253255208334 0.34043101171875 0.8235576927083333 0.341033080078125 0.8431879140624999 0.742849302734375 0.8502029713541667 0.74456918359375 0.8329641354166667 0.742928279296875 0.8175868515625
0 0.343836244140625 0.7586282187500001 0.341401830078125 0.8050465755208333 0.744608673828125 0.8166560755208333 0.745970767578125 0.7906842864583333 0.745255189453125 0.7732183802083333 0.343836244140625 0.7586282187500001
0 0.34697497265625 0.7143354375 0.343892998046875 0.7575460625 0.747049091796875 0.7701232864583334 0.748882478515625 0.7507201354166666 0.749148984375 0.7300834453124999 0.34697497265625 0.7143354375
0 0.75455291015625 0.6892642083333334 0.3498866875 0.6743712890625 0.3500174609375 0.6874328723958333 0.347907513671875 0.7121092994791667 0.750772623046875 0.7302348255208333 0.7541728984375 0.7120652161458333 0.75455291015625 0.6892642083333334
0 0.75450111328125 0.6435865052083333 0.34936359375 0.6221249453125001 0.3488133203125 0.6481724244791667 0.347101255859375 0.6652622057291667 0.750720828125 0.684557125 0.754291365234375 0.6631410390625 0.75450111328125 0.6435865052083333
0 0.755204384765625 0.5990666510416667 0.75299594140625 0.5945109505208334 0.351162455078125 0.5722699921875 0.349014298828125 0.6132300546875 0.754086572265625 0.6359357109375 0.7566182734375 0.6187725651041667 0.755204384765625 0.5990666510416667
0 0.35292182421875 0.5387230963541666 0.351559732421875 0.5646948880208333 0.7589056953125 0.5907121510416666 0.75892791796875 0.5591781927083334 0.353432609375 0.5289836770833333 0.35292182421875 0.5387230963541666
0 0.75500455078125 0.5251014635416666 0.75544131640625 0.5012182994791666 0.35551523828125 0.47371793489583336 0.3537731328125 0.5224907291666666 0.75294414453125 0.5488332473958334 0.75386947265625 0.5467446197916667 0.75500455078125 0.5251014635416666
0 0.3573881171875 0.4380067265625 0.357422646484375 0.46845852604166666 0.7547997578125 0.49789613541666666 0.756519640625 0.48065729687500003 0.755463541015625 0.4696843385416667 0.3573881171875 0.4380067265625
0 0.769604998046875 0.4644781328125 0.77087580859375 0.40913670052083334 0.35888594140625 0.3783366614583333 0.356814140625 0.4333959114583333 0.769604998046875 0.4644781328125
0 0.766175150390625 0.4054360833333333 0.76976791015625 0.3524860364583333 0.361309091796875 0.31657797135416665 0.358483044921875 0.37046380989583333 0.766175150390625 0.4054360833333333
0 0.777812087890625 0.3390992005208333 0.78185887890625 0.277491890625 0.27318844921875 0.2235409270833333 0.269966123046875 0.2849828125 0.777812087890625 0.3390992005208333
0 0.275367322265625 0.15088496614583333 0.272957755859375 0.2123845625 0.7830679765625 0.2699924765625 0.7848668359375 0.2201375234375 0.782885408203125 0.2112531875 0.275367322265625 0.15088496614583333
0 0.7684429140625 0.20664428385416667 0.7695607265625 0.16977522395833333 0.35957451171875 0.11632556510416665 0.357304357421875 0.15961188020833333 0.7684429140625 0.20664428385416667
0 0.768975923828125 0.16537090364583332 0.771643357421875 0.11450948177083332 0.36205441796875 0.05348471614583333 0.35915996875 0.10867476822916666 0.768975923828125 0.16537090364583332
0 0.36420509375 0 0.36241078125 0.046689729166666666 0.76937816015625 0.1110359375 0.772040634765625 0.10693437760416667 0.77414052734375 0.06689453645833333 0.77308442578125 0.05592157552083333 0.43441698046875 0 0.36420509375 0
0 0.472361400390625 0 0.76995065625 0.053454499999999995 0.7745205390625 0.044093531250000005 0.775549689453125 0.0244701328125 0.513095294921875 0 0.472361400390625 0