0 0.509819728515625 1 0.5683836171875 0.9959077291666666 0.755445482421875 0.9615370494791667 0.7550659140625 0.9311474765625 0.75211688671875 0.918318078125 0.29671834375 1 0.509819728515625 1
0 0.746094748046875 0.8687695885416667 0.742290453125 0.8549136614583334 0.295305404296875 0.9274266380208332 0.298325505859375 0.98352984375 0.74527475 0.9101058723958334 0.7479293671875 0.8947123281249999 0.746094748046875 0.8687695885416667
0 0.7470814140625 0.8524063046875 0.7455874375 0.8351300755208334 0.293470783203125 0.9014838984375001 0.29611808984375 0.9273698515625001 0.7470814140625 0.8524063046875
0 0.746357544921875 0.8339899713541666 0.7440971171875 0.79721409375 0.2902699296875 0.8615148671875 0.29265809765625 0.9015406874999999 0.746357544921875 0.8339899713541666
0 0.74636485546875 0.7927104739583334 0.74346206640625 0.7603246380208333 0.28882219140625 0.8246822005208333 0.29009159765625 0.8569778567708334 0.74636485546875 0.7927104739583334
0 0.286604345703125 0.7889896354166667 0.28872868359375 0.8223032213541667 0.743291744140625 0.7559913854166668 0.745346580078125 0.7460711979166667 0.74701819140625 0.7264011848958334 0.286604345703125 0.7889896354166667
0 0.28498628515625 0.7478237161458333 0.287161548828125 0.7824329661458332 0.741201640625 0.7235487604166666 0.74146078125 0.7094088958333334 0.740009384765625 0.6932159791666667 0.28498628515625 0.7478237161458333
0 0.28046177734375 0.6949117057291666 0.282453966796875 0.7455960234375 0.740009384765625 0.6932159791666667 0.745613033203125 0.6906518333333334 0.741986373046875 0.6398496640625 0.28046177734375 0.6949117057291666
0 0.74113110546875 0.6388231380208333 0.739044658203125 0.585740765625 0.276579634765625 0.6376096588541666 0.279308447265625 0.6863019869791667 0.74113110546875 0.6388231380208333
0 0.736230685546875 0.5348818098958333 0.735081009765625 0.5056323411458333 0.29905142578125 0.5458773984374999 0.30304741796875 0.6268086901041666 0.7396870234375 0.5813507239583333 0.739090896484375 0.5661843307291666 0.736230685546875 0.5348818098958333
0 0.73905928515625 0.5031817734375 0.73735240625 0.4804889713541667 0.7374838046875 0.4630991640625 0.735950904296875 0.4240998697916667 0.294789716796875 0.4581857760416667 0.298870033203125 0.5412624713541666 0.736706384765625 0.505518765625 0.73905928515625 0.5031817734375
0 0.258999884765625 0.3976818958333333 0.2626997265625 0.4503459114583333 0.734112626953125 0.4187968776041667 0.735358431640625 0.38829372916666666 0.733009189453125 0.3699909713541667 0.258999884765625 0.3976818958333333
0 0.25499 0.3371299010416667 0.257876564453125 0.3898356614583333 0.7335238125 0.3623509895833333 0.73412725390625 0.3362378854166667 0.732548115234375 0.3167950234375 0.25499 0.3371299010416667
0 0.7315616015625 0.3124293541666667 0.728705048828125 0.26048708854166663 0.2607288515625 0.27580725260416666 0.262933416015625 0.33189470312499997 0.7315616015625 0.3124293541666667
0 0.280709033203125 0.2450812890625 0.283313759765625 0.26988392708333336 0.7220758125 0.25769145052083337 0.7225052734375 0.24788483854166665 0.719598826171875 0.23613875260416664 0.280709033203125 0.2450812890625
0 0.721011298828125 0.23060860937500002 0.7212704375 0.21646873958333335 0.718406572265625 0.20580596875 0.277933986328125 0.21594539583333336 0.2780617265625 0.21919533593749999 0.280027744140625 0.22774827083333335 0.278700435546875 0.23544504166666666 0.27898801953125 0.24276161197916668 0.721011298828125 0.23060860937500002
0 0.723712154296875 0.19565862760416666 0.722016244140625 0.11104658072916666 0.27290582421875 0.108754125 0.277497330078125 0.2048362265625 0.723712154296875 0.19565862760416666
0 0.723343556640625 0.10334980729166666 0.7203166796875 0.04707428385416667 0.241651470703125 0.039243005208333334 0.24569205078125 0.10057595052083333 0.723343556640625 0.10334980729166666
0 0.490180287109375 0 0.2390125 0.01755086197916667 0.23964287109375 0.029606760416666666 0.720746142578125 0.037267671875 0.7192813046875 0 0.490180287109375 0