0 0.61762569140625 1 0.6191532109375 0.990291953125 0.212791408203125 0.9085276223958334 0.20916507421875 0.9393372473958334 0.467191751953125 1 0.61762569140625 1
0 0.61958449609375 0.9825272942708333 0.629608791015625 0.92718153125 0.224273896484375 0.841923640625 0.214899373046875 0.8994060729166667 0.61958449609375 0.9825272942708333
0 0.229905724609375 0.7791141432291666 0.222762697265625 0.83994590625 0.635009947265625 0.9272491875000001 0.644056111328125 0.8656627630208332 0.229905724609375 0.7791141432291666
0 0.642357751953125 0.8580506822916667 0.650428240234375 0.8106605416666667 0.242929857421875 0.7233478906249999 0.23756902734375 0.768894484375 0.642357751953125 0.8580506822916667
0 0.65114852734375 0.8120319713541666 0.6587565234375 0.7681395338541667 0.250844294921875 0.6709996223958333 0.245073396484375 0.7189669010416666 0.65114852734375 0.8120319713541666
0 0.658498740234375 0.7632703177083333 0.6638445625 0.7296652682291667 0.27392103125 0.6314712421875001 0.267598412109375 0.6713686197916666 0.658498740234375 0.7632703177083333
0 0.26578690625 0.5759740156250001 0.25900285546875 0.6272730390625 0.664307115234375 0.726167578125 0.6724101875 0.6775589739583333 0.26578690625 0.5759740156250001
0 0.67299434375 0.6741138229166667 0.6826596328125 0.628300796875 0.274248447265625 0.516519421875 0.2665578125 0.570144640625 0.67299434375 0.6741138229166667
0 0.2655606796875 0.4004090651041667 0.2492149140625 0.5035561692708334 0.6838931015625 0.6189736536458333 0.697256390625 0.5247424166666667 0.2655606796875 0.4004090651041667
0 0.699930482421875 0.5181582317708333 0.715917341796875 0.4245438046875 0.282111232421875 0.28889514583333337 0.265806494140625 0.39289505208333336 0.699930482421875 0.5181582317708333
0 0.32140350390625 0.22360043229166668 0.310866080078125 0.289644703125 0.71072093359375 0.4161094036458333 0.71915037890625 0.35918643489583335 0.32140350390625 0.22360043229166668
0 0.293718423828125 0.13294211197916667 0.28215230859375 0.1999467890625 0.723831236328125 0.357882734375 0.73595569921875 0.2945255 0.293718423828125 0.13294211197916667
0 0.7341109296875 0.28696917968749996 0.747221232421875 0.22874251041666668 0.305747078125 0.0624397421875 0.29479770703125 0.12478089062499999 0.7341109296875 0.28696917968749996
0 0.73965910546875 0.22456045052083332 0.750145953125 0.165717 0.35837337109375 0.015362408854166667 0.348905806640625 0.0701822890625 0.73965910546875 0.22456045052083332
0 0.36678873046875 0 0.365256353515625 0.0079088828125 0.75261523046875 0.167499625 0.76292099609375 0.11311696354166667 0.496222537109375 0 0.36678873046875 0
0 0.49940689453125 0 0.759295724609375 0.11016563541666667 0.76387058984375 0.08238986979166667 0.617937291015625 0.0200140625 0.532808248046875 0 0.49940689453125 0