0 0.352257763671875 0 0.34650065625 0.021090031250000002 0.739506814453125 0.16448218229166667 0.746181138671875 0.16541234895833332 0.76567177734375 0.09683994010416667 0.703981005859375 0.06690179947916666 0.505324140625 0 0.352257763671875 0
0 0.733869330078125 0.20099664322916666 0.7419580078125 0.16819283333333335 0.341842234375 0.02229258854166667 0.323892943359375 0.09439134635416667 0.72134728515625 0.2468686953125 0.733869330078125 0.20099664322916666
0 0.724674201171875 0.31082193229166666 0.7402008515625 0.25394310416666666 0.320834046875 0.0929068828125 0.31707845703125 0.10031968489583333 0.305599404296875 0.14554347135416668 0.724674201171875 0.31082193229166666
0 0.70617042578125 0.3722618151041666 0.721692865234375 0.3153984114583333 0.304694521484375 0.152030859375 0.299131216796875 0.15972080989583334 0.28827877734375 0.19947658593749998 0.70617042578125 0.3722618151041666
0 0.287860349609375 0.20735447135416665 0.273390431640625 0.26036217447916665 0.685440505859375 0.4418567291666667 0.703114591796875 0.3802837291666667 0.287860349609375 0.20735447135416665
0 0.27046964453125 0.26471683854166667 0.258085708984375 0.316428015625 0.665337201171875 0.5059836354166667 0.682242146484375 0.4440556979166667 0.27046964453125 0.26471683854166667
0 0.246509849609375 0.31441846354166664 0.235517251953125 0.3610327473958333 0.6447145703125 0.5561503411458334 0.658071419921875 0.5072201562499999 0.246509849609375 0.31441846354166664
0 0.2341959921875 0.3627003880208333 0.226888904296875 0.40533112239583335 0.63163598828125 0.6040611510416667 0.644115634765625 0.5583444244791667 0.2341959921875 0.3627003880208333
0 0.22911299609375 0.4098737213541667 0.22528527734375 0.4334134036458333 0.575666892578125 0.6092234791666666 0.58334259765625 0.5842775807291667 0.22911299609375 0.4098737213541667
0 0.2090818203125 0.4578737447916667 0.568848310546875 0.6405470755208333 0.570866263671875 0.6299821744791666 0.574227771484375 0.6144954166666666 0.215760244140625 0.43340865104166665 0.21033505078125 0.4469377213541667 0.2090818203125 0.4578737447916667
0 0.203310328125 0.46315381770833336 0.193012373046875 0.5135684687500001 0.597200875 0.7270348854166667 0.61162052734375 0.6742113281250001 0.203310328125 0.46315381770833336
0 0.173958208984375 0.5389542187499999 0.16964403515625 0.56110340625 0.577724185546875 0.7856937838541667 0.594628435546875 0.7269409192708333 0.1848086015625 0.5118960703125001 0.179523564453125 0.518566640625 0.173958208984375 0.5389542187499999
0 0.15322829296875 0.6085491328125 0.152183251953125 0.6218950286458333 0.558801984375 0.855011546875 0.571334798828125 0.8059275104166667 0.164705298828125 0.5760229739583334 0.160184984375 0.5830646614583334 0.15322829296875 0.6085491328125
0 0.134792544921875 0.6792573932291667 0.140632068359375 0.6832456979166667 0.537585609375 0.92321596875 0.549140958984375 0.8713676276041666 0.142377900390625 0.63560728125 0.137715380859375 0.6622051015625 0.134792544921875 0.6792573932291667
0 0.5153262421875 0.9920686536458333 0.528057654296875 0.9454296276041667 0.13124514453125 0.6890800677083333 0.12463475 0.7228135390625 0.124840888671875 0.7379210442708333 0.5153262421875 0.9920686536458333
0 0.510500013671875 1 0.119696009765625 0.737733109375 0.11580026171875 0.7520044140625001 0.10940010546875 0.7754501302083333 0.11204057421875 0.7848124765625001 0.408163826171875 0.987521375 0.433877380859375 1 0.510500013671875 1
0 0.10399403515625 0.8399097083333333 0.309642748046875 0.9397097213541666 0.1036265625 0.7934278333333333 0.097504673828125 0.815854171875 0.09458183984375 0.8329064661458333 0.10399403515625 0.8399097083333333