0 0.491792203125 1 0.839618818359375 0.7888707083333334 0.829736119140625 0.75646328125 0.4234645859375 0.9903324895833333 0.425792546875 1 0.491792203125 1
0 0.830101041015625 0.7540867708333333 0.819797193359375 0.7195836666666667 0.412149751953125 0.9382214921875001 0.423230595703125 0.9891681354166666 0.830101041015625 0.7540867708333333
0 0.818379396484375 0.7167209947916667 0.808075546875 0.6822178932291667 0.401944021484375 0.8958218593749999 0.411153103515625 0.9374544921875 0.818379396484375 0.7167209947916667
0 0.80844046875 0.6798413802083334 0.798136619140625 0.6453382786458334 0.393099861328125 0.8518127187500001 0.401312296875 0.8926783489583333 0.80844046875 0.6798413802083334
0 0.79850154296875 0.6429617682291667 0.79108951953125 0.6186561979166666 0.340193751953125 0.835899140625 0.34514944140625 0.8689437526041667 0.79850154296875 0.6429617682291667
0 0.788675072265625 0.6150265260416666 0.778694255859375 0.5905156276041666 0.332093775390625 0.8039778776041667 0.3385332421875 0.8318287109375001 0.788675072265625 0.6150265260416666
0 0.779059177734375 0.5881391171875 0.76712695703125 0.5497255052083333 0.3971260859375 0.7167291901041667 0.406511361328125 0.7592385651041668 0.779059177734375 0.5881391171875
0 0.767646224609375 0.5439246484375 0.75555965625 0.5089353802083333 0.3850251796875 0.6648990286458333 0.39561516796875 0.709210765625 0.767646224609375 0.5439246484375
0 0.75450678125 0.5036961979166666 0.744947115234375 0.4812809739583333 0.392014923828125 0.6242175208333333 0.400114900390625 0.6561387864583333 0.75450678125 0.5036961979166666
0 0.38506594140625 0.5896389088541667 0.391131501953125 0.6198215546875 0.7454663828125 0.4754801171875 0.741676029296875 0.45661905468749997 0.736215412109375 0.4462161979166666 0.38506594140625 0.5896389088541667
0 0.736159181640625 0.44174401562500004 0.723595236328125 0.4001868932291666 0.366620224609375 0.5355832552083334 0.37846766015625 0.5861521276041667 0.736159181640625 0.44174401562500004
0 0.7360599375 0.38674914062500004 0.72108154296875 0.34156234375 0.3539857109375 0.47271305208333336 0.36640545703125 0.5219373984375 0.7360599375 0.38674914062500004
0 0.720449818359375 0.33841883333333334 0.709036865234375 0.2942043645833333 0.342614646484375 0.41612986979166666 0.35492612890625 0.46900786979166664 0.720449818359375 0.33841883333333334
0 0.327888716796875 0.35962219791666666 0.33941412890625 0.41278103385416665 0.7046853515625 0.29351287239583335 0.705625771484375 0.2898076901041667 0.691854599609375 0.24643573177083333 0.327888716796875 0.35962219791666666
0 0.68928580859375 0.24623040625 0.68018918359375 0.213542140625 0.31837094140625 0.3248382604166667 0.32574107421875 0.36151254427083335 0.68928580859375 0.24623040625
0 0.68055410546875 0.21116563020833334 0.670881982421875 0.1798060390625 0.304810345703125 0.2825141380208333 0.316167072265625 0.322256421875 0.68055410546875 0.21116563020833334
0 0.67677871484375 0.16303232552083333 0.668734966796875 0.13558324479166667 0.2508244375 0.24445784635416667 0.259134990234375 0.2774269505208333 0.67677871484375 0.16303232552083333
0 0.6689874296875 0.1242623671875 0.66387739453125 0.09464210156250001 0.2415028984375 0.1938808515625 0.248451880859375 0.2284594609375 0.6689874296875 0.1242623671875
0 0.661673525390625 0.09206026562500001 0.655566841796875 0.061673 0.231928892578125 0.1546247265625 0.239191599609375 0.18657205208333336 0.661673525390625 0.09206026562500001
0 0.65246444140625 0.050427635416666665 0.643424046875 0.022211552083333332 0.225021798828125 0.10767740104166666 0.234385228515625 0.14588568489583334 0.65246444140625 0.050427635416666665
0 0.566659625 0 0.30710009765625 0.05127840625 0.220148208984375 0.08234332552083333 0.2252750625 0.10055288281250001 0.642371169921875 0.016972369791666667 0.63607646875 0 0.566659625 0
0 0.45063031640625 0 0.359068041015625 0.032712049479166665 0.5281836484375 0 0.45063031640625 0