0 0.665673029296875 0.0506761328125 0.6636080625 0.005757677083333333 0.2519058203125 0.06164938281249999 0.252463595703125 0.08294612239583334 0.2556527421875 0.1029357109375 0.665673029296875 0.0506761328125
0 0.6677070078125 0.0944113984375 0.66573500390625 0.053042427083333336 0.255745705078125 0.1064851953125 0.256799275390625 0.14671230208333333 0.6677070078125 0.0944113984375
0 0.70050295703125 0.1592216171875 0.698829638671875 0.0953314765625 0.25426086328125 0.1515688515625 0.25831687109375 0.2094593359375 0.70050295703125 0.1592216171875
0 0.701350810546875 0.22551945052083333 0.699739466796875 0.16399560677083333 0.25770907421875 0.21537643229166667 0.2628806875 0.2717849375 0.701350810546875 0.22551945052083333
0 0.703136890625 0.25978953385416664 0.702455166015625 0.23376020572916667 0.26651299609375 0.2801191901041667 0.267602515625 0.3028341328125 0.703136890625 0.25978953385416664
0 0.7056554765625 0.2881025208333333 0.70579922265625 0.25966557291666664 0.265326806640625 0.30268168229166664 0.266896005859375 0.32866969270833335 0.7056554765625 0.2881025208333333
0 0.710630689453125 0.34236219791666667 0.7084417734375 0.2927111510416667 0.26698896875 0.3322191770833333 0.271497099609375 0.3769167864583333 0.710630689453125 0.34236219791666667
0 0.71468745703125 0.39548008333333334 0.71252952734375 0.34701214583333334 0.2691159375 0.37950384375 0.272758115234375 0.4250645208333333 0.71468745703125 0.39548008333333334
0 0.713667455078125 0.45831099479166665 0.71218005859375 0.4015197447916667 0.2712738359375 0.42797170312500005 0.275361619140625 0.48227277864583334 0.713667455078125 0.45831099479166665
0 0.715216828125 0.5174686223958334 0.713729431640625 0.4606773697916667 0.273648705078125 0.48472163541666663 0.2777092265625 0.5394871692708333 0.715216828125 0.5174686223958334
0 0.718665033203125 0.5812760416666667 0.717177638671875 0.5244847916666667 0.276116478515625 0.5450210520833333 0.2792769765625 0.599346515625 0.718665033203125 0.5812760416666667
0 0.277572888671875 0.6006291953125 0.279029296875 0.6562373385416667 0.722084330078125 0.6425699244791666 0.720470927734375 0.5823766692708333 0.277572888671875 0.6006291953125
0 0.28438494921875 0.6571725260416666 0.2849849296875 0.71400509375 0.72647773828125 0.6983890755208333 0.7256010625 0.6425521223958334 0.28438494921875 0.6571725260416666
0 0.284190419921875 0.7175959010416667 0.2847594140625 0.7732453645833334 0.73107563671875 0.7620159661458333 0.72813083984375 0.7052177526041666 0.284190419921875 0.7175959010416667
0 0.287452705078125 0.7743045130208334 0.287959724609375 0.8275877604166667 0.7327456328125 0.8257791822916666 0.730567669921875 0.7643340572916667 0.287452705078125 0.7743045130208334
0 0.28897108984375 0.8322790338541667 0.29069522265625 0.8641827395833334 0.71222862890625 0.8632150312500001 0.71094225 0.8292158098958334 0.28897108984375 0.8322790338541667
0 0.71362696484375 0.8977972994791666 0.712790306640625 0.8658522682291667 0.292594060546875 0.8688326901041666 0.294991634765625 0.9008822916666667 0.71362696484375 0.8977972994791666
0 0.289334330078125 0.9139989895833334 0.290109015625 0.9435778020833333 0.695525646484375 0.9343480963541667 0.694227095703125 0.9034389401041666 0.289334330078125 0.9139989895833334
0 0.695869431640625 0.9661460494791667 0.695187708984375 0.94011671875 0.292007853515625 0.9482277526041667 0.29177117578125 0.9731152942708333 0.695869431640625 0.9661460494791667