0 0.122365314453125 0.9941129375000001 0.15321032421875 0.9890632161458334 0.115474810546875 0.35585975000000003 0.088815552734375 0.3581338177083333 0.122365314453125 0.9941129375000001
0 0.1474175703125 0.3530160572916667 0.120978947265625 0.35734439583333333 0.158498083984375 0.9881975442708333 0.18566524609375 0.9824668229166668 0.1474175703125 0.3530160572916667
0 0.1865909921875 0.9824054635416667 0.21578165625 0.9788194921875001 0.177139349609375 0.34498594791666665 0.150618048828125 0.3489134817708333 0.1865909921875 0.9824054635416667
0 0.21677118359375 0.9798503255208333 0.2468431015625 0.976120078125 0.2036670390625 0.34457861197916667 0.178154359375 0.3467911796875 0.21677118359375 0.9798503255208333
0 0.246178283203125 0.9786146614583333 0.280440205078125 0.9718126354166667 0.2365356796875 0.33961915625 0.2082262734375 0.3430608958333334 0.246178283203125 0.9786146614583333
0 0.26716425390625 0.332219125 0.236427462890625 0.3384440026041667 0.2834087421875 0.9749053046874999 0.317351587890625 0.9700911223958334 0.26716425390625 0.332219125
0 0.319757888671875 0.9713402291666666 0.3568801328125 0.9664557578125 0.3076527421875 0.30918876302083337 0.270828677734375 0.31372609635416665 0.319757888671875 0.9713402291666666
0 0.344191845703125 0.3041013515625 0.31081117578125 0.31075906770833334 0.362276048828125 0.9667652083333333 0.398890404296875 0.9580540416666666 0.344191845703125 0.3041013515625
0 0.404917990234375 0.9538197786458333 0.43477347265625 0.9477392239583334 0.379821404296875 0.3236110677083333 0.3507626640625 0.3268831432291667 0.404917990234375 0.9538197786458333
0 0.43630409375 0.9546458750000001 0.468803455078125 0.948132484375 0.4095923671875 0.3148662265625 0.378747357421875 0.31991594791666667 0.43630409375 0.9546458750000001
0 0.458527048828125 0.2925404921875 0.413473287109375 0.2987234973958333 0.470890671875 0.9513693541666667 0.519438578125 0.9422543541666667 0.458527048828125 0.2925404921875
0 0.5211239765625 0.9431455234375 0.567940427734375 0.9366739817708334 0.505012328125 0.28343779166666666 0.461062708984375 0.29093250260416664 0.5211239765625 0.9431455234375
0 0.571465560546875 0.9360968723958334 0.620601115234375 0.9256670156250001 0.5554150625 0.27518622135416665 0.507554498046875 0.2809354192708333 0.571465560546875 0.9360968723958334
0 0.605593666015625 0.26727094270833335 0.560431623046875 0.27227876041666665 0.6256568125 0.9319965625000001 0.6767005078125 0.9191322942708333 0.605593666015625 0.26727094270833335
0 0.678982435546875 0.9184949895833333 0.721284158203125 0.9115696588541667 0.64967357421875 0.26237862500000003 0.607356173828125 0.2669823984375 0.678982435546875 0.9184949895833333
0 0.72106772265625 0.9092193515625001 0.765348509765625 0.9043557630208333 0.693410337890625 0.25653022135416664 0.65240999609375 0.2607993828125 0.72106772265625 0.9092193515625001
0 0.7708525859375 0.9058404192708333 0.800708060546875 0.8997597864583334 0.726383150390625 0.2406372578125 0.698360693359375 0.24492652604166668 0.7708525859375 0.9058404192708333
0 0.818137830078125 0.273032515625 0.732436693359375 0.2846771015625 0.802377974609375 0.8887505130208333 0.896625994140625 0.8713209322916667 0.818137830078125 0.273032515625
0 1 0.8453462265625 0.91180459375 0.25619656510416666 0.82310093359375 0.2686413359375 0.900649201171875 0.8678907760416666 0.907142873046875 0.8704063333333334 1 0.8552044375 1 0.8453462265625