0 0.51760314453125 1 0.2553687265625 0.8942805651041666 0.247717216796875 0.9236951536458333 0.447297185546875 1 0.51760314453125 1
0 0.643459583984375 1 0.64643441015625 0.9851127083333333 0.270388798828125 0.8323121119791667 0.257745751953125 0.8871642552083333 0.5352768515625 1 0.643459583984375 1
0 0.647555703125 0.9798988229166666 0.6518166171875 0.9600860598958333 0.24727528125 0.7941337395833333 0.24449786328125 0.8109850078125 0.647555703125 0.9798988229166666
0 0.167274564453125 0.7409769453125 0.162121873046875 0.7570632057291666 0.180672255859375 0.7652840416666667 0.676958974609375 0.9730842161458333 0.680995630859375 0.9543142317708333 0.167274564453125 0.7409769453125
0 0.664474087890625 0.9209131796875 0.672323138671875 0.884415984375 0.280856251953125 0.7245908984375 0.271698404296875 0.759300671875 0.664474087890625 0.9209131796875
0 0.675452248046875 0.885612328125 0.69036281640625 0.8202164583333333 0.270061189453125 0.6527526171875 0.269612671875 0.6548381692708333 0.265915033203125 0.6680951875 0.262441654296875 0.6803094270833333 0.259865306640625 0.6883525572916667 0.255523138671875 0.7124797317708333 0.675452248046875 0.885612328125
0 0.35539244140625 0.590581625 0.337499994140625 0.6580331276041667 0.35701918359375 0.6656857109375 0.6879117421875 0.807994171875 0.701930537109375 0.7388717994791666 0.35539244140625 0.590581625
0 0.706738955078125 0.7361961223958334 0.721649525390625 0.6708002526041666 0.367064404296875 0.5205619973958333 0.352195400390625 0.5857645807291666 0.706738955078125 0.7361961223958334
0 0.312591353515625 0.4746751197916667 0.312096541015625 0.4769759453125 0.720429244140625 0.6567914973958333 0.7233393515625 0.6511330052083334 0.7240173828125 0.6401070624999999 0.72715700390625 0.6255081848958334 0.321285888671875 0.4421196953125 0.317478748046875 0.45194929427083336 0.314339126953125 0.466548171875 0.312591353515625 0.4746751197916667
0 0.35529434765625 0.40208174218750004 0.34391065625 0.4471414401041667 0.343413896484375 0.44945131510416664 0.718332958984375 0.6153634088541667 0.73032291015625 0.5714212526041667 0.35529434765625 0.40208174218750004
0 0.738625734375 0.524940890625 0.3796912265625 0.3594975390625 0.375998845703125 0.36485694531249996 0.375101810546875 0.3690280546875 0.370058619140625 0.38854173177083334 0.36875872265625 0.4024592708333334 0.731334701171875 0.5627799505208334 0.738625734375 0.524940890625
0 0.74142633984375 0.5158549817708333 0.7505061875 0.47757131510416667 0.387660294921875 0.3106325390625 0.38553246484375 0.31659011458333336 0.38138630859375 0.33193268489583333 0.3771789765625 0.35149629947916666 0.37712539453125 0.3517454479166667 0.74142633984375 0.5158549817708333
0 0.7528582734375 0.4705709609375 0.76439970703125 0.428714359375 0.406028474609375 0.2567152630208333 0.395993142578125 0.30337840625 0.7528582734375 0.4705709609375
0 0.7651872421875 0.42111583333333336 0.77684343359375 0.3747890390625 0.4194839921875 0.19414863802083335 0.408002423828125 0.2357268671875 0.7651872421875 0.42111583333333336
0 0.768353146484375 0.3670289010416667 0.782804685546875 0.3195138072916667 0.42958614453125 0.13142844791666666 0.415531068359375 0.1810366171875 0.768353146484375 0.3670289010416667
0 0.44080958984375 0.06349437239583333 0.4265337578125 0.11412902604166668 0.441664568359375 0.12250415104166668 0.784823013671875 0.3101288125 0.80072960546875 0.2597844739583333 0.44080958984375 0.06349437239583333
0 0.39379819140625 0 0.8169594453125 0.22761999739583336 0.8215541171875 0.21019187239583334 0.825700275390625 0.19484929947916665 0.46907645703125 0 0.39379819140625 0
0 0.47413682421875 0 0.820114837890625 0.18932828385416667 0.82672258203125 0.17041277604166669 0.8282976484375 0.15521572656250002 0.551086548828125 0 0.47413682421875 0