0 0.70055929296875 1 0.27990177734375 0.9505258828125 0.276045916015625 0.9850369244791667 0.4901802890625 1 0.70055929296875 1
0 0.282267845703125 0.8677064244791667 0.2748135 0.9442428203125001 0.7048548125 0.9980027890625 0.7069044140625 0.9220951041666666 0.282267845703125 0.8677064244791667
0 0.70796825390625 0.9187920729166666 0.71099258203125 0.8644705364583333 0.2848243515625 0.8130653151041667 0.28142755078125 0.866462171875 0.70796825390625 0.9187920729166666
0 0.290136583984375 0.7580049999999999 0.287158693359375 0.811144328125 0.71281258984375 0.8634121796875 0.713223111328125 0.8077224661458334 0.290136583984375 0.7580049999999999
0 0.28938151953125 0.7093468802083334 0.28495536328125 0.7540865130208334 0.715089587890625 0.8054819036458333 0.71626986328125 0.7584618828125 0.28938151953125 0.7093468802083334
0 0.71783515625 0.7582539296875 0.718714193359375 0.7132664375000001 0.293900599609375 0.6622427552083333 0.289427990234375 0.70816459375 0.71783515625 0.7582539296875
0 0.33729820703125 0.6214118671875 0.33207820703125 0.6637250416666667 0.72128158984375 0.7158168255208334 0.72184907421875 0.6662769557291667 0.33729820703125 0.6214118671875
0 0.71791269140625 0.6657905260416667 0.717300888671875 0.6361103151041666 0.342427474609375 0.5915208984375 0.340004982421875 0.6204154765625 0.71791269140625 0.6657905260416667
0 0.342374916015625 0.5601207864583333 0.3394396484375 0.5895530572916666 0.720987369140625 0.6328114739583334 0.7214788671875 0.6010575729166666 0.342374916015625 0.5601207864583333
0 0.72233498046875 0.5985262083333334 0.723306955078125 0.5511742187500001 0.336819234375 0.5102890546875 0.333553673828125 0.5583188489583334 0.72233498046875 0.5985262083333334
0 0.30893716015625 0.43804903906250003 0.303860453125 0.49934012239583336 0.726060228515625 0.5489956223958333 0.728182484375 0.48026607031249996 0.30893716015625 0.43804903906250003
0 0.72996747265625 0.4722113645833333 0.73252328515625 0.4071876067708333 0.31231153125 0.36254306249999996 0.3075818515625 0.4272847708333333 0.72996747265625 0.4722113645833333
0 0.360579115234375 0.30058336458333335 0.356342701171875 0.36311877864583336 0.729162087890625 0.40221076302083336 0.733600072265625 0.34243439062500003 0.360579115234375 0.30058336458333335
0 0.733352029296875 0.34085771354166666 0.7348352265625 0.2805009817708333 0.363258 0.23571602604166667 0.35894498046875 0.29691281510416667 0.733352029296875 0.34085771354166666
0 0.332086375 0.16581677083333332 0.32812878125 0.22125862500000001 0.739640849609375 0.2713528359375 0.740457017578125 0.21774198958333335 0.332086375 0.16581677083333332
0 0.7410310546875 0.21336051302083334 0.742235375 0.16009733333333334 0.337534845703125 0.09506755729166666 0.333524703125 0.146279046875 0.7410310546875 0.21336051302083334
0 0.34578305078125 0.02095761979166667 0.3401913125 0.07272876302083334 0.743676904296875 0.13582315885416665 0.74866360546875 0.08704567447916667 0.34578305078125 0.02095761979166667
0 0.37482518359375 0 0.372293232421875 0.025181140625 0.74627820703125 0.05724153125 0.747874298828125 0.016634549479166667 0.509819712890625 0 0.37482518359375 0