0 0.470486859375 0 0.14269419921875 0.06922301041666666 0.14913823046875 0.1234710390625 0.623551759765625 0.011298416666666667 0.622209640625 0 0.470486859375 0
0 0.147907974609375 0.12572855208333333 0.15377481640625 0.1814245 0.63034457421875 0.0747897265625 0.62401475390625 0.015196059895833334 0.147907974609375 0.12572855208333333
0 0.150351904296875 0.18414505729166666 0.16006824609375 0.24701891666666667 0.604826693359375 0.14604715885416666 0.59976337890625 0.08224666145833333 0.150351904296875 0.18414505729166666
0 0.613775609375 0.21912767447916667 0.60651980859375 0.15173878385416667 0.158837939453125 0.24927643749999998 0.166976779296875 0.31148460677083334 0.613775609375 0.21912767447916667
0 0.16743978125 0.31538232031249996 0.175962224609375 0.37451288020833334 0.6195143828125 0.28356558072916666 0.613391982421875 0.22220528645833335 0.16743978125 0.31538232031249996
0 0.61593504296875 0.3445277864583333 0.610068224609375 0.288831828125 0.172770810546875 0.37918226041666664 0.17829998828125 0.43276925 0.61593504296875 0.3445277864583333
0 0.174368140625 0.4367787317708333 0.17865085546875 0.472832046875 0.602163109375 0.387201953125 0.598241798828125 0.3532585390625 0.174368140625 0.4367787317708333
0 0.17922959375 0.4777040703125 0.18705093359375 0.5120113489583333 0.605942369140625 0.42595327083333334 0.601178509765625 0.3905949921875 0.17922959375 0.4777040703125
0 0.18639940625 0.5191408229166666 0.196463005859375 0.5849380104166667 0.633376759765625 0.49766513281249997 0.625996998046875 0.42830971875 0.18639940625 0.5191408229166666
0 0.19535507421875 0.607146859375 0.198176033203125 0.6435088671875 0.204724171875 0.6670975130208333 0.657833009765625 0.577403390625 0.6532394375 0.5324260598958334 0.647842220703125 0.49960470052083333 0.19531208203125 0.5941707239583334 0.19535507421875 0.607146859375
0 0.2117352578125 0.6945838125 0.21297212890625 0.7113031145833334 0.632120126953125 0.6324539010416667 0.626180296875 0.6010684244791666 0.623213814453125 0.5887097994791667 0.208841529296875 0.6702234322916666 0.2117352578125 0.6945838125
0 0.63544022265625 0.6790215911458333 0.629616388671875 0.6363017083333333 0.211358228515625 0.7166383125000001 0.216324748046875 0.7598106770833333 0.63544022265625 0.6790215911458333
0 0.20376496484375 0.7851653072916666 0.21379214453125 0.8569632500000001 0.689716998046875 0.7764350286458334 0.678594716796875 0.6907523177083333 0.20376496484375 0.7851653072916666
0 0.727365462890625 0.8473941692708333 0.71995753125 0.7850317135416667 0.2169901328125 0.8712707578125 0.228401376953125 0.9308383489583334 0.727365462890625 0.8473941692708333
0 0.663944267578125 0.8937497239583333 0.66147055859375 0.860310984375 0.230976 0.9322442213541667 0.23649410546875 0.9642843697916667 0.663944267578125 0.8937497239583333
0 0.25339228125 1 0.669922736328125 0.9298801744791666 0.66625266796875 0.8942610625 0.23598956640625 0.9681431979166667 0.23977378125 1 0.25339228125 1
0 0.423697806640625 1 0.663714623046875 0.9608532630208333 0.660187306640625 0.9315008541666666 0.258191431640625 1 0.423697806640625 1
0 0.52951314453125 1 0.6656581328125 0.9712490026041666 0.66462215625 0.9625278020833333 0.438914671875 1 0.52951314453125 1