0 0.11091640234375 0.8441840286458334 0.144274013671875 0.8409288203125 0.103593998046875 0.3493923619791666 0.0686518359375 0.3504774296875 0.11091640234375 0.8441840286458334
0 0.1475284140625 0.8452690963541666 0.18088602734375 0.8376736119791667 0.149155615234375 0.3483072916666667 0.11096954296875 0.3493923619791666 0.1475284140625 0.8452690963541666
0 0.17519082421875 0.3483072916666667 0.159732419921875 0.3526475703125 0.217498041015625 0.8344184036458334 0.247601251953125 0.8246527786458334 0.19064923046875 0.3483072916666667 0.17519082421875 0.3483072916666667
0 0.250042052734375 0.8116319453125 0.272822861328125 0.8062065963541666 0.224006841796875 0.3819444453125 0.19886016796875 0.3841145833333333 0.250042052734375 0.8116319453125
0 0.275263662109375 0.8051215286458334 0.29560366796875 0.7996961796875 0.253296453125 0.3819444453125 0.226529439453125 0.3851996536458333 0.275263662109375 0.8051215286458334
0 0.298044470703125 0.8138020833333334 0.322452478515625 0.810546875 0.28177246484375 0.380859375 0.2566401171875 0.3841145833333333 0.298044470703125 0.8138020833333334
0 0.32570687890625 0.8170572916666666 0.35174208984375 0.8127170130208333 0.312689275390625 0.3819444453125 0.287564595703125 0.3841145833333333 0.32570687890625 0.8170572916666666
0 0.345233287109375 0.3819444453125 0.31848907421875 0.3851996536458333 0.352555689453125 0.8159722213541666 0.368014095703125 0.8159722213541666 0.3794045 0.8138020833333334 0.345233287109375 0.3819444453125
0 0.38184530078125 0.8148871536458334 0.43717012109375 0.8051215286458334 0.41194851171875 0.3059895833333333 0.3518549609375 0.30707465364583336 0.38184530078125 0.8148871536458334
0 0.495749341796875 0.8159722213541666 0.5299205546875 0.8062065963541666 0.4599509296875 0.3559027786458333 0.425779716796875 0.3667534713541667 0.495749341796875 0.8159722213541666
0 0.533174955078125 0.8018663203125 0.566532568359375 0.791015625 0.49981734375 0.3526475703125 0.46497344921875 0.3634982630208334 0.533174955078125 0.8018663203125
0 0.57222776953125 0.80078125 0.591754177734375 0.7986111119791667 0.588499775390625 0.3830295130208334 0.565884908203125 0.3830295130208334 0.57222776953125 0.80078125
0 0.595822177734375 0.7996961796875 0.616162185546875 0.7964409713541666 0.61778938671875 0.380859375 0.5935541796875 0.380859375 0.595822177734375 0.7996961796875
0 0.6503333984375 0.3765190963541667 0.624478658203125 0.3776041666666667 0.619416587890625 0.7975260416666666 0.629993390625 0.7996961796875 0.646265396484375 0.7964409713541666 0.6503333984375 0.3765190963541667
0 0.6600966015625 0.8062065963541666 0.682063810546875 0.8040364583333334 0.6853182109375 0.3743489583333333 0.66028594921875 0.3776041666666667 0.6600966015625 0.8062065963541666
0 0.682063810546875 0.3493923619791666 0.6838862109375 0.37109375 0.68369101171875 0.7888454869791667 0.701590216796875 0.7877604166666666 0.704031017578125 0.3493923619791666 0.682063810546875 0.3493923619791666
0 0.714607822265625 0.8170572916666666 0.747151833984375 0.8192274296875 0.75854223828125 0.3515625 0.7229487109375 0.3537326380208334 0.714607822265625 0.8170572916666666
0 0.778068646484375 0.3483072916666667 0.770963033203125 0.3472222213541667 0.769932642578125 0.8203125 0.778068646484375 0.8246527786458334 0.812239857421875 0.8224826380208333 0.8154942578125 0.8181423619791667 0.830139064453125 0.3472222213541667 0.8260710625 0.3472222213541667 0.8057310546875 0.3472222213541667 0.79108625 0.3472222213541667 0.778068646484375 0.3483072916666667