0 0.037877666015625 0.8284907161458334 0.081932 0.8287751874999999 0.130867640625 0.2510951640625 0.089957990234375 0.24208827343749997 0.037877666015625 0.8284907161458334
0 0.185612302734375 0.1995799713541667 0.14018368359375 0.191067203125 0.081932 0.8287751874999999 0.127360619140625 0.8372879557291667 0.185612302734375 0.1995799713541667
0 0.128620080078125 0.8395166562499999 0.170282103515625 0.8483199244791666 0.233136109375 0.20948169791666668 0.188543169921875 0.2001291796875 0.128620080078125 0.8395166562499999
0 0.171232603515625 0.8534798020833333 0.2191683125 0.8594732942708333 0.27678326953125 0.26285251822916667 0.229543359375 0.25065515364583335 0.171232603515625 0.8534798020833333
0 0.33181511328125 0.2728086692708333 0.281360486328125 0.2623577421875 0.220427765625 0.8617020598958334 0.26742480859375 0.8695123541666666 0.33181511328125 0.2728086692708333
0 0.270355728515625 0.8700615703125 0.315257578125 0.8764829375000001 0.379709673828125 0.28433113541666666 0.333910302734375 0.2741976302083333 0.270355728515625 0.8700615703125
0 0.42238701171875 0.3067186796875 0.380724990234375 0.2979153776041667 0.317673509765625 0.8819174192708333 0.357724205078125 0.8905346328125 0.42238701171875 0.3067186796875
0 0.359450357421875 0.8967202838541667 0.386560970703125 0.9018004817708333 0.44896762109375 0.33675561718749997 0.423475955078125 0.331831484375 0.359450357421875 0.8967202838541667
0 0.39022453125 0.9024869869791666 0.4171174296875 0.9025446874999999 0.47786612109375 0.34326657552083334 0.4511133359375 0.3390030859375 0.39022453125 0.9024869869791666
0 0.42204040625 0.9054598880208333 0.472174337890625 0.9118652994791666 0.53732095703125 0.32925224479166665 0.485419638671875 0.31838441927083333 0.42204040625 0.9054598880208333
0 0.487779232421875 0.9197712317708334 0.51468387109375 0.9268055260416667 0.5335168125 0.9253528229166667 0.601661828125 0.32138195052083335 0.568059771484375 0.3140889921875 0.54294136328125 0.31137480208333335 0.478459806640625 0.9160321927083334 0.487779232421875 0.9197712317708334
0 0.555280615234375 0.9244493932291666 0.567633802734375 0.9277605416666667 0.633627908203125 0.37026296614583337 0.609380708984375 0.36866045833333333 0.599649435546875 0.36882962760416665 0.536962609375 0.9210168229166666 0.555280615234375 0.9244493932291666
0 0.667998287109375 0.37964467447916667 0.635655642578125 0.37458040364583334 0.5709885 0.9313782447916666 0.6034050234375 0.9376679479166666 0.667998287109375 0.37964467447916667
0 0.6179179609375 0.9610955651041667 0.67234516015625 0.9693018645833332 0.75373498046875 0.33891875781249997 0.6890290546875 0.32804927604166667 0.6179179609375 0.9610955651041667
0 0.81563625 0.3116606614583333 0.76874224609375 0.3028732994791667 0.683541916015625 0.9694073072916667 0.729601818359375 0.972273015625 0.81563625 0.3116606614583333
0 0.83034121484375 0.4060803697916667 0.80563475390625 0.39945798437499996 0.7313628984375 0.9694012213541666 0.755956345703125 0.9717328671875 0.83034121484375 0.4060803697916667
0 0.758576494140625 0.9735044036458333 0.784221623046875 0.9783099869791667 0.85800294140625 0.40902090625000004 0.831382873046875 0.4032864895833333 0.758576494140625 0.9735044036458333
0 0.785469349609375 0.9735620312500001 0.80504676953125 0.9792232916666667 0.878402650390625 0.42599235937499996 0.856318974609375 0.4219081276041667 0.785469349609375 0.9735620312500001
0 0.898187017578125 0.42875734375 0.87986901171875 0.4253247734375 0.80703897265625 0.9815892994791667 0.826873982421875 0.9850219661458333 0.898187017578125 0.42875734375