0 0.03625910546875 0.14624954947916666 0.03500104296875 0.1528816796875 0.03399425390625 0.16135715885416665 0.0620620078125 0.6479779140625 0.08486329296875 0.6527930729166667 0.060632041015625 0.14822583333333333 0.03625910546875 0.14624954947916666
0 0.0938180234375 0.15360982291666667 0.06460009375 0.14983708072916666 0.08735531640625 0.6545181119791667 0.112995984375 0.6562883776041667 0.0938180234375 0.15360982291666667
0 0.113525572265625 0.6612434270833333 0.1376205859375 0.6627356197916666 0.123632638671875 0.158893625 0.093679111328125 0.1547792265625 0.113525572265625 0.6612434270833333
0 0.152046220703125 0.22344603385416664 0.12430440625 0.22238253385416665 0.140294998046875 0.6704928307291667 0.166399119140625 0.672839265625 0.152046220703125 0.22344603385416664
0 0.186314302734375 0.6766148958333332 0.2168259609375 0.6770646718750001 0.1914748828125 0.20180399739583332 0.156313166015625 0.20007123697916665 0.186314302734375 0.6766148958333332
0 0.222212455078125 0.215487609375 0.2259981640625 0.2138895546875 0.22586483984375 0.20553090885416667 0.190181208984375 0.20512701822916668 0.217147255859375 0.6819274765625 0.2500120390625 0.6852715833333334 0.222212455078125 0.215487609375
0 0.2732735234375 0.6937801822916666 0.28347587109375 0.69113975 0.263329107421875 0.21476090104166667 0.239152744140625 0.21666752864583336 0.224843333984375 0.21604319531250002 0.25194835546875 0.6916742265625001 0.2732735234375 0.6937801822916666
0 0.285273341796875 0.6987117708333334 0.321185736328125 0.6991032916666667 0.307469654296875 0.21670975781250001 0.263525583984375 0.215820875 0.285273341796875 0.6987117708333334
0 0.3231220625 0.7055058567708333 0.3587566328125 0.7082361848958333 0.34943071875 0.22239726302083332 0.3069140078125 0.2213873723958333 0.3231220625 0.7055058567708333
0 0.375280181640625 0.7129243958333333 0.411791751953125 0.7158399270833334 0.399281232421875 0.23556128385416666 0.385424822265625 0.24156346354166666 0.36627033203125 0.2363196953125 0.352238748046875 0.233356515625 0.375280181640625 0.7129243958333333
0 0.4396205625 0.731306703125 0.469394138671875 0.7304018307291668 0.436916216796875 0.19341308072916666 0.396243119140625 0.19589837239583333 0.4396205625 0.731306703125
0 0.47344928125 0.7492393151041666 0.505393474609375 0.745196578125 0.479967021484375 0.19723126302083335 0.440647396484375 0.20048065625 0.47344928125 0.7492393151041666
0 0.5096395078125 0.7472919479166666 0.536921046875 0.7446621119791667 0.5179347578125 0.28393171875 0.485990447265625 0.2879744322916667 0.5096395078125 0.7472919479166666
0 0.5423217265625 0.7446038463541668 0.56798830078125 0.7404341822916667 0.547763392578125 0.28405571874999996 0.520426669921875 0.28565669791666665 0.5423217265625 0.7446038463541668
0 0.57070618359375 0.7553930104166667 0.597848935546875 0.7539325625000001 0.582486810546875 0.29138858333333334 0.553751712890625 0.2926942552083333 0.57070618359375 0.7553930104166667
0 0.6001584609375 0.7496253307291667 0.6270232734375 0.7505036666666666 0.613810375 0.29404852864583336 0.5839854921875 0.2954827864583333 0.6001584609375 0.7496253307291667
0 0.62757053515625 0.768600359375 0.66380422265625 0.7738546875 0.66052761328125 0.26700144791666663 0.615799279296875 0.2698351484375 0.62757053515625 0.768600359375
0 0.66661755078125 0.7804424557291667 0.683557953125 0.7816224401041666 0.689376908203125 0.23222608854166668 0.669728171875 0.23207538281249998 0.66661755078125 0.7804424557291667
0 0.718057005859375 0.23389021614583336 0.699961953125 0.23486389322916668 0.686970390625 0.7907342890625001 0.7051183359375 0.79056053125 0.718057005859375 0.23389021614583336
0 0.741715986328125 0.791506734375 0.763338279296875 0.2386577291666667 0.726487708984375 0.23610817708333331 0.70741855859375 0.7926550390624999 0.741715986328125 0.791506734375
0 0.746882421875 0.8009889895833333 0.779425732421875 0.79947025 0.812865580078125 0.24552063020833334 0.7766437578125 0.24670009375000002 0.746882421875 0.8009889895833333
0 0.78150102734375 0.8047034609375 0.815659421875 0.8047245755208333 0.860004517578125 0.25243933333333335 0.820940662109375 0.25321963541666664 0.78150102734375 0.8047034609375
0 0.8161197421875 0.8084180416666666 0.846214609375 0.8123759765625 0.90173731640625 0.250705921875 0.86617846875 0.2507854921875 0.8161197421875 0.8084180416666666
0 0.943725345703125 0.25637309375 0.910165947265625 0.25887599739583333 0.85018269921875 0.8168101276041666 0.88061657421875 0.819712234375 0.943725345703125 0.25637309375
0 0.88013876953125 0.82193753125 0.912126435546875 0.82509640625 0.987113708984375 0.26193959895833335 0.9539711640625 0.2609342942708333 0.88013876953125 0.82193753125