0 0.70401319140625 1 0.702669046875 0.95092584375 0.232651994140625 0.9354348932291666 0.22926011328125 0.9910064687500001 0.499777798828125 1 0.70401319140625 1
0 0.70405526953125 0.9499582473958333 0.70425211328125 0.8670791380208334 0.2072096015625 0.8436706875 0.203857958984375 0.9288985520833334 0.70405526953125 0.9499582473958333
0 0.206580609375 0.7560361640625 0.20102562890625 0.8411586666666667 0.71045159765625 0.8684074296875001 0.711753666015625 0.7792360937499999 0.206580609375 0.7560361640625
0 0.709977568359375 0.7689359401041668 0.711469794921875 0.7227926276041666 0.271352029296875 0.6973609505208334 0.27245216015625 0.7445446354166667 0.709977568359375 0.7689359401041668
0 0.2727575078125 0.6533796692708334 0.269551580078125 0.6947468984374999 0.712497078125 0.7121600520833334 0.71397380859375 0.6672004687499999 0.2727575078125 0.6533796692708334
0 0.19912314453125 0.5794387395833334 0.19652614453125 0.642133109375 0.71500109375 0.6565678958333333 0.715218412109375 0.5891836041666666 0.19912314453125 0.5794387395833334
0 0.71945132421875 0.5879963697916667 0.72128440625 0.5158117447916667 0.19673776171875 0.5028867317708333 0.1939819765625 0.5651104166666666 0.71945132421875 0.5879963697916667
0 0.29927088671875 0.4598120833333333 0.29698380078125 0.49883260416666664 0.722172287109375 0.5158324088541667 0.7225767109375 0.4747540703125 0.29927088671875 0.4598120833333333
0 0.723602466796875 0.47442392968749997 0.723272505859375 0.4317903177083333 0.30043719921875 0.41544273697916667 0.299363865234375 0.452709875 0.723602466796875 0.47442392968749997
0 0.21014647265625 0.28012990364583334 0.205824828125 0.40672295833333333 0.724175822265625 0.430627328125 0.726847435546875 0.29774315625 0.21014647265625 0.28012990364583334
0 0.728636947265625 0.2933809609375 0.73121383984375 0.16437912239583333 0.216070892578125 0.14520921875 0.21379085546875 0.2731103463541667 0.728636947265625 0.2933809609375
0 0.7245449296875 0.13107053385416667 0.723722302734375 0.09558038020833333 0.252920103515625 0.06562786458333333 0.251055984375 0.14017978385416666 0.7214939453125 0.16060087760416666 0.7245449296875 0.13107053385416667
0 0.297173103515625 0 0.29377684765625 0.0653945703125 0.723280599609375 0.09196736197916666 0.725544474609375 0.0242336796875 0.347254333984375 0 0.297173103515625 0