0 0.519652923828125 1 0.6878748984375 0.9764255442708333 0.831413087890625 0.9417552994791666 0.82382878515625 0.883298453125 0.4431903671875 0.9723525703125001 0.44561626953125 1 0.519652923828125 1
0 0.43727246875 0.90671821875 0.442726306640625 0.9664655859375001 0.820418552734375 0.8719162239583333 0.814967126953125 0.8180766406250001 0.43727246875 0.90671821875
0 0.815974939453125 0.8119834557291666 0.81036408203125 0.7691219895833333 0.432863931640625 0.8507923359374999 0.437544345703125 0.9007281692708333 0.815974939453125 0.8119834557291666
0 0.43100770703125 0.8272445963541667 0.433599865234375 0.850689203125 0.81454766015625 0.7655597630208333 0.812923458984375 0.7449554531249999 0.43100770703125 0.8272445963541667
0 0.355058681640625 0.7793603385416666 0.36148049609375 0.8419480572916668 0.84088905078125 0.7410363854166667 0.83530769140625 0.6767144791666667 0.355058681640625 0.7793603385416666
0 0.83497112890625 0.6754021041666666 0.83025321875 0.6155515390625 0.349180630859375 0.7047924453125001 0.354639982421875 0.7658956875 0.83497112890625 0.6754021041666666
0 0.394857970703125 0.6140717421875 0.398762603515625 0.6730442552083334 0.804652498046875 0.6022753046875 0.7973002265625 0.546761953125 0.394857970703125 0.6140717421875
0 0.79854006640625 0.5436121953125 0.792078439453125 0.48995800781250004 0.3902755546875 0.553602953125 0.3938900078125 0.6112313854166667 0.79854006640625 0.5436121953125
0 0.794790142578125 0.4866019869791667 0.78906442578125 0.43284467187500003 0.385848724609375 0.490343 0.390566625 0.5501934348958334 0.794790142578125 0.4866019869791667
0 0.78743787890625 0.4310887005208333 0.7832589609375 0.396954453125 0.341619927734375 0.45785333593750005 0.343724951171875 0.4924816380208333 0.78743787890625 0.4310887005208333
0 0.785157416015625 0.3927204401041667 0.78113323828125 0.3605485546875 0.33968871484375 0.4144762083333333 0.34278242578125 0.4537224583333333 0.785157416015625 0.3927204401041667
0 0.782295734375 0.35641767708333333 0.7805965546875 0.3159840390625 0.332528625 0.3708398880208333 0.3356223359375 0.410086140625 0.782295734375 0.35641767708333333
0 0.778969994140625 0.3142279322916667 0.77823880078125 0.2766346510416667 0.33148802734375 0.32932186458333335 0.331405958984375 0.36603715885416666 0.778969994140625 0.3142279322916667
0 0.7759161640625 0.26604820052083333 0.772088853515625 0.20805688020833335 0.34243209765625 0.258087859375 0.34787315625 0.3200816953125 0.7759161640625 0.26604820052083333
0 0.3360373671875 0.18881313020833335 0.341877923828125 0.25346629427083334 0.775963056640625 0.2005699765625 0.770354556640625 0.13886030208333333 0.3360373671875 0.18881313020833335
0 0.779537359375 0.11376550260416667 0.769445013671875 0.028043479166666666 0.293252400390625 0.070809640625 0.302613228515625 0.1706813125 0.777948283203125 0.12192425781249999 0.779537359375 0.11376550260416667
0 0.48034708203125 0 0.326540880859375 0.021554244791666666 0.330862482421875 0.06653096354166667 0.7615773046875 0.018074927083333334 0.765851724609375 0 0.48034708203125 0