0 0.40770673828125 0 0.745342751953125 0.12455912239583333 0.754389865234375 0.0844772578125 0.588626185546875 0.012664078125 0.55563791015625 0 0.40770673828125 0
0 0.35136594921875 0 0.340102087890625 0.04937336979166667 0.749705681640625 0.2119962578125 0.7640561328125 0.15661941145833333 0.366959017578125 0 0.35136594921875 0
0 0.338864728515625 0.05796232552083333 0.32424313671875 0.11094045572916666 0.7346601484375 0.2807594947916667 0.747911779296875 0.22286903125000002 0.338864728515625 0.05796232552083333
0 0.75918080859375 0.3381481822916667 0.770805126953125 0.3009809583333333 0.7382983125 0.28689815104166666 0.3183225 0.110656734375 0.31157370703125 0.14537365625 0.75918080859375 0.3381481822916667
0 0.305870021484375 0.1828246015625 0.749858681640625 0.37289089843749995 0.753378509765625 0.3584470078125 0.75708968359375 0.34321791145833336 0.31468931640625 0.15014530208333335 0.310646931640625 0.16322218229166666 0.305870021484375 0.1828246015625
0 0.302350193359375 0.19726849479166667 0.2988698125 0.218573234375 0.296123953125 0.2333524296875 0.69112069921875 0.4067566458333333 0.69694271875 0.38988824479166667 0.70366858203125 0.36228814062500003 0.30561860546875 0.18385630989583335 0.302350193359375 0.19726849479166667
0 0.29078504296875 0.24472699479166668 0.286259548828125 0.2632977109375 0.28558419140625 0.2801145260416667 0.6785498828125 0.45834196875000005 0.6851064296875 0.43494802604166666 0.690320677734375 0.4135509557291666 0.294847150390625 0.2350805390625 0.29078504296875 0.24472699479166668
0 0.281985470703125 0.28083672135416665 0.266437107421875 0.35166337239583334 0.698643662109375 0.5514534947916666 0.716696810546875 0.48088235677083335 0.281985470703125 0.28083672135416665
0 0.264112029296875 0.35418178645833337 0.24906649609375 0.42294502604166667 0.679493416015625 0.626526671875 0.6986098828125 0.5586148385416666 0.264112029296875 0.35418178645833337
0 0.243707861328125 0.43088916406250005 0.2312159375 0.4961961875 0.66011463671875 0.7025376458333333 0.678994546875 0.6391079036458334 0.243707861328125 0.43088916406250005
0 0.22456077734375 0.5024380078125 0.21411962890625 0.5663522265625 0.641509830078125 0.7788839270833333 0.660114109375 0.7130738880208334 0.22456077734375 0.5024380078125
0 0.208760994140625 0.5742963671875 0.2030375859375 0.6083168880208333 0.595037056640625 0.7975320078125 0.604107767578125 0.7638209973958333 0.208760994140625 0.5742963671875
0 0.197136673828125 0.61146359375 0.18858851953125 0.6465416119791666 0.58424587890625 0.8453258098958334 0.59297889453125 0.8094891979166667 0.197136673828125 0.61146359375
0 0.189130796875 0.651339046875 0.17758537109375 0.7022279713541667 0.5882390546875 0.9132121041666666 0.601282662109375 0.866709359375 0.189130796875 0.651339046875
0 0.1645461875 0.7171103359375 0.1519556484375 0.765265234375 0.574529494140625 0.9905385052083333 0.5880715078125 0.941990515625 0.1645461875 0.7171103359375
0 0.572915884765625 1 0.153509845703125 0.7694215364583333 0.14271866796875 0.8172153411458334 0.46998416796875 1 0.572915884765625 1