0 0.400603166015625 0.965663609375 0.40161762109375 0.9766797005208333 0.743144990234375 0.9639489791666667 0.766924802734375 0.9600559192708333 0.7623800390625 0.904945171875 0.399502525390625 0.9233516354166666 0.398632068359375 0.9503312838541667 0.400603166015625 0.965663609375
0 0.401019828125 0.9216122864583333 0.40446022265625 0.9225399973958334 0.76314359765625 0.901092796875 0.761723361328125 0.8856702604166666 0.759423935546875 0.860700515625 0.757385236328125 0.8446337786458334 0.395667228515625 0.8695596901041666 0.398062658203125 0.9198599635416667 0.401019828125 0.9216122864583333
0 0.39482729296875 0.8361507083333333 0.396585677734375 0.855245234375 0.39871165234375 0.86011553125 0.754505515625 0.8376504296874999 0.75460256640625 0.8204885989583333 0.75175230078125 0.7956089817708333 0.396446923828125 0.81690715625 0.394431326171875 0.8257788880208333 0.39482729296875 0.8361507083333333
0 0.395389025390625 0.7876027630208333 0.396876890625 0.8037596744791666 0.3997468046875 0.8167084296875 0.7501095546875 0.7899141197916667 0.74789737890625 0.7537478932291667 0.424661818359375 0.7775920859375001 0.424323666015625 0.7739200468749999 0.3971288515625 0.7761357838541666 0.395682392578125 0.7752167265625 0.395389025390625 0.7876027630208333
0 0.749066720703125 0.7543019583333334 0.74630367578125 0.7182259140624999 0.422837669921875 0.742894 0.42459419140625 0.7768577083333333 0.749066720703125 0.7543019583333334
0 0.746100787109375 0.7160227317708333 0.74313488671875 0.6777434479166667 0.440842267578125 0.7046901328125 0.443101822265625 0.74102678125 0.746100787109375 0.7160227317708333
0 0.742245861328125 0.6741615963541667 0.7407099921875 0.6453394479166666 0.4399926171875 0.6687530338541667 0.442339337890625 0.7023867734375 0.742245861328125 0.6741615963541667
0 0.743947525390625 0.6440639713541666 0.74023765625 0.5977062369791667 0.36146226953125 0.6373341197916667 0.361664587890625 0.6581925260416667 0.36383856640625 0.6757280625000001 0.366525216796875 0.6745427734375 0.743947525390625 0.6440639713541666
0 0.740788525390625 0.5976160546875 0.736740509765625 0.5475863333333334 0.38567204296875 0.5849328723958334 0.38862814453125 0.6291775078125 0.740788525390625 0.5976160546875
0 0.737088494140625 0.5452929635416667 0.73297284375 0.4945288151041667 0.38168917578125 0.5364529973958333 0.3848506640625 0.5820853932291666 0.737088494140625 0.5452929635416667
0 0.37083926171875 0.5210137083333334 0.373158322265625 0.5340526458333333 0.73015096484375 0.49424534375 0.730673419921875 0.4695590677083334 0.729736427734375 0.4533119713541667 0.72652834375 0.43669113020833333 0.370349951171875 0.4800955078125 0.369351396484375 0.5048567968750001 0.37083926171875 0.5210137083333334
0 0.7258335 0.39878564843750003 0.7229831953125 0.3739059869791667 0.721813859375 0.3733519739583333 0.363497015625 0.4230673098958333 0.36147685546875 0.4375620807291667 0.36282945703125 0.4522501380208333 0.3636312109375 0.46702847656249996 0.365882634765625 0.4793330364583333 0.725774625 0.4345781770833333 0.72641271875 0.42329156510416666 0.7258335 0.39878564843750003
0 0.362608005859375 0.4194854036458333 0.72429762890625 0.36996345052083335 0.720472162109375 0.3102060963541667 0.358995228515625 0.3559658828125 0.358647267578125 0.358259296875 0.35822186328125 0.3657837395833334 0.357728814453125 0.37257370833333336 0.35805715625 0.3822111979166667 0.3575641171875 0.3890011640625 0.358240419921875 0.39634523958333334 0.3592646875 0.4013959036458334 0.36022131640625 0.40571209114583334 0.360829994140625 0.41232179166666666 0.36130340625 0.41746263541666667 0.362608005859375 0.4194854036458333
0 0.715177380859375 0.2648533359375 0.714791224609375 0.24851605989583334 0.35613619921875 0.2945593125 0.35467671484375 0.3029984947916667 0.35603913671875 0.31172124739583335 0.3567830703125 0.319799703125 0.356628166015625 0.33026165885416664 0.357439736328125 0.3390745911458333 0.358386560546875 0.34935628125 0.358927599609375 0.3552315052083333 0.716345646484375 0.30789976041666667 0.716790677734375 0.2884445104166667 0.715177380859375 0.2648533359375
0 0.7114860625 0.24905715625 0.710095287109375 0.21573840364583333 0.406380771484375 0.25726009635416663 0.40901834375 0.2859018307291667 0.7114860625 0.24905715625
0 0.708442705078125 0.21600895312500001 0.707390078125 0.18636219010416666 0.40740361328125 0.22805527343749998 0.409067404296875 0.2560747109375 0.708442705078125 0.21600895312500001
0 0.707747853515625 0.17810336979166666 0.706540341796875 0.15891866145833333 0.38244415625 0.20377709114583334 0.38257646484375 0.225560484375 0.707747853515625 0.17810336979166666
0 0.70751658203125 0.15130404427083333 0.706309068359375 0.13211933333333334 0.37622109765625 0.17870414322916664 0.376326919921875 0.19806921354166665 0.70751658203125 0.15130404427083333
0 0.707913638671875 0.11918349739583334 0.704126349609375 0.07805683854166666 0.3675535546875 0.13315809635416667 0.368799271484375 0.17097349479166668 0.707913638671875 0.11918349739583334
0 0.343471859375 0.08417174479166667 0.3459349296875 0.13520644270833335 0.702957015625 0.07750282552083333 0.70148876953125 0.049415005208333335 0.7007066328125 0.02270595833333333 0.343471859375 0.08417174479166667
0 0.54735659765625 0 0.342001564453125 0.03870350520833333 0.344708833984375 0.08546013541666668 0.696918263671875 0.024071611979166668 0.695482912109375 0 0.54735659765625 0