0 0.1993557578125 0.9009106510416666 0.230192630859375 0.8907077864583334 0.109180759765625 0.3903838958333334 0.075792650390625 0.40014259635416666 0.1993557578125 0.9009106510416666
0 0.2461216328125 0.8578395677083334 0.27440726953125 0.8471925390625 0.172584841796875 0.3761619765625 0.13608756640625 0.3867264921875 0.2461216328125 0.8578395677083334
0 0.27789019140625 0.8540275078125 0.29497244921875 0.8518109895833333 0.1961448515625 0.38995265104166665 0.177287763671875 0.39705067447916664 0.27789019140625 0.8540275078125
0 0.299209525390625 0.8695042838541666 0.321571787109375 0.8637085729166666 0.217287115234375 0.3701032161458333 0.1951800390625 0.3769381666666667 0.299209525390625 0.8695042838541666
0 0.32221516015625 0.8624364479166666 0.345220791015625 0.8553686145833334 0.244441291015625 0.36306556770833337 0.222185666015625 0.36883364062499996 0.32221516015625 0.8624364479166666
0 0.3508781015625 0.8373217135416667 0.38794891015625 0.824397796875 0.298682892578125 0.3655882421875 0.2548711875 0.37694308593750003 0.3508781015625 0.8373217135416667
0 0.39114351953125 0.8235698385416667 0.42932354296875 0.8125692031249999 0.343740224609375 0.35059442968750004 0.303445771484375 0.3632484505208333 0.39114351953125 0.8235698385416667
0 0.432828712890625 0.8138715104166666 0.466372103515625 0.8051779427083333 0.386224068359375 0.34068910937499997 0.34738253515625 0.3518611953125 0.432828712890625 0.8138715104166666
0 0.400001390625 0.2873763645833333 0.37938328125 0.29272003645833333 0.467614349609375 0.8136990130208334 0.46983277734375 0.8175455677083333 0.490442453125 0.811098703125 0.400001390625 0.2873763645833333
0 0.4921950390625 0.8117498567708333 0.512804712890625 0.8053029921875 0.4349418515625 0.3280627395833333 0.41368710546875 0.33467679166666664 0.4921950390625 0.8117498567708333
0 0.460654001953125 0.32250420572916666 0.43940559375 0.3291166119791667 0.51566651171875 0.8078774218749999 0.529243599609375 0.8043585989583333 0.535166974609375 0.79950728125 0.460654001953125 0.32250420572916666
0 0.48749761328125 0.3133362890625 0.46545708984375 0.32015398958333335 0.5348564140625 0.7973770130208333 0.552093951171875 0.7962256302083334 0.557063392578125 0.7905161692708332 0.48749761328125 0.3133362890625
0 0.565781822265625 0.8048372552083333 0.622663654296875 0.7856734661458334 0.553786203125 0.25636240625 0.49022329296875 0.2739416197916667 0.565781822265625 0.8048372552083333
0 0.62920815234375 0.7850826796875 0.68606773828125 0.7714515494791666 0.62149410546875 0.2432358072916667 0.557912494140625 0.26192525 0.62920815234375 0.7850826796875
0 0.68285133984375 0.7380184244791667 0.71320012109375 0.7301528177083334 0.664021990234375 0.2620589114583333 0.62844498828125 0.2723849166666667 0.68285133984375 0.7380184244791667
0 0.722273609375 0.7355388567708333 0.755195876953125 0.7225847552083334 0.708746513671875 0.25046748958333337 0.67062876953125 0.260346609375 0.722273609375 0.7355388567708333
0 0.77600487109375 0.7459314479166667 0.801717021484375 0.7403729114583334 0.750542947265625 0.21310586979166668 0.723233494140625 0.21907838802083335 0.77600487109375 0.7459314479166667
0 0.802670953125 0.7412310572916666 0.83062378125 0.7339864166666666 0.7847297109375 0.20314018229166667 0.75541912890625 0.21073671614583334 0.802670953125 0.7412310572916666
0 0.784618927734375 0.19100973177083333 0.8289601875 0.7112046328125 0.8371019921875 0.7101998697916666 0.845887166015625 0.7079229817708333 0.852453912109375 0.7017995390624999 0.818317599609375 0.18338129947916668 0.814812427734375 0.1820789921875 0.808578490234375 0.18480004166666666 0.795001404296875 0.18831886458333333 0.784618927734375 0.19100973177083333
0 0.88405082421875 0.7245610442708333 0.92671219921875 0.7101882005208333 0.900473875 0.17203695572916666 0.849528177734375 0.1852407421875 0.88405082421875 0.7245610442708333
0 0.937738048828125 0.7062252109374999 0.979911333984375 0.694189625 0.958154359375 0.152666171875 0.908177251953125 0.16672430729166665 0.937738048828125 0.7062252109374999