0 0.718532986328125 0.9393907109374999 0.7169053828125 0.9191408828125001 0.327365451171875 0.9545780833333333 0.326822916015625 0.9733814947916667 0.718532986328125 0.9393907109374999
0 0.32953558984375 0.9039535104166667 0.32953558984375 0.9190108671875 0.7169053828125 0.8873197213541667 0.718532986328125 0.8815340572916667 0.7169053828125 0.8721323489583334 0.71527777734375 0.8641770598958334 0.713107638671875 0.8554985624999999 0.3349609375 0.8800876406249999 0.33062066015625 0.8793644322916667 0.330078125 0.8916589713541666 0.32953558984375 0.9039535104166667
0 0.33550347265625 0.8518825208333333 0.3349609375 0.8777782291666667 0.722330728515625 0.8540521458333333 0.723415798828125 0.8388647734375 0.722873263671875 0.826570234375 0.33550347265625 0.8518825208333333
0 0.71039496484375 0.7882401979166667 0.38921441015625 0.8099364453125001 0.38812933984375 0.8121060703124999 0.38812933984375 0.8207845677083333 0.38812933984375 0.8301862734375001 0.38921441015625 0.8387157291666667 0.712565103515625 0.8149989010416667 0.71039496484375 0.7882401979166667
0 0.713107638671875 0.7802849088541667 0.714192708984375 0.7737760364583334 0.713650173828125 0.7636511197916667 0.7120225703125 0.7528029973958333 0.388671875 0.7744992447916667 0.388671875 0.7766688697916666 0.38921441015625 0.7904098229166667 0.389756943359375 0.80254675 0.713107638671875 0.7802849088541667
0 0.713650173828125 0.74846375 0.71527777734375 0.7412316666666667 0.713650173828125 0.7202586302083334 0.713107638671875 0.7166425885416667 0.391384548828125 0.7368924192708333 0.390842013671875 0.7535262057291666 0.390842013671875 0.7629279114583333 0.391384548828125 0.7679903697916667 0.713650173828125 0.74846375
0 0.707682291015625 0.7144729635416667 0.708224826171875 0.6819285963541667 0.404947916015625 0.6992855911458333 0.404405380859375 0.7280386458333333 0.707682291015625 0.7144729635416667
0 0.740234375 0.6797589713541666 0.73969183984375 0.6530002682291667 0.318684896484375 0.6725268906249999 0.317599826171875 0.7019969791666667 0.740234375 0.6797589713541666
0 0.741861978515625 0.6486610182291667 0.742404513671875 0.6211791067708333 0.31976996484375 0.6385361041666667 0.319227431640625 0.6679981380208333 0.741861978515625 0.6486610182291667
0 0.40766058984375 0.6109595572916667 0.40766058984375 0.6231485989583333 0.72016058984375 0.6174684322916667 0.722330728515625 0.6152988072916666 0.722873263671875 0.6109595572916667 0.722330728515625 0.6044506848958333 0.7217881953125 0.5979418098958333 0.72016058984375 0.5914329375 0.407118056640625 0.5936025625 0.407118056640625 0.6008346432291667 0.40766058984375 0.6109595572916667
0 0.727213541015625 0.5842008541666667 0.72504340234375 0.558165359375 0.409830728515625 0.5559957369791667 0.409830728515625 0.5856472708333333 0.727213541015625 0.5842008541666667
0 0.72504340234375 0.5494868619791666 0.7255859375 0.5422547786458333 0.72504340234375 0.5364691145833334 0.722873263671875 0.5321298645833333 0.391384548828125 0.5212817421875 0.392469619140625 0.54442440625 0.723415798828125 0.5523796953125 0.72504340234375 0.5494868619791666
0 0.7413194453125 0.5248977838541666 0.741861978515625 0.4959694557291667 0.362087673828125 0.3874882265625 0.357747396484375 0.41770878385416665 0.7413194453125 0.5248977838541666
0 0.70171441015625 0.45474658854166666 0.701171875 0.43738959375 0.4228515625 0.3795329375 0.421766494140625 0.39817753385416665 0.70171441015625 0.45474658854166666
0 0.425021701171875 0.401952390625 0.426106771484375 0.40701484895833334 0.7049696171875 0.484398125 0.703884548828125 0.47933566666666666 0.425021701171875 0.401952390625