0 0.334945982421875 0.014954669270833333 0.329555703125 0.048609708333333335 0.6561641015625 0.10204919270833333 0.662950591796875 0.065670765625 0.334945982421875 0.014954669270833333
0 0.33332817578125 0.0611362734375 0.332707349609375 0.07690947395833334 0.650409712890625 0.13310186979166666 0.652743748046875 0.10936258854166668 0.33332817578125 0.0611362734375
0 0.3208764921875 0.07608090625 0.3142745234375 0.0981884453125 0.710519046875 0.16716754947916668 0.713951416015625 0.1426165703125 0.3208764921875 0.07608090625
0 0.31037064453125 0.09915904166666667 0.306938275390625 0.12371001822916666 0.706227099609375 0.200010890625 0.71222621875 0.16782024739583334 0.31037064453125 0.09915904166666667
0 0.695828673828125 0.24406696614583334 0.702568009765625 0.19984354166666665 0.30461628515625 0.13021172916666665 0.302038890625 0.1660863671875 0.695828673828125 0.24406696614583334
0 0.303613298828125 0.16923892708333332 0.299691466796875 0.19606584375 0.761417640625 0.29131190104166665 0.765695564453125 0.263436078125 0.303613298828125 0.16923892708333332
0 0.629564869140625 0.290164296875 0.631898875 0.26642500520833334 0.293095509765625 0.20955458854166667 0.29125098046875 0.23101786718749998 0.629564869140625 0.290164296875
0 0.624789451171875 0.31666486197916666 0.62736821875 0.29178761197916664 0.289418412109375 0.23524353645833332 0.288559708984375 0.25710642447916665 0.624789451171875 0.31666486197916666
0 0.29598440234375 0.26484869791666665 0.292426634765625 0.294278046875 0.663911166015625 0.3624117369791667 0.67015500390625 0.3290830364583333 0.29598440234375 0.26484869791666665
0 0.657177822265625 0.39801644531249997 0.6628128046875 0.3632234244791666 0.282058203125 0.2952402239583333 0.281402802734375 0.32345252864583335 0.657177822265625 0.39801644531249997
0 0.279354109375 0.3249959557291667 0.2767753125 0.3498731953125 0.6499444765625 0.4332012265625 0.6543722890625 0.39817543489583335 0.279354109375 0.3249959557291667
0 0.627337560546875 0.5109975572916666 0.639222458984375 0.434256984375 0.271647806640625 0.35653381510416665 0.2656322265625 0.42985120312499997 0.627337560546875 0.5109975572916666
0 0.258181119140625 0.42774323177083334 0.249961345703125 0.49603237499999997 0.613612341796875 0.592693703125 0.62428733984375 0.5122944505208333 0.258181119140625 0.42774323177083334
0 0.628716041015625 0.6334510390625 0.632029015625 0.6051597994791666 0.240929982421875 0.5036637682291667 0.23967357421875 0.5269364739583333 0.628716041015625 0.6334510390625
0 0.242983283203125 0.532775140625 0.24040447265625 0.5576524557291667 0.623083435546875 0.6667517005208333 0.62615528125 0.6324719921875 0.242983283203125 0.532775140625
0 0.614503111328125 0.7253121015625 0.62161858984375 0.6664533802083333 0.25150112109375 0.5618950078125 0.246577322265625 0.6271040364583333 0.614503111328125 0.7253121015625
0 0.601155814453125 0.8002619401041667 0.607787775390625 0.7350605104166666 0.23510958203125 0.6295229348958333 0.2298951171875 0.6952265859375001 0.601155814453125 0.8002619401041667
0 0.55196976953125 0.8442674739583333 0.55480526953125 0.8010145781250001 0.214563466796875 0.7078783177083333 0.214303171875 0.7393839531249999 0.55196976953125 0.8442674739583333
0 0.211489244140625 0.7436503880208334 0.2063436953125 0.7761674635416668 0.5424249453125 0.8886498177083334 0.546233392578125 0.8494636875 0.211489244140625 0.7436503880208334
0 0.573338875 0.9854482421875 0.577404068359375 0.9278865546875 0.198034896484375 0.7914100833333334 0.194094716796875 0.850305515625 0.573338875 0.9854482421875
0 0.55060831640625 1 0.184699232421875 0.8553344557291668 0.181918341796875 0.898538453125 0.4472971875 1 0.55060831640625 1