0 0.686799205078125 1 0.69151540625 0.9452212291666666 0.323849955078125 0.8838204322916666 0.31734925390625 0.9579920208333333 0.5476053671875 1 0.686799205078125 1
0 0.692224505859375 0.9344145052083334 0.6996912265625 0.8579704765625 0.332025775390625 0.7965696796875 0.3248576484375 0.8684631041666666 0.692224505859375 0.9344145052083334
0 0.698637095703125 0.8491359557291666 0.703135119140625 0.7930355625000001 0.339806833984375 0.7277849244791667 0.33423073828125 0.787865421875 0.698637095703125 0.8491359557291666
0 0.7052528984375 0.7856599947916667 0.709011125 0.7283843567708334 0.345470109375 0.6663757395833333 0.340972087890625 0.7224761354166667 0.7052528984375 0.7856599947916667
0 0.709294765625 0.7240616666666666 0.7133980234375 0.6864272734375 0.343300455078125 0.6247427682291666 0.3393573671875 0.6599361692708333 0.709294765625 0.7240616666666666
0 0.71353984375 0.6842659270833332 0.71595078125 0.6475230677083333 0.347403712890625 0.5871083723958334 0.342721462890625 0.6211168854166667 0.71353984375 0.6842659270833332
0 0.712535443359375 0.6373241640625 0.717033466796875 0.5812237682291667 0.372736650390625 0.5247268489583333 0.368329240234375 0.5794462890625 0.712535443359375 0.6373241640625
0 0.717985990234375 0.5791569947916667 0.722413103515625 0.5241372734374999 0.37670760546875 0.4642091953125 0.373324669921875 0.515765375 0.717985990234375 0.5791569947916667
0 0.72491612890625 0.5233403125 0.727428673828125 0.49749874218749995 0.3688937109375 0.43389620052083333 0.36714258203125 0.4605835104166667 0.72491612890625 0.5233403125
0 0.728381197265625 0.49543196875 0.730153947265625 0.4684151588541667 0.372429689453125 0.4049071848958334 0.37058603125 0.43300466927083336 0.728381197265625 0.49543196875
0 0.731988087890625 0.46536228125 0.7363442890625 0.41142323177083334 0.374424685546875 0.34960375 0.370972669921875 0.40221272916666667 0.731988087890625 0.46536228125
0 0.7424461640625 0.343329796875 0.746660544921875 0.2915520911458333 0.387203751953125 0.24199828906249998 0.383740357421875 0.29478067708333333 0.7424461640625 0.343329796875
0 0.744653888671875 0.28478434635416666 0.748939181640625 0.23192596614583336 0.390505826171875 0.17922471875 0.386960328125 0.23325834114583333 0.744653888671875 0.28478434635416666
0 0.749364642578125 0.22544193489583333 0.752231736328125 0.19419700260416664 0.360032392578125 0.13320112239583334 0.357249478515625 0.1631631953125 0.749364642578125 0.22544193489583333
0 0.752515375 0.18987431510416666 0.75516973828125 0.16187140104166667 0.363183126953125 0.09763350520833335 0.360316033203125 0.12887843489583334 0.752515375 0.18987431510416666
0 0.7691739765625 0.13519247135416665 0.772537439453125 0.09638283333333332 0.348933322265625 0.028456705729166667 0.3455137265625 0.06812177864583334 0.7691739765625 0.13519247135416665
0 0.346505248046875 0 0.345061828125 0.012759872395833332 0.77155421875 0.08646764322916667 0.774886986328125 0.0356760390625 0.681441630859375 0.019255528645833332 0.5163728515625 0 0.346505248046875 0