0 0.6663941171875 0.027448294270833336 0.66555102734375 0.01937703125 0.348368693359375 0.0067553359375 0.1966855546875 0.013817859375 0.197250755859375 0.03539818229166667 0.665726990234375 0.050214843749999995 0.667371970703125 0.0406651328125 0.6663941171875 0.027448294270833336
0 0.690891734375 0.09451412239583333 0.692602796875 0.0874875 0.693071681640625 0.057151682291666665 0.69171353515625 0.05353396093750001 0.196864474609375 0.06888785677083333 0.20105989453125 0.1084796171875 0.690891734375 0.09451412239583333
0 0.196676435546875 0.10994679947916668 0.199742162109375 0.15464348697916666 0.708468818359375 0.1385351484375 0.7085938828125 0.0950717578125 0.196676435546875 0.10994679947916668
0 0.20371966015625 0.21003392708333335 0.673827513671875 0.19067138802083336 0.675538576171875 0.18364476562499998 0.674002478515625 0.14911329947916666 0.199425119140625 0.16665753385416668 0.20239172265625 0.20756959114583332 0.20371966015625 0.21003392708333335
0 0.672780419921875 0.19893017968750001 0.6701117578125 0.1935133125 0.201394189453125 0.21772069791666668 0.2046778359375 0.24661870833333333 0.673358630859375 0.22100720052083334 0.672780419921875 0.19893017968750001
0 0.19995765625 0.2834678828125 0.20264657421875 0.28965809635416667 0.686337490234375 0.25829537239583333 0.688861203125 0.2581778645833333 0.68735469921875 0.22477632031250003 0.685981115234375 0.220569125 0.199016 0.24751386979166667 0.19995765625 0.2834678828125
0 0.205090974609375 0.4071087057291667 0.74833698046875 0.38244615624999995 0.75006771875 0.35205158593749997 0.751552626953125 0.3122707421875 0.201166193359375 0.3296118645833333 0.204925771484375 0.40080098177083334 0.205090974609375 0.4071087057291667
0 0.203928240234375 0.41095208854166665 0.204516654296875 0.4816573203125 0.2065911640625 0.48850768489583335 0.7528926875 0.4599136171875 0.752479681640625 0.44414431510416663 0.75447474609375 0.42384209895833336 0.755805841796875 0.40230771875 0.755591078125 0.3941076796875 0.203928240234375 0.41095208854166665
0 0.207562703125 0.549721953125 0.207179578125 0.5592129114583334 0.700981869140625 0.5280109348958334 0.70392806640625 0.4716665807291667 0.205993275390625 0.48979860416666665 0.20658484765625 0.5365051171875 0.207562703125 0.549721953125
0 0.705748740234375 0.5411829817708333 0.2092540859375 0.5660632760416667 0.205964123046875 0.5851627005208333 0.20675709765625 0.6154397604166667 0.2080983984375 0.6425335859375 0.207497353515625 0.6678232239583334 0.208541287109375 0.6835631484375 0.2086569296875 0.6879785520833334 0.70800541796875 0.6514660104166666 0.705748740234375 0.5411829817708333
0 0.209116341796875 0.729638890625 0.20944674609375 0.7422543333333333 0.77680335546875 0.6975229296875001 0.776414251953125 0.6585470286458334 0.208871693359375 0.6961785911458334 0.208521611328125 0.7069310937500001 0.209116341796875 0.729638890625
0 0.210896001953125 0.8458279218750001 0.21165909375 0.8508447213541667 0.761448826171875 0.8107204973958333 0.76320944921875 0.8055861875 0.7628625234375 0.7923399765625 0.762466037109375 0.7772014453125 0.762135630859375 0.7645860026041666 0.762502234375 0.7544642734375001 0.76223791015625 0.7443719192708333 0.76268711328125 0.737404046875 0.762389748046875 0.7260501510416667 0.760962689453125 0.7198011848958333 0.7595549453125 0.7142897369791666 0.212335693359375 0.7560820208333333 0.20873184375 0.7631967734375 0.208946609375 0.7713968125 0.207849955078125 0.7777632838541666 0.20675330078125 0.7841297604166666 0.20716630859375 0.7998990625000001 0.2070970703125 0.8213746901041666 0.20760919921875 0.8409286276041666 0.210896001953125 0.8458279218750001
0 0.21694801171875 0.9080687239583334 0.723752 0.8667882526041667 0.727041962890625 0.847688828125 0.7270486171875 0.8238236119791668 0.216406 0.8632545260416666 0.215871033203125 0.8910672526041666 0.21694801171875 0.9080687239583334
0 0.21890687890625 0.9105036796875 0.21731145703125 0.9219457083333333 0.218120951171875 0.9528535416666667 0.219548009765625 0.9591025104166667 0.725588908203125 0.9128052395833333 0.727448654296875 0.9114555651041667 0.72746833203125 0.8880876197916666 0.72573118359375 0.8699989036458334 0.21890687890625 0.9105036796875
0 0.506545640625 1 0.664208361328125 0.9926590625 0.66411504296875 0.9775585755208334 0.66387165234375 0.9682655364583334 0.361618046875 1 0.506545640625 1