0 0.314016859375 0.053290567708333327 0.3144736484375 0.10000100260416667 0.8193275078125 0.18504033854166668 0.824752166015625 0.14583077083333332 0.314016859375 0.053290567708333327
0 0.578823625 0.10171665364583334 0.7499110390625 0.12899433333333335 0.385899296875 0.009376127604166668 0.3819438515625 0.04313070833333333 0.578823625 0.10171665364583334
0 0.311712021484375 0.10067896875 0.307909943359375 0.15376436458333334 0.77574056640625 0.23657745052083334 0.7800184296875 0.18365185416666666 0.311712021484375 0.10067896875
0 0.76940553515625 0.29284531510416667 0.775337009765625 0.23657247135416667 0.29892671484375 0.18794620572916665 0.296759759765625 0.24253346875 0.76940553515625 0.29284531510416667
0 0.289368595703125 0.25310356770833337 0.2884660390625 0.31270977604166666 0.763780376953125 0.3500456666666667 0.769529111328125 0.2916729270833333 0.289368595703125 0.25310356770833337
0 0.788704751953125 0.4160124244791667 0.794127603515625 0.3560577213541667 0.282187095703125 0.312728640625 0.28322015234375 0.3809634791666667 0.788704751953125 0.4160124244791667
0 0.77764944921875 0.4868667109375 0.783319435546875 0.424567390625 0.276407859375 0.3845716796875 0.27574503515625 0.4518811145833333 0.77764944921875 0.4868667109375
0 0.8267835859375 0.5056379583333334 0.263408451171875 0.45685505989583336 0.262819267578125 0.47945926302083336 0.824112439453125 0.5224723203125 0.8267835859375 0.5056379583333334
0 0.818323314453125 0.5518729088541666 0.8228149375 0.5347819114583333 0.259130916015625 0.48892975 0.258583650390625 0.5117795052083333 0.818323314453125 0.5518729088541666
0 0.262059087890625 0.5121932213541667 0.262102140625 0.5373068229166666 0.72686482421875 0.5692874427083333 0.731529521484375 0.5415862890625 0.262059087890625 0.5121932213541667
0 0.259107724609375 0.5487008203125 0.25740637890625 0.5818562708333334 0.717800603515625 0.5991460286458333 0.722408373046875 0.5685693411458334 0.259107724609375 0.5487008203125
0 0.256432107421875 0.5996062942708333 0.258756802734375 0.6371025625 0.68954680078125 0.6332980026041667 0.6923208125 0.5987964869791667 0.256432107421875 0.5996062942708333
0 0.2548687109375 0.63996053125 0.25568185546875 0.6747826276041667 0.68007484375 0.6670248229166668 0.682334671875 0.6339858567708333 0.2548687109375 0.63996053125
0 0.746779546875 0.7201834973958333 0.748124509765625 0.6989163854166667 0.231873265625 0.7049909140625 0.232018240234375 0.7263863723958334 0.746779546875 0.7201834973958333
0 0.230528333984375 0.7262580338541667 0.23069489453125 0.7501993151041666 0.743181611328125 0.7458104453125 0.745529484375 0.7235357994791666 0.230528333984375 0.7262580338541667
0 0.23948838671875 0.7518471067708333 0.241180845703125 0.7868339739583333 0.736822060546875 0.7721153645833333 0.739540654296875 0.7463236380208333 0.23948838671875 0.7518471067708333
0 0.683405890625 0.8194903177083334 0.68773093359375 0.7784579531250001 0.23641337890625 0.7895271614583333 0.238839900390625 0.8394294401041668 0.683405890625 0.8194903177083334
0 0.232487744140625 0.8437847890625 0.235321076171875 0.8849630807291667 0.65987315625 0.8640963333333334 0.661982970703125 0.8293094635416667 0.232487744140625 0.8437847890625
0 0.21004163671875 0.9505791328125 0.345724626953125 0.9760044661458332 0.665801234375 0.9524792239583334 0.66662323828125 0.9191589973958334 0.209549701171875 0.9423001822916667 0.21004163671875 0.9505791328125