0 0.49426354296875 1 0.6923892578125 0.902199484375 0.690397556640625 0.8746083880208334 0.449246537109375 0.9827809270833333 0.449921619140625 0.9979730703124999 0.493454341796875 1 0.49426354296875 1
0 0.694344423828125 0.8690030286458333 0.692913857421875 0.8407144166666667 0.4497643828125 0.9422811380208334 0.4504448125 0.9784836822916666 0.694344423828125 0.8690030286458333
0 0.43564946875 0.8801144401041667 0.43709282421875 0.9286422005208333 0.438718826171875 0.9287413072916667 0.687832544921875 0.8274522864583332 0.68444138671875 0.7911123359375 0.43564946875 0.8801144401041667
0 0.684069546875 0.7845822552083334 0.68017404296875 0.7467715390624999 0.432208271484375 0.8249574921875 0.435820802734375 0.8735726119791667 0.684069546875 0.7845822552083334
0 0.681914232421875 0.7425107161458334 0.67798762109375 0.6851602421875 0.45732810546875 0.7363956041666667 0.458820888671875 0.8037637265625 0.681914232421875 0.7425107161458334
0 0.4523995546875 0.6551183229166667 0.45279094921875 0.7230842604166666 0.67662601953125 0.6749658697916666 0.675271171875 0.6437862213541666 0.67531578125 0.6213554244791667 0.4523995546875 0.6551183229166667
0 0.679319435546875 0.6135817864583334 0.676584056640625 0.5729305260416667 0.3951097734375 0.6039668984375001 0.395955904296875 0.6545702942708334 0.679319435546875 0.6135817864583334
0 0.672902205078125 0.5684172473958333 0.673943328125 0.5286654635416667 0.391838943359375 0.5423051145833333 0.391115662109375 0.5906487161458334 0.672902205078125 0.5684172473958333
0 0.68056335546875 0.5246318515625 0.6816423359375 0.4834345494791667 0.41564046484375 0.48335112760416665 0.414860771484375 0.5338486692708333 0.68056335546875 0.5246318515625
0 0.682317046875 0.47840047395833335 0.68281596484375 0.43862344531249997 0.416669408203125 0.42333682552083335 0.415871169921875 0.47454242708333333 0.682317046875 0.47840047395833335
0 0.67915304296875 0.43338740885416666 0.68021309375 0.3929128645833333 0.412704935546875 0.36743187239583336 0.413552607421875 0.41797646875 0.67915304296875 0.43338740885416666
0 0.680345599609375 0.387853546875 0.681966787109375 0.3466814895833333 0.405134330078125 0.3041226015625 0.403699986328125 0.3588882552083333 0.680345599609375 0.387853546875
0 0.40416482421875 0.23750247916666667 0.405328326171875 0.29671550520833334 0.406950240234375 0.29697073958333337 0.682792931640625 0.3358653385416666 0.685517455078125 0.2940210104166667 0.40416482421875 0.23750247916666667
0 0.67601061328125 0.2631854375 0.67493970703125 0.22116439322916667 0.397382505859375 0.164822578125 0.398660083984375 0.21968004427083332 0.67601061328125 0.2631854375
0 0.675282419921875 0.20807907031249998 0.674268302734375 0.16388974739583334 0.38888766015625 0.07461981770833333 0.391229314453125 0.13030413020833334 0.675282419921875 0.20807907031249998
0 0.67302703125 0.12837353906250001 0.6717790078125 0.113842609375 0.3881074453125 0.0007721015625 0.389850572265625 0.058581700520833335 0.672830984375 0.15658641406249998 0.674010041015625 0.15302310677083333 0.67302703125 0.12837353906250001
0 0.442957076171875 0 0.442510412109375 0.01705433854166667 0.44138814453125 0.018449364583333332 0.6686204296875 0.11007733854166667 0.6680849765625 0.08906681510416666 0.463758349609375 0 0.442957076171875 0
0 0.489933197265625 0 0.67158428515625 0.07982241145833334 0.672580796875 0.06250142447916666 0.670267296875 0.047197242187499995 0.578110984375 0.0033321562499999996 0.506545642578125 0 0.489933197265625 0