0 0.17921202734375 0.8916000338541666 0.22361596875 0.8917507239583333 0.200806140625 0.30256781770833335 0.1490747578125 0.30181478125 0.17921202734375 0.8916000338541666
0 0.256766572265625 0.30363375 0.209714861328125 0.3047288046875 0.2369325546875 0.8914407994791667 0.278642173828125 0.8892859557291667 0.256766572265625 0.30363375
0 0.281274505859375 0.8868563697916666 0.328357275390625 0.8881289140624999 0.31733634375 0.31761825520833337 0.264039236328125 0.316490296875 0.281274505859375 0.8868563697916666
0 0.37326583984375 0.31631658333333335 0.321775205078125 0.3175149479166667 0.332796078125 0.8880256067708333 0.383306353515625 0.8849947291666668 0.37326583984375 0.31631658333333335
0 0.386046748046875 0.8856020807291666 0.410935263671875 0.8873911614583333 0.409124642578125 0.3205058828125 0.375118861328125 0.32219426041666666 0.386046748046875 0.8856020807291666
0 0.4417015546875 0.32064465364583333 0.412405171875 0.3213264791666667 0.416261921875 0.8872671927083333 0.444854505859375 0.8861668567708333 0.4417015546875 0.32064465364583333
0 0.448268068359375 0.8900748203125 0.493497875 0.8854696484375001 0.492304333984375 0.319466953125 0.443477087890625 0.32060333072916664 0.448268068359375 0.8900748203125
0 0.494401111328125 0.8866328255208332 0.539708345703125 0.8879466927083333 0.543810466796875 0.31945238802083337 0.4932076875 0.3206300885416667 0.494401111328125 0.8866328255208332
0 0.56603571484375 0.321303453125 0.54382596484375 0.3206361875 0.5432439140625 0.8866802864583333 0.565963900390625 0.8859527890625 0.56603571484375 0.321303453125
0 0.568132369140625 0.8884693697916667 0.588582142578125 0.8903617552083333 0.592724517578125 0.31883745052083334 0.56779580859375 0.320078328125 0.568132369140625 0.8884693697916667
0 0.645408080078125 0.2791946041666667 0.597437517578125 0.2779427213541667 0.59395517578125 0.8937891484375 0.635357451171875 0.889546890625 0.645408080078125 0.2791946041666667
0 0.637424947265625 0.8904091354166667 0.677343533203125 0.8871117734374999 0.693760248046875 0.27741755208333335 0.64805579296875 0.27794882291666667 0.637424947265625 0.8904091354166667
0 0.72407418359375 0.3188095208333333 0.69300220703125 0.319532671875 0.678169279296875 0.8823559114583334 0.7092257578125 0.8804489218749999 0.72407418359375 0.3188095208333333
0 0.76751283984375 0.31306191145833334 0.724884431640625 0.31286985677083334 0.718991220703125 0.8802216458333333 0.758037568359375 0.8781287838541667 0.76751283984375 0.31306191145833334
0 0.775122125 0.8943094947916667 0.830148330078125 0.8918446458333333 0.833413583984375 0.2594249453125 0.77949718359375 0.26109706250000003 0.775122125 0.8943094947916667
0 0.885601609375 0.3114977395833333 0.8421009609375 0.31251014843749997 0.838153697265625 0.8928425338541667 0.87759328125 0.8904206432291667 0.885601609375 0.3114977395833333
0 0.880735611328125 0.889483109375 0.9242053828125 0.8861030963541667 0.93054663671875 0.309672890625 0.88650484375 0.31266087760416666 0.880735611328125 0.889483109375