0 0.219659744140625 0.2305342578125 0.221144109375 0.26817874479166665 0.60496951953125 0.2120145078125 0.60451776171875 0.16825763020833331 0.219659744140625 0.2305342578125
0 0.222544607421875 0.2702524322916667 0.224767970703125 0.30794855729166665 0.6066289140625 0.25967606770833335 0.605556802734375 0.234777609375 0.604311203125 0.22876309895833333 0.604853345703125 0.21497015885416668 0.222544607421875 0.2702524322916667
0 0.230847541015625 0.3795032630208333 0.647968748046875 0.3434480416666667 0.64811853125 0.2614886796875 0.223874076171875 0.31183773958333333 0.230847541015625 0.3795032630208333
0 0.232170591796875 0.383547359375 0.23902460546875 0.4353978203125 0.642147244140625 0.4161469609375 0.63893725390625 0.3499449192708333 0.232170591796875 0.383547359375
0 0.2420676015625 0.4899457473958333 0.6439478515625 0.48345088541666664 0.640959771484375 0.4228856692708333 0.236730263671875 0.43721325781250003 0.2420676015625 0.4899457473958333
0 0.2367785859375 0.4925399348958333 0.23709480078125 0.5221994375 0.642437595703125 0.5218740651041667 0.640059333984375 0.4881188255208333 0.2367785859375 0.4925399348958333
0 0.24444586328125 0.5237009869791667 0.245694646484375 0.5484861328125 0.64222255859375 0.556620609375 0.643021671875 0.5258665234375001 0.24444586328125 0.5237009869791667
0 0.64703596484375 0.5745547864583334 0.234377669921875 0.5536228697916666 0.233409564453125 0.5782529713541666 0.238624361328125 0.5963998385416667 0.647277962890625 0.6249553437500001 0.64703596484375 0.5745547864583334
0 0.24660137890625 0.619679375 0.249541748046875 0.63675053125 0.655881013671875 0.6700127421875001 0.656106943359375 0.626560296875 0.24881509375 0.6010635807291667 0.24660137890625 0.619679375
0 0.248705333984375 0.6415605104166667 0.247501693359375 0.6533313385416667 0.249838 0.6693011770833334 0.25262904296875 0.6826017213541666 0.653712447265625 0.725184375 0.652692763671875 0.675717359375 0.248705333984375 0.6415605104166667
0 0.65387698828125 0.7775552760416667 0.652818576171875 0.7290735598958333 0.250657630859375 0.6861530416666667 0.2522194453125 0.7218271171875 0.65387698828125 0.7775552760416667
0 0.653492953125 0.80617796875 0.653021828125 0.7804592864583334 0.24988637890625 0.7246277239583333 0.250438123046875 0.7671466354166667 0.651863318359375 0.8287860911458332 0.653221880859375 0.8130744401041667 0.653492953125 0.80617796875
0 0.61130711328125 0.8663026276041667 0.611026009765625 0.83087215625 0.246510880859375 0.7727997447916667 0.246788421875 0.8034444244791666 0.608192708984375 0.8652511041666666 0.61130711328125 0.8663026276041667
0 0.243638853515625 0.8081639973958333 0.24325484765625 0.8367865598958333 0.60879078125 0.9095891380208333 0.61017728125 0.8713173151041667 0.243638853515625 0.8081639973958333