0 0.519652919921875 1 0.690707369140625 0.9760286041666667 0.687765169921875 0.93870440625 0.2731259140625 0.993539203125 0.273440013671875 1 0.519652919921875 1
0 0.270788615234375 0.9535080442708334 0.272899783203125 0.9802899505208332 0.68644555859375 0.9323446822916667 0.679979341796875 0.8710766302083334 0.2710054921875 0.9251174817708333 0.270788615234375 0.9535080442708334
0 0.67844854296875 0.8516571927083333 0.676111244140625 0.8116260338541667 0.672026267578125 0.780566 0.2673542734375 0.8372763203125001 0.26700840625 0.8744111666666666 0.2724129921875 0.9118309270833334 0.68172701953125 0.8621055078125001 0.67844854296875 0.8516571927083333
0 0.66641333984375 0.7093613906249999 0.663263853515625 0.6901687916666667 0.261360068359375 0.75085428125 0.2611871328125 0.769421703125 0.262034732421875 0.8009354192708332 0.265591484375 0.8252945052083334 0.671090779296875 0.7686985651041667 0.66641333984375 0.7093613906249999
0 0.663562931640625 0.6835822213541666 0.660970498046875 0.6403144947916667 0.25655363671875 0.7002613854166667 0.258616115234375 0.7368062291666666 0.663562931640625 0.6835822213541666
0 0.658117244140625 0.63526046875 0.655779947265625 0.5952293098958333 0.2532808515625 0.648362796875 0.25397882421875 0.6883590104166667 0.658117244140625 0.63526046875
0 0.65075379296875 0.5937521171875 0.64986225 0.5720615416666667 0.3107471171875 0.6195847916666667 0.31046766015625 0.6368008697916666 0.65075379296875 0.5937521171875
0 0.6496071171875 0.56882496875 0.646841751953125 0.5441246614583334 0.310069607421875 0.5902287916666666 0.310406939453125 0.6152693593749999 0.6496071171875 0.56882496875
0 0.64867447265625 0.5362323958333334 0.644293263671875 0.4910337890625 0.2656053203125 0.5451935078125 0.26689679296875 0.5927187161458333 0.64867447265625 0.5362323958333334
0 0.6454016875 0.4843338020833334 0.64012608984375 0.4381697604166667 0.2621624453125 0.4911372005208334 0.2650950546875 0.5387203619791666 0.6454016875 0.4843338020833334
0 0.636803669921875 0.4375445859375 0.63510278125 0.41596743229166666 0.28359235546875 0.4619554166666667 0.283905236328125 0.48668577083333336 0.636803669921875 0.4375445859375
0 0.635571947265625 0.411538578125 0.633445837890625 0.38456713541666665 0.2803167265625 0.43078196093750004 0.28146340234375 0.4557091119791667 0.635571947265625 0.411538578125
0 0.628793767578125 0.37745486979166665 0.631152484375 0.3347128359375 0.237013337890625 0.30704813802083336 0.236000916015625 0.34610778124999997 0.628793767578125 0.37745486979166665
0 0.62199590625 0.24969597395833332 0.62038290625 0.20847253645833333 0.228323083984375 0.23832755989583332 0.228468955078125 0.2817005234375 0.62199590625 0.24969597395833332
0 0.617784787109375 0.20665508333333335 0.616001697265625 0.16327393229166667 0.2255605625 0.19290211197916665 0.227173560546875 0.234125546875 0.617784787109375 0.20665508333333335
0 0.218962509765625 0.16110348177083333 0.21885411328125 0.1804895859375 0.613362478515625 0.15055447916666667 0.6139606328125 0.13738134635416668 0.610597111328125 0.125854171875 0.218962509765625 0.16110348177083333
0 0.216836400390625 0.1341320390625 0.218645115234375 0.1466964375 0.611535447265625 0.11699647135416667 0.609664470703125 0.09326159895833334 0.216326134765625 0.12765889322916665 0.216836400390625 0.1341320390625
0 0.604772994140625 0.041589848958333335 0.216844935546875 0.07195662239583334 0.215862658203125 0.09063746614583333 0.2188614453125 0.11829891927083334 0.6064710390625 0.08389214322916666 0.605834626953125 0.065438140625 0.604772994140625 0.041589848958333335
0 0.48034708203125 0 0.213445767578125 0.037403278645833336 0.213118302734375 0.0558230703125 0.5991954765625 0.022737513020833332 0.59835565625 0 0.48034708203125 0