0 0.4967273984375 0 0.38154658984375 0.0026806510416666663 0.2491539375 0.021555114583333337 0.253604111328125 0.09012664322916668 0.7156019921875 0.0355644296875 0.71577740625 0 0.4967273984375 0
0 0.716686716796875 0.118422875 0.71653634375 0.03909479166666666 0.252855697265625 0.10080054427083333 0.255820958984375 0.16756321614583333 0.716686716796875 0.118422875
0 0.2585921015625 0.26761850520833336 0.260460779296875 0.2746793125 0.71898472265625 0.22611815364583332 0.718911818359375 0.15270863541666665 0.71517444921875 0.13858694791666668 0.7096613828125 0.1245066640625 0.2538784375 0.17892423437500002 0.2585921015625 0.26761850520833336
0 0.26055185546875 0.3797250260416667 0.71952249609375 0.33503857291666667 0.71904670703125 0.23085298958333333 0.656958982421875 0.23703417968749999 0.657005470703125 0.24058520572916667 0.65177134765625 0.2478113984375 0.64466851953125 0.24797670572916666 0.637472740234375 0.24103979947916665 0.25256307421875 0.28196741666666664 0.26055185546875 0.3797250260416667
0 0.254737068359375 0.3801931875 0.257086125 0.4239485416666667 0.725529328125 0.38453079166666665 0.72400825 0.3384862838541667 0.254737068359375 0.3801931875
0 0.726151279296875 0.43434467968749996 0.72557792578125 0.390548078125 0.258035986328125 0.42866263020833334 0.261761935546875 0.4721588619791666 0.726151279296875 0.43434467968749996
0 0.263033125 0.4711721848958333 0.265583630859375 0.5303155286458333 0.72706323046875 0.5017004427083334 0.724437564453125 0.43912083854166667 0.263033125 0.4711721848958333
0 0.7279643203125 0.5728366875 0.727096541015625 0.5065499635416667 0.26474223828125 0.5338872994791667 0.268227109375 0.5965609270833333 0.7279643203125 0.5728366875
0 0.26645141015625 0.5966022526041667 0.2696727890625 0.6391532161458333 0.73072039453125 0.6318434947916667 0.7289451640625 0.579918234375 0.26645141015625 0.5966022526041667
0 0.732022533203125 0.6793070729166667 0.7296269921875 0.6320006953125 0.267897087890625 0.6391945416666667 0.271391943359375 0.6855089348958333 0.732022533203125 0.6793070729166667
0 0.72701626171875 0.7717796692708333 0.724997197265625 0.6853907812500001 0.268563419921875 0.6900933515625001 0.275411958984375 0.7687614036458333 0.72701626171875 0.7717796692708333
0 0.27052052734375 0.7717473229166667 0.271981701171875 0.8155232604166667 0.735093380859375 0.8166657187499999 0.733262216796875 0.7740023255208334 0.27052052734375 0.7717473229166667
0 0.73006263671875 0.8688010494791666 0.729458291015625 0.8226371536458333 0.26667009765625 0.816831046875 0.267800228515625 0.8587959895833334 0.73006263671875 0.8688010494791666
0 0.263831515625 0.8713634583333333 0.264854255859375 0.9494871484375 0.773263849609375 0.9802806536458334 0.773815361328125 0.8867277213541667 0.263831515625 0.8713634583333333
0 0.50327255078125 1 0.7532694140625 0.99418171875 0.26410584375 0.9601611302083333 0.2659668515625 1 0.50327255078125 1