0 0.6920304375 1 0.692113236328125 0.9968385807291668 0.3496807734375 0.981881765625 0.3491225859375 0.993279765625 0.4934543359375 1 0.6920304375 1
0 0.690711580078125 0.993811875 0.691253859375 0.9731066901041667 0.34934571875 0.9588033828125 0.349784064453125 0.9779379401041667 0.690711580078125 0.993811875
0 0.28428426953125 0.9344145260416666 0.2837678125 0.9541337213541666 0.697170205078125 0.9733821614583333 0.697686662109375 0.9536629635416666 0.28428426953125 0.9344145260416666
0 0.6993481171875 0.949594234375 0.6988015625 0.9365382526041667 0.287374783203125 0.9156669453125 0.287541748046875 0.9316047395833333 0.6993481171875 0.949594234375
0 0.286603521484375 0.8995769895833333 0.287088130859375 0.9149992708333333 0.698863537109375 0.9341719557291667 0.698440875 0.9163833802083333 0.286603521484375 0.8995769895833333
0 0.702417287109375 0.9143967421875 0.701438146484375 0.8669673958333334 0.287821041015625 0.8517085703124999 0.2860308984375 0.8959965572916667 0.702417287109375 0.9143967421875
0 0.292130119140625 0.8044744739583334 0.28951483984375 0.8477878229166667 0.7022293046875 0.8650299166666667 0.70231551953125 0.8199785104166667 0.292130119140625 0.8044744739583334
0 0.701198568359375 0.819572484375 0.701646859375 0.7741839192708334 0.29265590234375 0.7561280729166667 0.290728513671875 0.8014477708333333 0.701198568359375 0.819572484375
0 0.351631099609375 0.7095158776041667 0.350339955078125 0.7588139036458333 0.702438064453125 0.7722464427083334 0.703159818359375 0.7255592369791667 0.351631099609375 0.7095158776041667
0 0.702250134765625 0.7228796197916667 0.703360517578125 0.6804833229166666 0.352105826171875 0.6668702994791667 0.351734390625 0.7055720546875 0.702250134765625 0.7228796197916667
0 0.278341392578125 0.6241690208333334 0.277369451171875 0.6330082291666667 0.2761651015625 0.650721078125 0.2794496328125 0.6666686171874999 0.718177126953125 0.6801860755208334 0.716139251953125 0.6731810442708334 0.71808313671875 0.6555026276041667 0.717043052734375 0.6386724687499999 0.278341392578125 0.6241690208333334
0 0.7159864453125 0.5942009583333333 0.28177369140625 0.5779322031249999 0.279219369140625 0.5906464348958333 0.278651265625 0.6123375442708333 0.27992376953125 0.6202940625 0.7178084375 0.6377209114583333 0.718195779296875 0.62293153125 0.7184540078125 0.61307196875 0.717998498046875 0.6021919765625 0.7159864453125 0.5942009583333333
0 0.709382234375 0.5919191406250001 0.70812839453125 0.5267080833333333 0.3347386015625 0.5063611614583333 0.331076056640625 0.5681753567708333 0.709382234375 0.5919191406250001
0 0.333724337890625 0.48854501041666665 0.33328534765625 0.5053063671875 0.710450318359375 0.5228675572916667 0.71023173828125 0.45554153124999996 0.3365720234375 0.43635808333333337 0.3371824453125 0.44132226822916665 0.333724337890625 0.48854501041666665
0 0.710856314453125 0.45082363541666665 0.710745849609375 0.3984989765625 0.3055300234375 0.3776573255208333 0.303692173828125 0.4322697109375 0.710856314453125 0.45082363541666665
0 0.3085842890625 0.31758274999999997 0.306424494140625 0.37177608593749994 0.71164030078125 0.3926176041666667 0.71167246484375 0.3383496822916667 0.3085842890625 0.31758274999999997
0 0.704925625 0.33801105729166664 0.70546790625 0.317305875 0.412915357421875 0.303810359375 0.41211978125 0.32240346875 0.704925625 0.33801105729166664
0 0.414072990234375 0.27609778125 0.413453244140625 0.29976073697916666 0.707815654296875 0.3124794270833333 0.708435404296875 0.28881633854166666 0.414072990234375 0.27609778125
0 0.313591794921875 0.21120235416666666 0.311535291015625 0.26145186718749996 0.71410464453125 0.27657626822916664 0.71299456640625 0.22782470572916666 0.313591794921875 0.21120235416666666
0 0.712968744140625 0.22881063020833334 0.7129522734375 0.20116928385416666 0.3684819375 0.17920750260416665 0.3676814296875 0.2097721875 0.712968744140625 0.22881063020833334
0 0.36841379296875 0.1535381328125 0.3677423984375 0.1791730703125 0.7122901796875 0.1981769453125 0.7120081328125 0.17007703124999998 0.36841379296875 0.1535381328125
0 0.714621408203125 0.1657091484375 0.715705966796875 0.12429890885416667 0.317068552734375 0.1067250703125 0.31458238671875 0.14510866927083335 0.714621408203125 0.1657091484375
0 0.715705966796875 0.12429890885416667 0.71671305859375 0.08584644270833335 0.318230580078125 0.06235692708333334 0.31717184375 0.1027812421875 0.715705966796875 0.12429890885416667
0 0.271207599609375 0 0.26955400390625 0.025702596354166666 0.732614228515625 0.044138953125 0.73376695703125 0.028397950520833336 0.73191151171875 0.010493265625 0.506545638671875 0 0.271207599609375 0