0 0.1707871875 0.7745610208333332 0.2016286875 0.7716854895833333 0.191411716796875 0.15698908072916667 0.18567362109375 0.15643635677083334 0.1522269609375 0.15629162500000002 0.1222106328125 0.15691478125 0.130092732421875 0.7761797578124999 0.1707871875 0.7745610208333332
0 0.20406354296875 0.7714584739583333 0.276411115234375 0.7668885312499999 0.267930919921875 0.1542056328125 0.2004291640625 0.15506061458333334 0.20406354296875 0.7714584739583333
0 0.325448830078125 0.7688427786458334 0.35228900390625 0.7674280338541667 0.33121412109375 0.1167615234375 0.271034845703125 0.11693378645833334 0.283942755859375 0.7705371901041667 0.2937957109375 0.7717939791666667 0.325448830078125 0.7688427786458334
0 0.36614328515625 0.7672240364583334 0.433394076171875 0.7587784218750001 0.399617138671875 0.11473479166666667 0.337944669921875 0.1172217109375 0.36614328515625 0.7672240364583334
0 0.440982484375 0.7635095052083334 0.498550623046875 0.7570543802083334 0.45893275 0.0482921875 0.405280443359375 0.04785590625 0.440982484375 0.7635095052083334
0 0.50185386328125 0.7578341171875 0.561913625 0.7522344010416666 0.519974435546875 0.045864078125000006 0.46482712109375 0.04774262239583333 0.50185386328125 0.7578341171875
0 0.566336880859375 0.7572605911458333 0.606974568359375 0.7545594244791666 0.565722759765625 0.1079495625 0.526740986328125 0.10832090104166665 0.566336880859375 0.7572605911458333
0 0.6077861875 0.7544837526041667 0.64999034375 0.7505488151041666 0.60653075390625 0.10849567447916668 0.56923944921875 0.10979711979166668 0.6077861875 0.7544837526041667
0 0.655955513671875 0.7554312447916667 0.71920498046875 0.7484464140624999 0.670375466796875 0.035104481770833335 0.61182540625 0.038388002604166666 0.655955513671875 0.7554312447916667
0 0.732983619140625 0.0314426015625 0.67773680078125 0.03550586197916667 0.7226217578125 0.7513910052083334 0.767260771484375 0.7472290546874999 0.78598476171875 0.7465710286458332 0.732983619140625 0.0314426015625
0 0.785059607421875 0.7444818463541667 0.824885677734375 0.7418563515625 0.782147203125 0.12910439062499998 0.743275337890625 0.130553203125 0.785059607421875 0.7444818463541667
0 0.864541443359375 0.7359835807291667 0.823011962890625 0.1307329296875 0.791302078125 0.13260170833333332 0.7858873359375 0.13419427083333332 0.82465860546875 0.7375266458333334 0.838569654296875 0.738405078125 0.864541443359375 0.7359835807291667