0 0.085554087890625 0.810472640625 0.11080026171875 0.8120555442708333 0.0371823515625 0.22340119270833333 0.0047870546875 0.22741084635416667 0.085554087890625 0.810472640625
0 0.118864013671875 0.8064417005208333 0.132707314453125 0.8072047552083333 0.063256203125 0.22605007031250002 0.046313044921875 0.22861486458333333 0.118864013671875 0.8064417005208333
0 0.1380000546875 0.8385533828125 0.18271284765625 0.8353422942708333 0.1155924609375 0.18359310416666666 0.057093818359375 0.1816988645833333 0.1380000546875 0.8385533828125
0 0.190310833984375 0.29688903385416665 0.146519162109375 0.29790821614583335 0.1971423828125 0.8187279479166666 0.2288395546875 0.8158197760416667 0.234477078125 0.8113476328125001 0.190310833984375 0.29688903385416665
0 0.239133619140625 0.29683799739583333 0.196153529296875 0.2967530546875 0.2386012734375 0.8155925859375 0.27109771875 0.8115805781250001 0.2759075625 0.8060424635416666 0.239133619140625 0.29683799739583333
0 0.315796310546875 0.8072845859375 0.287171333984375 0.29897570052083333 0.283075546875 0.2969005520833333 0.244203146484375 0.2988904817708333 0.280088568359375 0.8146270364583333 0.309331107421875 0.8106907578125 0.315796310546875 0.8072845859375
0 0.323178326171875 0.7495953411458333 0.3540762265625 0.7477910052083333 0.333951369140625 0.3293587760416667 0.29914566796875 0.33016882291666666 0.323178326171875 0.7495953411458333
0 0.355759990234375 0.7520927578125001 0.389911794921875 0.7502126927083334 0.37459678125 0.3262423489583333 0.33734593359375 0.3260240677083333 0.355759990234375 0.7520927578125001
0 0.391524544921875 0.7490899270833333 0.4167423125 0.7485030234375 0.408119748046875 0.33848497135416666 0.3773581875 0.3359451927083333 0.391524544921875 0.7490899270833333
0 0.44395531640625 0.34090665885416666 0.40817655859375 0.34282458593750004 0.41803868359375 0.7853708307291667 0.4424713828125 0.7869726692708333 0.45221889453125 0.7856605755208333 0.44395531640625 0.34090665885416666
0 0.46307078515625 0.24713158854166664 0.451696318359375 0.24848154687500001 0.461238150390625 0.7908768411458333 0.473468701171875 0.7927626640625 0.484871572265625 0.7935825130208333 0.495404158203125 0.7900816796875 0.503510517578125 0.7877225494791666 0.49723679296875 0.24633642708333334 0.49481056640625 0.24747813020833334 0.4768998828125 0.24680973697916667 0.46307078515625 0.24713158854166664
0 0.504281384765625 0.7844489036458334 0.53596435546875 0.780455828125 0.54183205078125 0.296304578125 0.5062643203125 0.29713236197916665 0.504281384765625 0.7844489036458334
0 0.542304658203125 0.2702479453125 0.538177537109375 0.7630405651041667 0.540646375 0.7651535755208334 0.547210994140625 0.7693417317708334 0.556130830078125 0.7669636692708334 0.564222986328125 0.7635196328124999 0.573202556640625 0.268443609375 0.570762130859375 0.26850040625 0.558588388671875 0.27095420052083335 0.542304658203125 0.2702479453125
0 0.56770413671875 0.7808023697916666 0.602683619140625 0.7799882786458333 0.619911580078125 0.2934021640625 0.581678189453125 0.29429198697916664 0.56770413671875 0.7808023697916666
0 0.60590912109375 0.7777427395833333 0.63683542578125 0.7781082135416666 0.6638393046875 0.2923798177083333 0.6247924375 0.2932885703125 0.60590912109375 0.7777427395833333
0 0.67920869140625 0.27682883333333336 0.668772703125 0.2759864791666667 0.640986578125 0.7758411328125 0.64675192578125 0.7811331276041668 0.659767548828125 0.7808302083333333 0.6703143359375 0.77841428125 0.675124181640625 0.7728761640625 0.712532818359375 0.27388279427083334 0.700373279296875 0.27742149479166667 0.68897041015625 0.27660164322916664 0.67920869140625 0.27682883333333336
0 0.684143435546875 0.7780924296874999 0.7451257578125 0.7745026927083334 0.799361748046875 0.25558346875 0.721406130859375 0.25522729427083335 0.684143435546875 0.7780924296874999
0 0.753217912109375 0.77105865625 0.814985306640625 0.7652801796875001 0.879054029296875 0.2515582890625 0.807453904296875 0.25213943229166663 0.753217912109375 0.77105865625
0 0.820693845703125 0.7662325546875 0.8629662109375 0.763078265625 0.934025638671875 0.28609165625 0.88703728125 0.28609999999999997 0.820693845703125 0.7662325546875