0 0.317097296875 0 0.31272735546875 0.07248503645833333 0.679344181640625 0.12982636979166667 0.691576794921875 0.03732690364583333 0.6834373828125 0.03541330729166667 0.427907703125 0 0.317097296875 0
0 0.28952787890625 0.07063721354166667 0.28130795703125 0.16006696875 0.663615138671875 0.22831001822916666 0.675846205078125 0.12900398697916668 0.28952787890625 0.07063721354166667
0 0.674740140625 0.3487347994791667 0.690469173828125 0.2502512291666667 0.2850901875 0.17891007552083335 0.276793224609375 0.2623892213541667 0.674740140625 0.3487347994791667
0 0.277308744140625 0.27212755729166666 0.265024681640625 0.35819755468750003 0.66040990625 0.4601855625 0.6734560703125 0.36526284114583335 0.277308744140625 0.27212755729166666
0 0.617921626953125 0.5397397109375001 0.63015505859375 0.4608706015625 0.26250477734375 0.3636158203125 0.249929388671875 0.42978901302083333 0.617921626953125 0.5397397109375001
0 0.2528948671875 0.4431016458333333 0.245132734375 0.4881600989583333 0.613018337890625 0.6010932369791667 0.6205980859375 0.5535924453125 0.2528948671875 0.4431016458333333
0 0.6063096875 0.6548188984375 0.6135056796875 0.6072231588541667 0.247447814453125 0.4911087265625 0.238739568359375 0.5368983723958333 0.6063096875 0.6548188984375
0 0.2376283359375 0.5380876770833333 0.228991759765625 0.5829403854166667 0.60041380078125 0.703903484375 0.608933171875 0.6554356848958334 0.2376283359375 0.5380876770833333
0 0.5932547265625 0.7467184322916666 0.598342765625 0.7082441666666667 0.229712025390625 0.5843119739583333 0.22245535546875 0.6150444557291667 0.5932547265625 0.7467184322916666
0 0.221588560546875 0.6184661666666667 0.214956291015625 0.6481624166666666 0.586845189453125 0.7840101822916666 0.5929463515625 0.7490502786458334 0.221588560546875 0.6184661666666667
0 0.583545955078125 0.8610429661458333 0.593979775390625 0.7889637213541666 0.212848365234375 0.6572838932291667 0.20227084375 0.7226834791666666 0.583545955078125 0.8610429661458333
0 0.213525220703125 0.7271669270833333 0.20504276171875 0.7708537760416667 0.575035146484375 0.9108062760416668 0.58251726171875 0.8620033723958334 0.213525220703125 0.7271669270833333
0 0.21301683984375 0.7787392838541667 0.206589328125 0.8000687083333333 0.56575716796875 0.9410104244791667 0.571514935546875 0.9111084166666666 0.21301683984375 0.7787392838541667
0 0.2050981328125 0.8045266536458334 0.201089376953125 0.8348397005208333 0.561408443359375 0.9763554453125001 0.5671978046875 0.9437533046875001 0.2050981328125 0.8045266536458334
0 0.566495013671875 1 0.5684890234375 0.9885358802083334 0.195945966796875 0.8396410885416666 0.191474658203125 0.8734518229166667 0.489362791015625 1 0.566495013671875 1
0 0.483966310546875 1 0.19348144140625 0.8787321510416667 0.18679858984375 0.9156293828125 0.28462776171875 0.9570787239583334 0.46719174609375 1 0.483966310546875 1