0 0.69065485546875 1 0.69251394140625 0.985671375 0.291034423828125 0.9156505520833332 0.2870804453125 0.9445244036458332 0.438088203125 0.9947250208333333 0.47174326953125 1 0.69065485546875 1
0 0.69337316796875 0.981076484375 0.703036892578125 0.9245034817708334 0.333647013671875 0.8541694114583334 0.322909224609375 0.9164860364583333 0.69337316796875 0.981076484375
0 0.702819728515625 0.9207709140625 0.7116242421875 0.8687927239583333 0.344382392578125 0.7869716223958334 0.333859427734375 0.8481394270833333 0.702819728515625 0.9207709140625
0 0.334436705078125 0.7080181458333333 0.321543708984375 0.7671779921874999 0.705800603515625 0.8509952369791667 0.712486875 0.7929134166666666 0.334436705078125 0.7080181458333333
0 0.729653375 0.7430138307291667 0.727280962890625 0.7361245520833334 0.360461484375 0.6373622213541666 0.348652099609375 0.7103036510416666 0.7193403828125 0.7932704739583333 0.72772493359375 0.7631146796875 0.729653375 0.7430138307291667
0 0.733527001953125 0.7369808177083333 0.750489318359375 0.6315892916666667 0.4043389375 0.5201763567708334 0.38342631640625 0.6365533333333333 0.733527001953125 0.7369808177083333
0 0.758873798828125 0.6014335546874999 0.76037029296875 0.5787487213541667 0.371134560546875 0.44325171614583336 0.3619003984375 0.4975273802083333 0.748980896484375 0.629867765625 0.755866572265625 0.6175153203125 0.758873798828125 0.6014335546874999
0 0.38165752734375 0.38208391145833337 0.37134935546875 0.44210305208333334 0.76015304296875 0.5750162890625 0.768740392578125 0.5193055286458333 0.38165752734375 0.38208391145833337
0 0.7702464453125 0.5161458229166667 0.78313704296875 0.45210456510416663 0.41974245703125 0.3105567838541667 0.404918611328125 0.38493631770833336 0.7702464453125 0.5161458229166667
0 0.782055845703125 0.44320447916666666 0.795590859375 0.3757170755208334 0.431976681640625 0.22555547395833334 0.4203844765625 0.3022293932291667 0.782055845703125 0.44320447916666666
0 0.79838808203125 0.3705464609375 0.80309461328125 0.3062248229166667 0.447657341796875 0.14169988281249998 0.43692434765625 0.21377899479166665 0.79838808203125 0.3705464609375
0 0.79663133984375 0.30163604947916667 0.800063361328125 0.273494140625 0.476508109375 0.12444841927083333 0.4713528125 0.15201744791666666 0.79663133984375 0.30163604947916667
0 0.48252022265625 0.08740334114583333 0.47607612109375 0.12186450781250001 0.8015718125 0.27521584114583336 0.806019685546875 0.24428704947916668 0.48252022265625 0.08740334114583333