0 0.437246521484375 0 0.387473197265625 0.022851106770833334 0.492814134765625 0 0.437246521484375 0
0 0.505954796875 0 0.37670178515625 0.027796299479166665 0.27062387890625 0.07649703645833333 0.27239185546875 0.08534779166666667 0.549123046875 0.021588182291666664 0.5430158515625 0 0.505954796875 0
0 0.278212763671875 0.1130832109375 0.279677841796875 0.12135410677083334 0.559482556640625 0.050276203125 0.550122951171875 0.020444869791666667 0.2730112890625 0.0877464140625 0.2744961171875 0.09869130989583334 0.278212763671875 0.1130832109375
0 0.294623375 0.18961786197916666 0.301456982421875 0.21867704166666668 0.534929876953125 0.10089442968750001 0.5258696640625 0.07719143229166667 0.294623375 0.18961786197916666
0 0.300444283203125 0.21735328385416666 0.3076711171875 0.2453376171875 0.54508166015625 0.12560945833333334 0.539093708984375 0.10242242447916666 0.300444283203125 0.21735328385416666
0 0.30847734375 0.24586185156249998 0.3151044375 0.2741215260416667 0.5952431328125 0.14304356770833335 0.589146638671875 0.11700559895833333 0.30847734375 0.24586185156249998
0 0.31531091015625 0.2749210494791667 0.322331271484375 0.302105859375 0.602532033203125 0.17412496354166665 0.5974058828125 0.1489877109375 0.31531091015625 0.2749210494791667
0 0.324356630859375 0.30475339322916667 0.3318096875 0.33621125 0.61250260546875 0.2098770989583333 0.60769050390625 0.18361734375000002 0.324356630859375 0.30475339322916667
0 0.330816736328125 0.33756149218750003 0.34070807421875 0.37326600520833336 0.615999630859375 0.24956176041666667 0.610156798828125 0.22079056770833336 0.330816736328125 0.33756149218750003
0 0.34192726171875 0.3753893385416667 0.35101242578125 0.41056964843750005 0.612716857421875 0.2939976171875 0.6088818828125 0.26356175 0.34192726171875 0.3753893385416667
0 0.351818611328125 0.41109390364583337 0.361336470703125 0.4505472578125 0.6169628125 0.3357039270833333 0.61095714453125 0.300171578125 0.351818611328125 0.41109390364583337
0 0.36315535546875 0.45239527083333336 0.37246671875 0.49104917708333334 0.62827422265625 0.37379142708333335 0.6226871171875 0.34039810416666666 0.36315535546875 0.45239527083333336
0 0.37186701953125 0.4913245 0.38193203515625 0.5311522421875 0.382191052734375 0.5313020572916667 0.641024474609375 0.40621028124999997 0.6331584765625 0.37315331510416666 0.37186701953125 0.4913245
0 0.65052261328125 0.44298974479166664 0.641643921875 0.4086089583333334 0.383803462890625 0.5323505442708333 0.39347054296875 0.5701191328125 0.65052261328125 0.44298974479166664
0 0.393921021484375 0.5715285807291667 0.4061033984375 0.6187021692708333 0.661527154296875 0.48541576302083334 0.6525479921875 0.44563726822916666 0.393921021484375 0.5715285807291667
0 0.405710134765625 0.61977703125 0.417499314453125 0.6680255755208333 0.67044925 0.5285348072916667 0.660886103515625 0.48831532031249997 0.405710134765625 0.61977703125
0 0.41869875 0.6674749088541666 0.425139107421875 0.6976090078125 0.684517154296875 0.5515856901041667 0.67842651171875 0.5276628802083333 0.41869875 0.6674749088541666
0 0.425738806640625 0.6973336822916667 0.43397833984375 0.7266417760416667 0.691124759765625 0.580028921875 0.68484716796875 0.555123078125 0.425738806640625 0.6973336822916667
0 0.43506990234375 0.7386615364583333 0.44582666015625 0.78291225 0.707961353515625 0.6195143932291667 0.699516568359375 0.5859508958333334 0.43506990234375 0.7386615364583333
0 0.447684974609375 0.7901081744791667 0.458215509765625 0.8308853619791666 0.72018115625 0.6611194479166667 0.71186598828125 0.62857609375 0.447684974609375 0.7901081744791667
0 0.755784853515625 0.6817493333333333 0.75248116796875 0.6689565338541666 0.746552375 0.6537914244791666 0.740889251953125 0.6474479869791666 0.458628484375 0.8324845130208334 0.469326033203125 0.8687132057291667 0.755784853515625 0.6817493333333333
0 0.758803197265625 0.6830466692708334 0.755991328125 0.6825488593750001 0.46874604296875 0.8716625494791667 0.47826386328125 0.9111159270833333 0.765595564453125 0.7169942499999999 0.766197060546875 0.7064825598958334 0.762913103515625 0.6963637708333333 0.758803197265625 0.6830466692708334
0 0.763691521484375 0.7747090755208333 0.75250208203125 0.7261851901041667 0.479896025390625 0.9148384140625 0.494123470703125 0.9673335546874999 0.741148052734375 0.7913193151041668 0.763691521484375 0.7747090755208333
0 0.50933171484375 1 0.75701691015625 0.8215964557291667 0.748964140625 0.7904138671875001 0.49393671875 0.9692079244791666 0.5024803984375 1 0.50933171484375 1
0 0.5627534765625 1 0.573443236328125 0.9950922942708332 0.762071064453125 0.8541557161458333 0.7552374609375 0.8250964739583333 0.510487796875 1 0.5627534765625 1