0 0.385528703125 0.0196548828125 0.384802640625 0.046969611979166666 0.666933236328125 0.08242310677083334 0.66948685546875 0.053330260416666664 0.385528703125 0.0196548828125
0 0.383039908203125 0.04668102864583334 0.381107890625 0.0773765625 0.661367509765625 0.11371655729166667 0.6667168203125 0.0847731953125 0.383039908203125 0.04668102864583334
0 0.687206439453125 0.15372958854166666 0.6894631171875 0.11950888802083333 0.379236953125 0.078262984375 0.3755421328125 0.10867000520833332 0.687206439453125 0.15372958854166666
0 0.374877212890625 0.10617563281249999 0.3739347421875 0.1358403671875 0.6841132421875 0.18297537760416668 0.686433287109375 0.15241021354166667 0.374877212890625 0.10617563281249999
0 0.69320671875 0.18572374218749998 0.3739347421875 0.1358403671875 0.369759970703125 0.1423134609375 0.366482318359375 0.15847558333333334 0.366822671875 0.16449513802083335 0.370627384765625 0.17888076822916665 0.689419427734375 0.22685041927083335 0.69320671875 0.18572374218749998
0 0.36404065234375 0.21413575260416665 0.36625194921875 0.21926880729166667 0.6843179375 0.272532984375 0.68931121484375 0.22802550260416665 0.366513716796875 0.17756495572916667 0.365663775390625 0.19651004427083332 0.36404065234375 0.21413575260416665
0 0.672675126953125 0.29209666145833335 0.67375720703125 0.28034621354166667 0.6729683203125 0.2694821875 0.36625194921875 0.21926880729166667 0.362185380859375 0.22456689583333334 0.36099508984375 0.23749242708333332 0.36057798828125 0.2517372578125 0.36070192578125 0.26010690625 0.670035345703125 0.31448054427083333 0.672675126953125 0.29209666145833335
0 0.665734091796875 0.35775510416666667 0.666816177734375 0.3460045807291667 0.668563208984375 0.33674851302083336 0.66919676171875 0.32015351822916666 0.35960411328125 0.26231269791666667 0.35590288671875 0.28535470572916666 0.353930154296875 0.2947811484375 0.665734091796875 0.35775510416666667
0 0.675940486328125 0.4023654479166667 0.682928630859375 0.36534110937500003 0.33982829296875 0.29247249479166665 0.33634791015625 0.32675660677083335 0.675940486328125 0.4023654479166667
0 0.6729106484375 0.4352668515625 0.677486802734375 0.4050041171875 0.3365820390625 0.3277239895833333 0.33366041796875 0.3594502317708333 0.6729106484375 0.4352668515625
0 0.63400822265625 0.4885361692708334 0.641181373046875 0.4300723645833333 0.342257666015625 0.3632432291666667 0.33740401953125 0.4256650885416667 0.63400822265625 0.4885361692708334
0 0.62739181640625 0.5506694401041666 0.634673173828125 0.49103055208333335 0.33817714453125 0.4269844583333333 0.3317591796875 0.48342878385416665 0.62739181640625 0.5506694401041666
0 0.616445353515625 0.5918168697916667 0.620124447265625 0.5518651171875 0.326488931640625 0.4859018072916667 0.32115532421875 0.5243898151041667 0.616445353515625 0.5918168697916667
0 0.32115532421875 0.5243898151041667 0.31691951953125 0.5606721067708333 0.611219962890625 0.6291297161458334 0.615455783203125 0.5928475833333333 0.32115532421875 0.5243898151041667
0 0.318574048828125 0.5621356953125 0.3152038671875 0.5890174635416666 0.62570927734375 0.6660919505208334 0.62830626953125 0.6378908802083333 0.318574048828125 0.5621356953125
0 0.656527509765625 0.7200405494791666 0.6617528984375 0.6827277057291666 0.309931400390625 0.5976963723958334 0.305233970703125 0.6325740937500001 0.656527509765625 0.7200405494791666
0 0.305587333984375 0.6351536588541666 0.300578353515625 0.6701164921874999 0.650163892578125 0.7546366067708333 0.6521206640625 0.7193190937499999 0.305587333984375 0.6351536588541666
0 0.6469580546875 0.7948108463541667 0.65207526953125 0.7586728515625 0.298939498046875 0.6781975494791667 0.298824447265625 0.7128602005208333 0.6469580546875 0.7948108463541667
0 0.301971048828125 0.7132840026041666 0.30034792578125 0.7309097109375 0.29784346484375 0.7483911328125 0.29775091796875 0.7591109401041667 0.2976584453125 0.7698305937500001 0.29823088671875 0.7830447057291666 0.614982609375 0.8695682630208333 0.624150662109375 0.789884265625 0.301971048828125 0.7132840026041666
0 0.291565892578125 0.8664715703125 0.601966271484375 0.9627812994791666 0.61404019921875 0.8705295859375001 0.3015399296875 0.7859720390625 0.298138341796875 0.7937645130208333 0.293530802734375 0.8049377161458334 0.29223229296875 0.8190384088541666 0.290717373046875 0.8354891119791666 0.289310673828125 0.8507646510416667 0.291565892578125 0.8664715703125