0 0.567445962890625 1 0.56947389453125 0.9852474973958333 0.20309994140625 0.8795326874999999 0.19678344140625 0.9309513671874999 0.34632698828125 0.9761173411458333 0.4737774453125 1 0.567445962890625 1
0 0.211793044921875 0.8225818776041667 0.205105763671875 0.8775176276041666 0.568456646484375 0.9778837786458333 0.57457652734375 0.9194358151041667 0.211793044921875 0.8225818776041667
0 0.56885057421875 0.9145957890625 0.575026091796875 0.8590355937499999 0.535335060546875 0.8497354375 0.211445515625 0.7663278854166666 0.20839923828125 0.8207504531250001 0.56885057421875 0.9145957890625
0 0.575770640625 0.8489440078125 0.579751625 0.795492 0.2180092109375 0.7125645989583332 0.214644091796875 0.7274755234375 0.214454296875 0.7633051458333333 0.575770640625 0.8489440078125
0 0.2170868046875 0.6872860572916667 0.220262203125 0.7082046093750001 0.581440626953125 0.7866446848958333 0.58517239453125 0.7347084401041667 0.225946525390625 0.6542765416666666 0.21904965234375 0.6601572526041667 0.2170868046875 0.6872860572916667
0 0.2253143046875 0.6517669817708334 0.584348986328125 0.7250233307291666 0.5872055 0.706430390625 0.590912669921875 0.6712598828125 0.22735768359375 0.5983521067708334 0.2248862265625 0.6217992161458333 0.2253143046875 0.6517669817708334
0 0.237053685546875 0.5403936041666667 0.231369345703125 0.5943218307291667 0.589771837890625 0.6650686276041667 0.59457683203125 0.6109756223958334 0.237053685546875 0.5403936041666667
0 0.238384294921875 0.5107553958333334 0.2398153125 0.5397156354166667 0.595318255859375 0.6039416171875 0.60031605078125 0.5442588697916667 0.524870201171875 0.5321605598958333 0.241858693359375 0.4863007604166667 0.238384294921875 0.5107553958333334
0 0.600479638671875 0.5379602760416667 0.60628752734375 0.48285989843750005 0.247157947265625 0.427518359375 0.242927802734375 0.4506359114583333 0.243232294921875 0.4817761432291667 0.600479638671875 0.5379602760416667
0 0.608540501953125 0.47850006510416665 0.614101271484375 0.4257441458333333 0.25531136328125 0.37441883333333337 0.251801830078125 0.42599764062499995 0.608540501953125 0.47850006510416665
0 0.25659207421875 0.31548923958333336 0.252072158203125 0.363881953125 0.255603896484375 0.3729123203125 0.613716216796875 0.4208899765625 0.619524115234375 0.3657895234375 0.25659207421875 0.31548923958333336
0 0.263690818359375 0.26685403125 0.25977669140625 0.31630984375 0.619015494140625 0.36210766145833334 0.62369690234375 0.30918712239583335 0.2782804921875 0.268370375 0.263690818359375 0.26685403125
0 0.59835698046875 0.2518364140625 0.271406810546875 0.214480015625 0.27153296484375 0.21967300520833333 0.268607625 0.26655779947916663 0.624823369140625 0.30700711979166667 0.627746123046875 0.2537570286458333 0.59835698046875 0.2518364140625
0 0.27420599609375 0.16240223437499998 0.270403919921875 0.2154876302083333 0.62723746875 0.25007516145833336 0.632176791015625 0.19521167708333334 0.27420599609375 0.16240223437499998
0 0.6342954609375 0.19162240885416668 0.638156884765625 0.13847756770833333 0.281401861328125 0.11114841666666668 0.277280935546875 0.12472224739583333 0.275208876953125 0.16139470052083335 0.6342954609375 0.19162240885416668
0 0.638344650390625 0.1361923125 0.641099892578125 0.0824892265625 0.2843245625 0.05789823697916666 0.281976689453125 0.08017288020833334 0.283407701171875 0.10913320052083332 0.638344650390625 0.1361923125
0 0.288721310546875 0.0587221328125 0.644646837890625 0.07640246354166667 0.6493492578125 0.023072440104166664 0.643042828125 0.021890692708333336 0.590673548828125 0.0184682265625 0.291767580078125 0.004299643229166666 0.2900232578125 0.012341343749999999 0.288721310546875 0.0587221328125
0 0.29579056640625 0 0.296287904296875 0.00395115625 0.61977830078125 0.017531203125000002 0.52622255859375 0 0.29579056640625 0