0 0.408293919921875 0 0.706769794921875 0.06890760416666666 0.71167571875 0.03846895833333334 0.52951313671875 0 0.408293919921875 0
0 0.31472940234375 0 0.310316814453125 0.04229773697916667 0.697525720703125 0.13285480208333333 0.705060931640625 0.07635711979166666 0.37887735546875 0 0.31472940234375 0
0 0.309680439453125 0.04765495833333333 0.3072622109375 0.06801240885416666 0.72395653125 0.16699282812500002 0.725173009765625 0.14981585677083334 0.309680439453125 0.04765495833333333
0 0.80821957421875 0.20675388541666664 0.811863541015625 0.1899502578125 0.792700029296875 0.18480499479166668 0.281119203125 0.05919658072916667 0.27882825 0.07848258333333334 0.80821957421875 0.20675388541666664
0 0.298279568359375 0.10895004166666666 0.2938249375 0.14645060416666666 0.696982224609375 0.24147396354166664 0.702899267578125 0.205534828125 0.298279568359375 0.10895004166666666
0 0.290609806640625 0.14577163541666668 0.28178769140625 0.2131029088541667 0.714262986328125 0.3110226536458333 0.71451753515625 0.308879765625 0.716975896484375 0.2951207265625 0.719306978515625 0.2824331328125 0.721128962890625 0.27403131770833333 0.723233494140625 0.24937841406250003 0.290609806640625 0.14577163541666668
0 0.635250333984375 0.3865959192708333 0.6468442109375 0.31673980208333335 0.626771052734375 0.31231598177083336 0.28533763671875 0.22483580989583332 0.277741259765625 0.2957209036458333 0.635250333984375 0.3865959192708333
0 0.27321324609375 0.29915796875 0.264391130859375 0.36648924218749995 0.630065306640625 0.45799023697916663 0.63886383203125 0.39085756510416664 0.27321324609375 0.29915796875
0 0.688326474609375 0.4946836223958333 0.68860730078125 0.4923195442708333 0.266882744140625 0.3801952942708333 0.264511525390625 0.3862844765625 0.264846341796875 0.39733840885416666 0.263064490234375 0.41233863541666665 0.68267237890625 0.5284091770833333 0.685552697265625 0.5180342161458333 0.687334548828125 0.5030339921875 0.688326474609375 0.4946836223958333
0 0.652576962890625 0.5736748125 0.659757255859375 0.52710121875 0.660039185546875 0.5247278411458333 0.272750015625 0.420973953125 0.2648658359375 0.46653684635416665 0.652576962890625 0.5736748125
0 0.260873296875 0.5140198984375001 0.632254216796875 0.6199059088541666 0.63542921484375 0.6139864661458333 0.63593831640625 0.6097006875000001 0.639160326171875 0.5895129817708333 0.639178443359375 0.5754879583333333 0.26465141796875 0.47527814583333333 0.260873296875 0.5140198984375001
0 0.258924037109375 0.52349315625 0.25341107421875 0.5629668723958333 0.628810908203125 0.6697015911458334 0.63037834375 0.6634426640625 0.63309125390625 0.6475407369791667 0.6354790703125 0.6274392864583334 0.63550948046875 0.6271832864583333 0.258924037109375 0.52349315625
0 0.2517163671875 0.5702972421875 0.24408673828125 0.6137172447916667 0.615507791015625 0.7262016666666667 0.62120321484375 0.6782556770833333 0.2517163671875 0.5702972421875
0 0.24399959375 0.6213871015625 0.2366646484375 0.6692626276041667 0.607871283203125 0.7904883489583333 0.61546693359375 0.7473543697916667 0.24399959375 0.6213871015625
0 0.24580094140625 0.6755853151041666 0.23580009765625 0.7250945026041666 0.603577181640625 0.8543825546875 0.61299320703125 0.8028603125 0.24580094140625 0.6755853151041666
0 0.598646703125 0.9236339869791667 0.608188017578125 0.8710570390625 0.592404486328125 0.8652029843750001 0.23465462109375 0.7347375078125 0.22346816796875 0.7872912890625 0.598646703125 0.9236339869791667
0 0.652560341796875 1 0.656123484375 0.9808031145833334 0.210299201171875 0.8218532421875001 0.2073317421875 0.8398980598958333 0.20461883203125 0.8557999895833334 0.600415701171875 1 0.652560341796875 1
0 0.593089236328125 1 0.210667267578125 0.8603722630208334 0.20583769140625 0.8802204869791667 0.205663408203125 0.8955601953125 0.482854814453125 1 0.593089236328125 1