0 0.07112346875 0.13558473697916668 0.065690146484375 0.138216984375 0.07499734765625 0.17195308854166666 0.350074650390625 0.035925078125 0.07112346875 0.13558473697916668
0 0.493316171875 0 0.103366521484375 0.18315604947916667 0.1071006484375 0.19754492708333335 0.1119714296875 0.19243556250000002 0.50361740625 0.019944958333333335 0.5080251484375 0.025108630208333333 0.566075544921875 0 0.493316171875 0
0 0.085090619140625 0.20540835416666667 0.09376609375 0.23600094531250002 0.511927958984375 0.05291405989583334 0.503252484375 0.022321466145833333 0.085090619140625 0.20540835416666667
0 0.08868473828125 0.24006247395833333 0.09641979296875 0.27436025 0.518512021484375 0.08986917968750001 0.51201820703125 0.057555518229166665 0.08868473828125 0.24006247395833333
0 0.10182418359375 0.28029092447916665 0.104772236328125 0.29496063802083333 0.5771731015625 0.0924960234375 0.575103560546875 0.08219784635416667 0.10182418359375 0.28029092447916665
0 0.10519338671875 0.29705631250000003 0.109138087890625 0.3124930260416667 0.580752880859375 0.11030924739583332 0.577266271484375 0.09715203645833333 0.10519338671875 0.29705631250000003
0 0.110134736328125 0.31326002604166664 0.11628330859375 0.331278578125 0.583602814453125 0.1328754921875 0.581268193359375 0.11706587239583333 0.110134736328125 0.31326002604166664
0 0.11356016796875 0.3344975963541667 0.11871209375 0.3517491484375 0.58881096875 0.1545992265625 0.584273416015625 0.13621244791666667 0.11356016796875 0.3344975963541667
0 0.116255755859375 0.36048818749999995 0.1283985546875 0.39994963802083333 0.567377564453125 0.22402538541666664 0.557520759765625 0.17497726041666664 0.116255755859375 0.36048818749999995
0 0.1388280703125 0.3973465963541667 0.14625443359375 0.4384930651041667 0.578060673828125 0.27299287499999997 0.5690059375 0.22793589583333332 0.1388280703125 0.3973465963541667
0 0.147096734375 0.4426844114583333 0.15630581640625 0.48431704427083333 0.58958608203125 0.3261517109375 0.580366279296875 0.2802733463541667 0.147096734375 0.4426844114583333
0 0.1439954609375 0.4943304505208333 0.153415119140625 0.5370109192708333 0.600325419921875 0.3795913828125 0.59110828125 0.33372627083333334 0.1439954609375 0.4943304505208333
0 0.673725640625 0.39267539322916667 0.66761895703125 0.362288125 0.155829564453125 0.54064059375 0.157837201171875 0.5590154921875 0.162301169921875 0.5686513463541667 0.673725640625 0.39267539322916667
0 0.682513572265625 0.4322123489583333 0.67667028515625 0.4031357552083333 0.163354046875 0.57389053125 0.165151103515625 0.59121759375 0.170246798828125 0.6039969609375 0.682513572265625 0.4322123489583333
0 0.19482562109375 0.5963388619791666 0.210351962890625 0.6694065937499999 0.6371055234375 0.5416497291666666 0.621156451171875 0.4622860651041667 0.19482562109375 0.5963388619791666
0 0.6572082890625 0.6332976874999999 0.641263814453125 0.5539568932291666 0.218170796875 0.6789669427083332 0.2173428359375 0.6916164921875 0.230707193359375 0.7497336770833334 0.6572082890625 0.6332976874999999
0 0.250440876953125 0.7473125468749999 0.256856251953125 0.7708511171875 0.640081474609375 0.6822298567708334 0.633745765625 0.6465105572916666 0.250440876953125 0.7473125468749999
0 0.64839202734375 0.7151989557291666 0.641653619140625 0.6816681822916667 0.2598461953125 0.7731521171875001 0.259748076171875 0.7810486458333333 0.266949525390625 0.8043063802083333 0.64839202734375 0.7151989557291666
0 0.270514966796875 0.8052787083333333 0.275568771484375 0.8304267890625 0.65748865234375 0.7478872239583333 0.65220942578125 0.7174250390625 0.270514966796875 0.8052787083333333
0 0.276775994140625 0.832241625 0.282461525390625 0.86053321875 0.66380591015625 0.7793223229166667 0.658317623046875 0.7478198411458333 0.276775994140625 0.832241625
0 0.2905890546875 0.8632448723958334 0.29480055859375 0.8842016041666666 0.672790078125 0.8030662239583334 0.6684126171875 0.7812836822916666 0.2905890546875 0.8632448723958334
0 0.6794722578125 0.8321248125 0.675728142578125 0.8134938385416667 0.29182495703125 0.8987415026041666 0.296247037109375 0.9207460729166667 0.67994963671875 0.8386926718750001 0.6794722578125 0.8321248125
0 0.27981008203125 0.9479567239583333 0.289917693359375 0.9982528880208333 0.763246892578125 0.9010250026041667 0.75365855078125 0.8449279843749999 0.27981008203125 0.9479567239583333
0 0.549369689453125 1 0.77177493359375 0.9205422578125 0.77033200390625 0.9111266796874999 0.338584486328125 1 0.549369689453125 1