0 0.185270599609375 0.7580814635416666 0.225084328125 0.7610209609375 0.205908744140625 0.24983463281249998 0.165349001953125 0.24903185937500003 0.185270599609375 0.7580814635416666
0 0.250686302734375 0.24974805989583335 0.20853944140625 0.24778565885416667 0.2283651484375 0.7600879921875 0.25110367578125 0.7622324505208334 0.266552666015625 0.7629517708333333 0.250686302734375 0.24974805989583335
0 0.291815712890625 0.7619565833333333 0.29832055078125 0.7622594557291666 0.285564599609375 0.25462922135416666 0.256467712890625 0.25218870833333334 0.272301201171875 0.7610479661458333 0.2746553125 0.7644147682291668 0.291815712890625 0.7619565833333333
0 0.318117189453125 0.255059171875 0.2881582578125 0.254749984375 0.300674662109375 0.7656262578124999 0.321843783203125 0.7655261822916667 0.329275330078125 0.76152928125 0.318117189453125 0.255059171875
0 0.35680728515625 0.7671541171874999 0.34895836328125 0.2586666302083333 0.34660425390625 0.255299828125 0.319120703125 0.2540201640625 0.33000323046875 0.7648203645833332 0.344553912109375 0.7687550520833333 0.35680728515625 0.7671541171874999
0 0.38952839453125 0.2638128046875 0.352210650390625 0.2653324453125 0.358234685546875 0.7748206953125 0.38672175 0.7750613515625 0.39650740625 0.7744312526041667 0.38952839453125 0.2638128046875
0 0.39802001171875 0.7788446015625 0.437862140625 0.7806996927083333 0.4366600625 0.2670930364583333 0.394321818359375 0.26729318489583337 0.39802001171875 0.7788446015625
0 0.44038666015625 0.7775600442708334 0.48273384375 0.7795317734374999 0.48768684765625 0.27706901041666665 0.4414755390625 0.2770888255208333 0.44038666015625 0.7775600442708334
0 0.523389078125 0.7814247213541666 0.528296107421875 0.78056746875 0.5365672734375 0.278259203125 0.4911724296875 0.2761455729166667 0.48604306640625 0.7775143932291666 0.490836490234375 0.7809947708333334 0.523389078125 0.7814247213541666
0 0.581005904296875 0.78845034375 0.59654009765625 0.7859164401041667 0.615431091796875 0.2200445234375 0.5423461875 0.21881307812499998 0.530678619140625 0.7828498619791667 0.547697015625 0.7858137161458334 0.581005904296875 0.78845034375
0 0.6452979765625 0.7892723880208333 0.664084587890625 0.7868899192708333 0.697639865234375 0.22061505729166667 0.6196954921875 0.21915734895833336 0.598251509765625 0.7827389322916667 0.61765241796875 0.7879851822916667 0.6452979765625 0.7892723880208333
0 0.667979703125 0.7935856666666666 0.70375630859375 0.7952514609375 0.732781111328125 0.27762354166666664 0.696409638671875 0.27484431770833334 0.667979703125 0.7935856666666666
0 0.70706553125 0.7932340781249999 0.74121592578125 0.7948241562499999 0.775090955078125 0.27850779947916665 0.7338501328125 0.27550185677083333 0.70706553125 0.7932340781249999
0 0.746850857421875 0.7972579869791666 0.807776904296875 0.8022662265624999 0.85471107421875 0.22249979947916665 0.788248712890625 0.21940524479166668 0.746850857421875 0.7972579869791666
0 0.812683935546875 0.8014089713541667 0.87358158203125 0.8075016223958333 0.935293640625 0.22299461458333333 0.86312969921875 0.22072031770833334 0.812683935546875 0.8014089713541667