0 0.647328513671875 1 0.757709708984375 0.988730421875 0.7613036640625 0.9758722213541667 0.763327796875 0.9607700026041667 0.762127095703125 0.9444321744791666 0.760954791015625 0.927010203125 0.75812748046875 0.9105966380208333 0.4177861796875 0.9403393854166667 0.417161505859375 0.9641904557291667 0.417435322265625 0.9848269765625001 0.417131005859375 0.9964463072916666 0.4934543515625 1 0.647328513671875 1
0 0.755924841796875 0.870332 0.75368368359375 0.8626294192708334 0.757192455078125 0.8530236328125 0.753977751953125 0.8203101067708333 0.412180205078125 0.84347228125 0.40909697265625 0.93010390625 0.756113474609375 0.8942209401041666 0.755924841796875 0.870332
0 0.410279775390625 0.8227600234375 0.410669373046875 0.8389757291666666 0.757429736328125 0.8128726041666666 0.755549560546875 0.7292045156250001 0.4132226484375 0.7414874270833334 0.410279775390625 0.8227600234375
0 0.415749736328125 0.6449990026041666 0.414124 0.7381636119791667 0.761299494140625 0.7273013151041666 0.759977076171875 0.6534283515625 0.75767912890625 0.647894046875 0.415749736328125 0.6449990026041666
0 0.758143564453125 0.5990698984375 0.757198412109375 0.5729748124999999 0.755014041015625 0.5631039505208334 0.417321546875 0.5538934114583333 0.416090466796875 0.631989328125 0.4150251015625 0.6415755208333334 0.760346201171875 0.6393345364583333 0.758143564453125 0.5990698984375
0 0.77139374609375 0.5595247604166667 0.769276291015625 0.516007703125 0.4185992890625 0.5051071328125 0.417382408203125 0.5515696197916666 0.77139374609375 0.5595247604166667
0 0.767678072265625 0.5148478281250001 0.768785447265625 0.4725663854166667 0.420718728515625 0.45527458072916666 0.419502173828125 0.5017247005208333 0.767678072265625 0.5148478281250001
0 0.76640231640625 0.4702845 0.763641919921875 0.42022473958333334 0.422252017578125 0.39673104427083333 0.42164561328125 0.4509758880208334 0.76640231640625 0.4702845
0 0.767122298828125 0.41170309374999997 0.76601691015625 0.36063493229166665 0.41812055859375 0.33683828906249996 0.418218966796875 0.39526333072916664 0.767122298828125 0.41170309374999997
0 0.45900488671875 0.2681868984375 0.45838021484375 0.29203796875 0.458512056640625 0.3180951875 0.455566515625 0.33728707291666665 0.76537396875 0.35409222395833334 0.76891113671875 0.3434023020833334 0.76858053125 0.3249340625 0.767635380859375 0.29883897656249997 0.768061294921875 0.2825768802083333 0.763380216796875 0.27476069531249997 0.454721328125 0.24519275781250002 0.4569908828125 0.25181120052083333 0.45900488671875 0.2681868984375
0 0.4547882421875 0.2115465625 0.454333935546875 0.228892796875 0.453208291015625 0.24078046093750002 0.761895576171875 0.2692642604166667 0.764733013671875 0.2541999114583333 0.7628325859375 0.23348765364583335 0.763485654296875 0.2085524427083333 0.759617880859375 0.200774125 0.45197105859375 0.16365508072916665 0.45407024609375 0.176778359375 0.453559150390625 0.19629287239583335 0.4547882421875 0.2115465625
0 0.768848193359375 0.19034928124999997 0.768215376953125 0.15232866145833332 0.429218734375 0.09963893489583332 0.42895980078125 0.14061668489583332 0.768848193359375 0.19034928124999997
0 0.767458861328125 0.15012251302083332 0.76766774609375 0.11105561979166667 0.430468080078125 0.051936794270833336 0.431892873046875 0.09080963541666666 0.767458861328125 0.15012251302083332
0 0.45325078515625 0.02151919010416667 0.452966841796875 0.032360588541666666 0.452711294921875 0.04211784375 0.450836458984375 0.051519627604166666 0.76046156640625 0.10637824739583333 0.761331662109375 0.10424783854166668 0.762542486328125 0.08910775 0.760386509765625 0.07815275 0.760755634765625 0.0640589375 0.75941296484375 0.053141802083333335 0.449610166015625 0.005067755208333333 0.45190811328125 0.010602059895833333 0.45325078515625 0.02151919010416667