0 0.511048890625 0 0.27581980078125 0.06386009895833333 0.278494978515625 0.1182141875 0.710350908203125 0.002475809895833333 0.710117689453125 0 0.511048890625 0
0 0.279766486328125 0.12400786197916668 0.2832488515625 0.177079359375 0.716667314453125 0.07524126302083334 0.709432927734375 0.015655236979166667 0.279766486328125 0.12400786197916668
0 0.284288265625 0.17933497135416665 0.28592403515625 0.23143352604166667 0.721096892578125 0.13907604947916666 0.717957431640625 0.07764577083333334 0.284288265625 0.17933497135416665
0 0.725850802734375 0.19794129427083332 0.7219815 0.13897285677083335 0.285194171875 0.2338954479166667 0.289355345703125 0.28585588802083334 0.725850802734375 0.19794129427083332
0 0.2897159453125 0.28922247916666666 0.292579224609375 0.3328590651041667 0.736280796875 0.2546342552083333 0.7323526015625 0.20193641406249999 0.2897159453125 0.28922247916666666
0 0.7402019453125 0.30797629947916666 0.736067126953125 0.25854604427083333 0.290964783203125 0.33542417447916667 0.29362290234375 0.38077323958333337 0.7402019453125 0.30797629947916666
0 0.293330359375 0.3850608151041666 0.295729326171875 0.42162121874999997 0.728071578125 0.35362115364583335 0.72443376171875 0.3121924635416667 0.293330359375 0.3850608151041666
0 0.7308127734375 0.3958243932291667 0.728104265625 0.3545465338541667 0.295729326171875 0.42162121874999997 0.29889991015625 0.46119520572916667 0.7308127734375 0.3958243932291667
0 0.294740396484375 0.5322615026041667 0.71426934765625 0.48331861197916665 0.7121799296875 0.45147574479166663 0.706562728515625 0.44737735416666663 0.706021025390625 0.43912176822916665 0.704517333984375 0.429790046875 0.70543530078125 0.4166106223958333 0.705468662109375 0.4035343880208333 0.287899947265625 0.4653167682291666 0.294740396484375 0.5322615026041667
0 0.294389703125 0.5370517890625001 0.300647302734375 0.6052487526041667 0.7193768203125 0.5611568697916667 0.71426934765625 0.48331861197916665 0.294389703125 0.5370517890625001
0 0.725601060546875 0.6424300729166667 0.7188017578125 0.5659775182291666 0.299994826171875 0.6088900807291667 0.30621875 0.6773129270833333 0.725601060546875 0.6424300729166667
0 0.3047927578125 0.6820108854166667 0.309281134765625 0.7504140755208333 0.732057451171875 0.7272412473958334 0.7267952109375 0.6470443385416667 0.3047927578125 0.6820108854166667
0 0.738591232421875 0.81323190625 0.73252176953125 0.7343175104166666 0.309513294921875 0.7539522057291667 0.31469344921875 0.8214076770833333 0.738591232421875 0.81323190625
0 0.313736193359375 0.8318936536458333 0.3180698046875 0.8979381953125 0.74850884765625 0.9041222604166667 0.745866912109375 0.8290207421875001 0.313736193359375 0.8318936536458333
0 0.632468119140625 0.9864573072916666 0.752820287109375 0.9724180390625 0.749514701171875 0.9117828411458334 0.318688900390625 0.907373265625 0.3226208671875 0.9721015520833333 0.632468119140625 0.9864573072916666