0 0.37471578515625 0 0.293833744140625 0.00416365625 0.29268966796875 0.04649902083333333 0.686751703125 0.029308205729166665 0.687198765625 0.01992710677083333 0.516372857421875 0 0.37471578515625 0
0 0.3119952578125 0.0759746484375 0.3118746171875 0.11516256510416667 0.679528408203125 0.11449218489583333 0.681971974609375 0.06480229947916667 0.3119952578125 0.0759746484375
0 0.30598694921875 0.11774259375 0.3028764296875 0.14024757552083333 0.6630920546875 0.14088740624999999 0.66317248046875 0.11476213020833333 0.30598694921875 0.11774259375
0 0.288952619140625 0.1408012265625 0.286967140625 0.1710600546875 0.671574833984375 0.17345631510416668 0.67274073828125 0.1432381015625 0.288952619140625 0.1408012265625
0 0.287706935546875 0.1722352994791667 0.28646125390625 0.2036693697916667 0.669163896484375 0.21019917968750002 0.67113990625 0.1800846458333333 0.287706935546875 0.1722352994791667
0 0.297912734375 0.21589464322916666 0.297012083984375 0.26696995572916665 0.652394169921875 0.27902433593750003 0.656284080078125 0.21974183072916667 0.297912734375 0.21589464322916666
0 0.296728443359375 0.27129264322916663 0.294135470703125 0.32325948958333334 0.650784419921875 0.3409063723958334 0.65276820703125 0.28577376822916667 0.296728443359375 0.27129264322916663
0 0.292230421875 0.32739304166666666 0.289252203125 0.37278128125 0.64621548828125 0.3980874401041667 0.648867193359375 0.3452254921875 0.292230421875 0.32739304166666666
0 0.6808535703125 0.43044057291666665 0.68268419140625 0.40254179166666665 0.2827665625 0.37202471875000004 0.279381919921875 0.3738077838541667 0.278348966796875 0.4019998385416667 0.6808535703125 0.43044057291666665
0 0.27739644140625 0.40406661197916666 0.276363490234375 0.43225866406249996 0.641889982421875 0.4640084583333333 0.642980208984375 0.43494354687500003 0.27739644140625 0.40406661197916666
0 0.638810158203125 0.49849540364583333 0.639899822265625 0.4694390703125 0.273718642578125 0.43521697135416665 0.272513173828125 0.4535884036458333 0.27437801171875 0.4625174921875 0.638810158203125 0.49849540364583333
0 0.638020630859375 0.5354274062500001 0.639180626953125 0.5052992447916667 0.275999421875 0.4627066328125 0.2720781953125 0.4851170442708333 0.2748246484375 0.49306003125 0.638020630859375 0.5354274062500001
0 0.2620967890625 0.500286859375 0.26023409375 0.5784735520833334 0.66082412890625 0.6360924427083333 0.665670771484375 0.5497795026041666 0.2620967890625 0.500286859375
0 0.258856109375 0.5870243619791666 0.253010798828125 0.66365753125 0.651624873046875 0.7264906432291666 0.655676255859375 0.6398477109375 0.258856109375 0.5870243619791666
0 0.27800084375 0.6687505494791667 0.275306267578125 0.7098160989583334 0.62633215234375 0.7758095286458334 0.628694009765625 0.7273648828125 0.27800084375 0.6687505494791667
0 0.268922228515625 0.7199608333333334 0.269186833984375 0.7657273567708334 0.6223611953125 0.8363271848958332 0.625745556640625 0.7847492942708333 0.268922228515625 0.7199608333333334
0 0.246619384765625 0.7859626536458334 0.243539564453125 0.8204496015624999 0.6377762578125 0.9001951927083334 0.6409978984375 0.8635468984375 0.246619384765625 0.7859626536458334
0 0.242657947265625 0.8214357005208334 0.240176099609375 0.8592592369791667 0.635537833984375 0.9467586744791667 0.638140232421875 0.9070979322916667 0.242657947265625 0.8214357005208334
0 0.6443137734375 0.9499602916666667 0.257059091796875 0.8634065520833333 0.255539287109375 0.8741187057291667 0.25475927734375 0.8860061041666666 0.25736391015625 0.8961104348958333 0.640524849609375 0.9952539609375001 0.642429900390625 0.9911204114583333 0.6421864765625 0.9823804609375001 0.6433919453125 0.9640090312499999 0.6443137734375 0.9499602916666667
0 0.49803066015625 1 0.232244798828125 0.9303337161458334 0.23128636328125 0.9705640572916666 0.48362715234375 1 0.49803066015625 1