0 0.276791953125 0 0.27468985546875 0.017831583333333335 0.719962826171875 0.11075477343750001 0.729051205078125 0.05374481770833334 0.627631201171875 0.025001502604166666 0.499086708984375 0 0.276791953125 0
0 0.2744709296875 0.024423749999999998 0.27002308203125 0.05754329166666666 0.7581616640625 0.15817883072916666 0.763397796875 0.12533340625 0.2744709296875 0.024423749999999998
0 0.269346453125 0.06178766927083334 0.266779189453125 0.09876729166666666 0.753833205078125 0.1957683489583333 0.757137435546875 0.16460365364583332 0.269346453125 0.06178766927083334
0 0.2661025625 0.103011671875 0.260251689453125 0.15015104427083334 0.659136662109375 0.23658168489583334 0.665145515625 0.1884513125 0.2661025625 0.103011671875
0 0.27836105078125 0.17746410416666666 0.274420673828125 0.20740036197916667 0.646529560546875 0.28956953125 0.65074433203125 0.26313094010416666 0.27836105078125 0.17746410416666666
0 0.246052552734375 0.2026876953125 0.241724095703125 0.24027721354166667 0.7352158828125 0.3490841119791666 0.742270712890625 0.3100491953125 0.246052552734375 0.2026876953125
0 0.24058976171875 0.24217380468750002 0.23563444140625 0.2784766302083333 0.7283998359375 0.3970589817708334 0.7348110078125 0.3568427369791667 0.24058976171875 0.24217380468750002
0 0.22241028515625 0.38230522916666665 0.716429404296875 0.5034609661458334 0.7292355703125 0.42834882552083337 0.730838748046875 0.4078545572916667 0.23172397265625 0.2873496875 0.22142525390625 0.36760860416666663 0.22241028515625 0.38230522916666665
0 0.71384228125 0.5249084635416666 0.712326814453125 0.5135391692708333 0.21661923046875 0.3873182083333333 0.206728451171875 0.4754559817708333 0.700429111328125 0.6142660338541667 0.71384228125 0.5249084635416666
0 0.203325453125 0.48114575520833336 0.199285541015625 0.5221441588541667 0.685026015625 0.6586982239583333 0.6915960234375 0.6174856249999999 0.203325453125 0.48114575520833336
0 0.1947482109375 0.5297305260416666 0.1915540859375 0.5654234505208333 0.688050740234375 0.7127891614583333 0.69493641015625 0.6748153437500001 0.1947482109375 0.5297305260416666
0 0.18991228125 0.5705033281249999 0.185534056640625 0.6136239192708334 0.6816923984375 0.7631118177083334 0.687750822265625 0.7251082916666666 0.18991228125 0.5705033281249999
0 0.18167335546875 0.6169659036458334 0.17589210546875 0.674106328125 0.629811697265625 0.8171685755208333 0.63908230078125 0.7590155625 0.18167335546875 0.6169659036458334
0 0.172827421875 0.6776739140625 0.165284982421875 0.7354242369791667 0.621085158203125 0.8823465598958333 0.630353201171875 0.8242096041666667 0.172827421875 0.6776739140625
0 0.1682501328125 0.7429187994791667 0.1651555390625 0.7675495807291667 0.583831390625 0.9072776536458332 0.589363806640625 0.8777925937500001 0.1682501328125 0.7429187994791667
0 0.164648068359375 0.7707328645833332 0.161384318359375 0.7964247395833333 0.580517873046875 0.9385006015625 0.584876587890625 0.9111590807291666 0.164648068359375 0.7707328645833332
0 0.160369375 0.8027913098958334 0.15382201953125 0.8386429375 0.57408990625 0.9788222083333333 0.57883540234375 0.9438355833333333 0.160369375 0.8027913098958334
0 0.570713796875 1 0.57303266015625 0.9854541458333334 0.1551951328125 0.8456863046875 0.149712484375 0.8696402890625 0.149951265625 0.8785802447916667 0.513664291015625 1 0.570713796875 1
0 0.508944330078125 1 0.152797025390625 0.881604828125 0.148043529296875 0.9114227552083333 0.460585912109375 1 0.508944330078125 1