0 0.50327261328125 1 0.660439220703125 0.9963421953124999 0.75923678125 0.9892295572916666 0.7555283046875 0.9320866848958334 0.292610517578125 0.96160784375 0.29311312109375 1 0.50327261328125 1
0 0.758474890625 0.9310313645833334 0.7568827578125 0.8659455104166667 0.292459369140625 0.8935282942708334 0.292597603515625 0.9606214036458334 0.758474890625 0.9310313645833334
0 0.29309975 0.8293772239583334 0.29317341796875 0.8915382604166666 0.756844015625 0.8629862578125 0.7552819453125 0.8044753020833334 0.29309975 0.8293772239583334
0 0.759015798828125 0.8027463723958334 0.75778519140625 0.7652800520833334 0.2911551171875 0.7939008697916666 0.290867208984375 0.8284424427083333 0.759015798828125 0.8027463723958334
0 0.289184646484375 0.7564517682291667 0.290376501953125 0.7909589010416668 0.759979013671875 0.7632555130208334 0.757542462890625 0.7284562604166666 0.289184646484375 0.7564517682291667
0 0.33910890625 0.7256884947916666 0.340898578125 0.7493278958333334 0.759475392578125 0.7247855338541668 0.757672806640625 0.7001597578125001 0.33910890625 0.7256884947916666
0 0.758386830078125 0.6981696588541667 0.757349970703125 0.6754994765625 0.342069515625 0.7001425208333334 0.343535255859375 0.7245988046875 0.758386830078125 0.6981696588541667
0 0.34282501953125 0.6703462447916667 0.3424338046875 0.6969964895833334 0.759556658203125 0.6744613802083333 0.756463048828125 0.6460035416666666 0.34282501953125 0.6703462447916667
0 0.754003072265625 0.6459760729166667 0.75299198828125 0.6252786432291667 0.2944747265625 0.6517372994791667 0.294720080078125 0.6704790677083333 0.754003072265625 0.6459760729166667
0 0.294138978515625 0.6260906458333334 0.292943322265625 0.6478261067708333 0.7558998359375 0.6212641354166667 0.7534348828125 0.6025740234375 0.294138978515625 0.6260906458333334
0 0.291936080078125 0.5708861458333333 0.293386189453125 0.6251214244791666 0.758601068359375 0.601467046875 0.75761162890625 0.5472204505208333 0.291936080078125 0.5708861458333333
0 0.2911871015625 0.5136743307291667 0.291910251953125 0.5689132682291667 0.760850380859375 0.5471456067708333 0.759370927734375 0.49508823958333337 0.2911871015625 0.5136743307291667
0 0.77422362109375 0.49453875520833335 0.773147974609375 0.4689093229166667 0.264942728515625 0.48764385156249995 0.26678406640625 0.5152289453125 0.77422362109375 0.49453875520833335
0 0.26388001953125 0.46300092187499997 0.26343715234375 0.4857055416666667 0.77383621875 0.4649463411458334 0.7708801640625 0.4416438776041667 0.26388001953125 0.46300092187499997
0 0.76235066796875 0.4356123489583333 0.76040603515625 0.40013599739583333 0.314324626953125 0.4154514765625 0.317073701171875 0.45584261458333336 0.76235066796875 0.4356123489583333
0 0.758900458984375 0.3981976875 0.753996279296875 0.3627902135416667 0.31528783984375 0.37596061458333335 0.31649259765625 0.4114541875 0.758900458984375 0.3981976875
0 0.7590979453125 0.3567511666666667 0.755273248046875 0.29073059635416665 0.2839456328125 0.29972665364583334 0.284834376953125 0.36939274739583333 0.7590979453125 0.3567511666666667
0 0.75815526953125 0.28474334114583333 0.75656313671875 0.219657484375 0.283702271484375 0.22074194010416667 0.284595115234375 0.2928045494791667 0.75815526953125 0.28474334114583333
0 0.261102173828125 0.08120844791666666 0.26182151171875 0.192690046875 0.773280857421875 0.189813546875 0.769694857421875 0.09206607031250001 0.261102173828125 0.08120844791666666
0 0.496727400390625 0 0.259122419921875 0.005529880208333333 0.26016859765625 0.06642952864583333 0.771006734375 0.07920837239583334 0.76828696875 0 0.496727400390625 0