0 0.0540662265625 0.7475826588541666 0.07851065625 0.7488261822916668 0.126927212890625 0.2799150390625 0.103376990234375 0.27770577864583335 0.0540662265625 0.7475826588541666
0 0.078425591796875 0.7499053072916667 0.103594099609375 0.7523413489583333 0.15022223828125 0.285361671875 0.13016378515625 0.280368609375 0.078425591796875 0.7499053072916667
0 0.10691573828125 0.751715796875 0.16112833984375 0.75931309375 0.211588509765625 0.285233109375 0.15932311328125 0.2746355494791667 0.10691573828125 0.751715796875
0 0.165088388671875 0.7609590963541667 0.220834212890625 0.7698623072916666 0.269761763671875 0.2944764921875 0.21742575 0.2849600859375 0.165088388671875 0.7609590963541667
0 0.224155849609375 0.76923675 0.278368453125 0.7768340494791667 0.326145998046875 0.3056512604166667 0.2754433203125 0.2963637473958333 0.224155849609375 0.76923675
0 0.28241416796875 0.7774010104166668 0.32691705078125 0.7836375989583333 0.3743128203125 0.3276759609375 0.331800892578125 0.31844524479166664 0.28241416796875 0.7774010104166668
0 0.336670326171875 0.7948238307291667 0.37900097265625 0.7974828645833334 0.425544044921875 0.3315823125 0.387176546875 0.32184134635416667 0.336670326171875 0.7948238307291667
0 0.379936693359375 0.7856124869791666 0.400974419921875 0.7885606927083333 0.44113349609375 0.3621342057291667 0.42500671484375 0.3609652630208333 0.379936693359375 0.7856124869791666
0 0.404125927734375 0.7900933906250001 0.4276761484375 0.7923026458333333 0.466941015625 0.36684189322916666 0.446859001953125 0.3640276197916667 0.404125927734375 0.7900933906250001
0 0.44309342578125 0.804282625 0.45467662890625 0.8026327447916667 0.49806615234375 0.314469328125 0.494914642578125 0.3129366328125 0.484480845703125 0.31038340625 0.477351546875 0.30938431250000004 0.4294230546875 0.8012758255208333 0.44309342578125 0.804282625
0 0.458977541015625 0.7999623307291667 0.4864884140625 0.8038176770833334 0.521749078125 0.36688531510416666 0.496994576171875 0.3612341510416666 0.458977541015625 0.7999623307291667
0 0.56267308203125 0.35625466666666666 0.54576613671875 0.3527942994791667 0.530559251953125 0.35066322135416667 0.492834982421875 0.8167085859375001 0.49734958203125 0.8217054427083333 0.506974236328125 0.82414528125 0.528650974609375 0.8293651276041666 0.543385685546875 0.8292479427083334 0.549475013671875 0.8246460624999999 0.58686231640625 0.3607355703125 0.582816599609375 0.36016860677083334 0.56267308203125 0.35625466666666666
0 0.5513049453125 0.8118099505208334 0.568126822265625 0.8163494479166666 0.579710025390625 0.8146995651041666 0.619867060546875 0.36754291145833334 0.61931311328125 0.36419214322916665 0.608879314453125 0.3616389140625 0.595038814453125 0.36079036718749996 0.589471232421875 0.36110117968750005 0.5513049453125 0.8118099505208334
0 0.58141337890625 0.8138472239583333 0.61603641015625 0.8208813541666666 0.65891758203125 0.3599228567708333 0.625933021484375 0.35530043489583335 0.58141337890625 0.8138472239583333
0 0.618505349609375 0.8103168854166666 0.63558242578125 0.8116190026041666 0.67208164453125 0.41086473958333336 0.656182587890625 0.4075456145833333 0.618505349609375 0.8103168854166666
0 0.636391568359375 0.8117323958333333 0.660665869140625 0.815134171875 0.699592517578125 0.4147200859375 0.676331123046875 0.4114602578125 0.636391568359375 0.8117323958333333
0 0.66219908984375 0.8164400833333333 0.690348974609375 0.8225670703125 0.729530818359375 0.41891560677083334 0.700486724609375 0.4137543515625 0.66219908984375 0.8164400833333333
0 0.691243181640625 0.8216013359375 0.720457408203125 0.82460434375 0.759384056640625 0.4241902578125 0.732985203125 0.419399703125 0.691243181640625 0.8216013359375
0 0.72271470703125 0.8271027708333333 0.74213414453125 0.8298241927083333 0.780336716796875 0.4282175859375 0.762845865234375 0.424675390625 0.72271470703125 0.8271027708333333
0 0.744646642578125 0.8290852421875 0.763981015625 0.8328857890625 0.803631740234375 0.43366422135416666 0.7829943984375 0.42859003125 0.744646642578125 0.8290852421875
0 0.76994376953125 0.8402676822916666 0.7901723515625 0.8431024947916667 0.830034720703125 0.43081803125 0.813450521484375 0.42631184375 0.76994376953125 0.8402676822916666
0 0.790298927734375 0.8311187239583333 0.806481794921875 0.8333865755208333 0.84217187109375 0.43251891927083336 0.83084386328125 0.430931421875 0.790298927734375 0.8311187239583333
0 0.807290939453125 0.83349996875 0.82598630078125 0.8350288697916667 0.8614211796875 0.4373985885416667 0.844344103515625 0.4360964713541667 0.807290939453125 0.83349996875
0 0.884079234375 0.46130374479166664 0.86265281640625 0.4561189765625 0.8283286640625 0.836448171875 0.849451455078125 0.8383172526041666 0.85136644921875 0.824402015625 0.884079234375 0.46130374479166664
0 0.85277309375 0.8376916953125 0.87461996484375 0.8407532942708333 0.90916267578125 0.46481891406250003 0.8884667578125 0.4608275625 0.85277309375 0.8376916953125
0 0.931905798828125 0.4876449453125 0.910058927734375 0.48458334635416667 0.876408380859375 0.838821828125 0.8818171875 0.842852953125 0.898170185546875 0.8429625546875 0.931905798828125 0.4876449453125
0 0.9028549140625 0.8458011588541666 0.92623500390625 0.8501686666666667 0.95788344921875 0.49019438020833334 0.936220498046875 0.4882496041666667 0.9028549140625 0.8458011588541666