0 0.53202756640625 0 0.2806161953125 0.11796214322916666 0.28193984765625 0.13813469270833334 0.57718760546875 0.0064145729166666665 0.57663503125 0 0.53202756640625 0
0 0.28544584375 0.150067078125 0.2870799453125 0.1832707447916667 0.57951033984375 0.058412940104166665 0.57682045703125 0.017418924479166667 0.28544584375 0.150067078125
0 0.56054518359375 0.11797631510416667 0.566186251953125 0.12094809114583333 0.586839130859375 0.112005234375 0.58346780078125 0.06892578385416666 0.289363181640625 0.1931678828125 0.292665966796875 0.226902859375 0.56054518359375 0.11797631510416667
0 0.286842150390625 0.23774569270833334 0.29061132421875 0.26198874739583333 0.564152072265625 0.14804600260416667 0.56015285546875 0.12029708072916667 0.286842150390625 0.23774569270833334
0 0.5660225390625 0.18485191145833335 0.56183478125 0.15422959375 0.287017125 0.2653118671875 0.28791531640625 0.27900038541666666 0.2909281171875 0.2917162682291667 0.5660225390625 0.18485191145833335
0 0.28896167578125 0.3115466510416667 0.292069021484375 0.3257034296875 0.59216689453125 0.21810026822916664 0.589270138671875 0.182253359375 0.58858046875 0.18004260416666665 0.2878271171875 0.294255890625 0.28896167578125 0.3115466510416667
0 0.588511302734375 0.2453873203125 0.58710115234375 0.22389651302083333 0.28513745703125 0.32796393229166665 0.28769021484375 0.366868140625 0.59105771484375 0.267595125 0.588511302734375 0.2453873203125
0 0.288561595703125 0.37184822916666666 0.29174937109375 0.41213028645833333 0.595285501953125 0.32372704166666666 0.591728466796875 0.2778174453125 0.288561595703125 0.37184822916666666
0 0.312408595703125 0.41988383593749995 0.3159682109375 0.4492330729166667 0.568213291015625 0.3842361171875 0.563839626953125 0.35078060937500005 0.312408595703125 0.41988383593749995
0 0.31865009765625 0.45690581770833333 0.32211516796875 0.4848141588541666 0.572340185546875 0.422230734375 0.568791314453125 0.393045234375 0.31865009765625 0.45690581770833333
0 0.321365138671875 0.489983390625 0.323654720703125 0.5165769322916667 0.576656173828125 0.4631071484375 0.572871544921875 0.43032869791666667 0.321365138671875 0.489983390625
0 0.323938361328125 0.5208996197916667 0.326275216796875 0.5482136067708333 0.5784793671875 0.4991926067708334 0.5758708359375 0.46773825 0.323938361328125 0.5208996197916667
0 0.578235228515625 0.5369711510416667 0.576613677734375 0.5039587395833333 0.57507426171875 0.5053975208333333 0.3250319921875 0.5541663359375 0.327720224609375 0.5785354817708334 0.578235228515625 0.5369711510416667
0 0.583159421875 0.570516984375 0.581376232421875 0.5433410364583333 0.580140279296875 0.5411047005208333 0.33011847265625 0.5818855364583333 0.331583943359375 0.6042194348958333 0.583159421875 0.570516984375
0 0.30982331640625 0.6045799557291667 0.310869671875 0.63712621875 0.621194123046875 0.6023783177083334 0.61799958203125 0.5702930052083334 0.30982331640625 0.6045799557291667
0 0.31204516015625 0.6384410234375 0.313983365234375 0.6679794036458334 0.62414553125 0.6390581328125 0.62045840234375 0.6077656067708334 0.31204516015625 0.6384410234375
0 0.31191603125 0.6696724869791667 0.31502972265625 0.7005256692708333 0.626042806640625 0.6845724661458333 0.62301179296875 0.6466794635416667 0.31191603125 0.6696724869791667
0 0.314772892578125 0.7049114036458333 0.317886583984375 0.7357645859374999 0.6294280234375 0.7278635390625 0.626342080078125 0.6891334036458333 0.314772892578125 0.7049114036458333
0 0.314043939453125 0.7436012005208333 0.3185222109375 0.7786509817708334 0.608321482421875 0.7796916588541666 0.60441212109375 0.7367124244791667 0.314043939453125 0.7436012005208333
0 0.32367008203125 0.7824062500000001 0.32795926171875 0.8145742343750001 0.61670440234375 0.8244494322916666 0.612843064453125 0.7822020807291666 0.32367008203125 0.7824062500000001
0 0.325425541015625 0.8257592369791666 0.328397412109375 0.8544510755208333 0.613501080078125 0.8669289453125 0.610606458984375 0.8311145572916666 0.325425541015625 0.8257592369791666
0 0.6192761953125 0.9134428515624999 0.61624048046875 0.8754781901041667 0.3302551875 0.8578641770833334 0.33009925 0.8803872135416667 0.3339093515625 0.8886543151041667 0.6192761953125 0.9134428515624999
0 0.33118653515625 0.8969575260416667 0.33131423828125 0.9238032500000001 0.620889833984375 0.9546344947916667 0.61898301171875 0.9172745572916666 0.33118653515625 0.8969575260416667
0 0.60407769140625 0.98976909375 0.6249689921875 0.9873320911458333 0.62163097265625 0.9576296640624999 0.334252955078125 0.9270902578125 0.334427927734375 0.9546564296875001 0.60407769140625 0.98976909375
0 0.51637286328125 1 0.54647415234375 0.9964886380208333 0.3336101640625 0.9670931927083334 0.33576939453125 1 0.51637286328125 1