0 0.32836067578125 0 0.328292302734375 0.018173716145833334 0.728227484375 0.0355841171875 0.728850353515625 0.029316716145833335 0.5196529140625 0 0.32836067578125 0
0 0.327573572265625 0.021100656250000002 0.3264626640625 0.05784718489583333 0.751984677734375 0.08533875520833334 0.75639462890625 0.04072178125 0.327573572265625 0.021100656250000002
0 0.750963751953125 0.098290015625 0.751101541015625 0.08521499479166667 0.3244179921875 0.06113177864583333 0.325641193359375 0.07671869270833333 0.750963751953125 0.098290015625
0 0.300157375 0.0743974609375 0.29811552734375 0.10029997916666666 0.841835482421875 0.13483256770833332 0.847781064453125 0.1047155546875 0.300157375 0.0743974609375
0 0.842443001953125 0.16110636718750002 0.84244016796875 0.138488515625 0.295978041015625 0.1047619921875 0.296665259765625 0.13288379166666667 0.842443001953125 0.16110636718750002
0 0.32373176953125 0.14912479427083333 0.318677828125 0.24721919270833334 0.7395536171875 0.2883444088541667 0.75165073046875 0.17831541406249998 0.32373176953125 0.14912479427083333
0 0.72780875390625 0.4033570364583334 0.73978707421875 0.29670989583333335 0.32086316015625 0.25347743489583335 0.318874962890625 0.34940489583333334 0.72780875390625 0.4033570364583334
0 0.31571634375 0.35274924739583335 0.315072322265625 0.4062266666666667 0.7169413359375 0.4732577317708333 0.72460250390625 0.4100501380208333 0.31571634375 0.35274924739583335
0 0.709977650390625 0.5389438489583334 0.71638446875 0.48032203385416666 0.315584228515625 0.41105996614583334 0.314441875 0.46792590364583336 0.709977650390625 0.5389438489583334
0 0.311641189453125 0.4724079140625 0.3115540390625 0.518820953125 0.696598666015625 0.5953983229166667 0.703517353515625 0.5416097213541667 0.311641189453125 0.4724079140625
0 0.6942812109375 0.6474508828125 0.69869116796875 0.6028338255208333 0.311182783203125 0.5235306458333333 0.31118844140625 0.5687663385416667 0.6942812109375 0.6474508828125
0 0.309236583984375 0.5708735078125 0.307056904296875 0.6098510442708334 0.665143810546875 0.6886024973958333 0.67094875390625 0.6489426536458334 0.309236583984375 0.5708735078125
0 0.3076616171875 0.6135069973958334 0.30380850390625 0.6510596640625 0.66091948046875 0.730864703125 0.66477256640625 0.6933120286458333 0.3076616171875 0.6135069973958334
0 0.661105109375 0.7285098567708334 0.659757908203125 0.7342731328125001 0.310502283203125 0.6567592838541666 0.31037926171875 0.6938577864583334 0.668966064453125 0.7760368984375 0.673468830078125 0.7302424973958334 0.661105109375 0.7285098567708334
0 0.30599948828125 0.7025536796875 0.304610150390625 0.7428323203125 0.663757861328125 0.8324092838541667 0.668223576171875 0.7854559661458334 0.30599948828125 0.7025536796875
0 0.677206767578125 0.8867079427083334 0.68417328125 0.843639671875 0.303263005859375 0.7485954427083333 0.301445919921875 0.7947278125 0.677206767578125 0.8867079427083334
0 0.300248017578125 0.798169546875 0.29876587109375 0.83962553125 0.669649375 0.9445216380208333 0.67400053125 0.8934010468750001 0.300248017578125 0.798169546875
0 0.638872544921875 0.9765673489583334 0.641192830078125 0.9471326380208334 0.297233099609375 0.8477435 0.296190337890625 0.8738558906249999 0.638872544921875 0.9765673489583334
0 0.637569298828125 1 0.63850130078125 0.9812768802083333 0.29853810546875 0.8764959062500001 0.29868159765625 0.9086565833333333 0.59765317578125 1 0.637569298828125 1
0 0.55128280859375 1 0.29333784765625 0.9198116979166667 0.29277510546875 0.9545511302083334 0.4147196875 0.9908030442708333 0.480347083984375 1 0.55128280859375 1