0 0.775674970703125 0.7350055416666667 0.768333306640625 0.6960194479166667 0.41532559375 0.8449752031250001 0.423903251953125 0.8867528020833334 0.775674970703125 0.7350055416666667
0 0.765160544921875 0.6913162213541666 0.757818880859375 0.6523301328125 0.406431505859375 0.7953404140624999 0.41420850390625 0.837312640625 0.765160544921875 0.6913162213541666
0 0.760571193359375 0.6427759713541666 0.743711244140625 0.589680203125 0.39889255078125 0.726567640625 0.408042166015625 0.7836418776041666 0.760571193359375 0.6427759713541666
0 0.744377490234375 0.5828769036458333 0.730069333984375 0.5302248854166667 0.3866931015625 0.6656333697916667 0.3983923125 0.7231362994791667 0.744377490234375 0.5828769036458333
0 0.729293123046875 0.5249005390625 0.72086476171875 0.47846035937500003 0.42943643359375 0.5948797890625 0.438663642578125 0.6411129244791667 0.729293123046875 0.5249005390625
0 0.4181684375 0.5403347369791667 0.4289318828125 0.5914188671875 0.721531009765625 0.47165705989583334 0.7162527734375 0.4354514947916666 0.713413134765625 0.42734661979166666 0.4181684375 0.5403347369791667
0 0.71472298828125 0.41927141145833335 0.707892330078125 0.3724171484375 0.40898650390625 0.4830388203125 0.418305451171875 0.53558790625 0.71472298828125 0.41927141145833335
0 0.397252779296875 0.4252991614583333 0.40847787109375 0.47954990364583333 0.7061846640625 0.36070358333333336 0.700861150390625 0.335560796875 0.6976010625 0.31319853645833334 0.397252779296875 0.4252991614583333
0 0.33370602734375 0.42728048697916665 0.334564544921875 0.4445427604166667 0.6913710078125 0.31027081770833337 0.693812837890625 0.2985869192708333 0.691173720703125 0.28048413541666667 0.687402626953125 0.26599004427083334 0.6829652890625 0.2582992526041667 0.323789931640625 0.39338203645833336 0.324410900390625 0.397641515625 0.329624451171875 0.41065665364583337 0.33370602734375 0.42728048697916665
0 0.320840328125 0.373149515625 0.322828701171875 0.3867885703125 0.678350068359375 0.25507497916666666 0.6795273203125 0.24040351041666666 0.676089349609375 0.22250776822916665 0.670232193359375 0.2107645390625 0.311102115234375 0.334784546875 0.311567841796875 0.33797915625 0.314740603515625 0.3426823776041667 0.3186669375 0.35824134114583334 0.320840328125 0.373149515625
0 0.66561697265625 0.20754026562500003 0.656211880859375 0.16577364583333334 0.311085935546875 0.26074675260416663 0.318993419921875 0.30930071354166666 0.66561697265625 0.20754026562500003
0 0.65749909765625 0.163229828125 0.6471399140625 0.12060538020833333 0.301237755859375 0.21025413802083334 0.3099766015625 0.25882405468749997 0.65749909765625 0.163229828125
0 0.65692663671875 0.10812297916666667 0.64974021484375 0.0702017578125 0.288527298828125 0.15718803645833332 0.296475865234375 0.19465042968750002 0.65692663671875 0.10812297916666667
0 0.64863087890625 0.06827905729166667 0.641910185546875 0.0335524453125 0.2818518828125 0.11139864583333332 0.28933294921875 0.14565428125 0.64863087890625 0.06827905729166667