0 0.5493696875 1 0.725919044921875 0.9369249895833334 0.488716431640625 1 0.5493696875 1
0 0.473983708984375 1 0.755893705078125 0.9262160755208333 0.829387955078125 0.899959109375 0.822566044921875 0.8759027994791667 0.388990296875 0.9948663203125 0.390021970703125 1 0.473983708984375 1
0 0.382574919921875 0.9713277473958333 0.387898650390625 0.9894342109375001 0.823295888671875 0.8711497812500001 0.81739978125 0.8418103515625001 0.38146581640625 0.9616163828125001 0.382574919921875 0.9713277473958333
0 0.81414303515625 0.8339893307291667 0.807137822265625 0.7949385364583333 0.36873318359375 0.9066427083333334 0.37790140625 0.9480720208333334 0.81414303515625 0.8339893307291667
0 0.804877724609375 0.7878845156250001 0.798658583984375 0.7485528828125 0.359257296875 0.8594900546875 0.366838005859375 0.8972121770833333 0.804877724609375 0.7878845156250001
0 0.796819634765625 0.7435945364583333 0.792860595703125 0.7113169244791666 0.347016380859375 0.8279251380208333 0.352080908203125 0.8573189531250001 0.796819634765625 0.7435945364583333
0 0.790446150390625 0.7076872526041668 0.7854904609375 0.674642640625 0.338284677734375 0.7928603619791667 0.34491957421875 0.8216836692708333 0.790446150390625 0.7076872526041668
0 0.781082720703125 0.6694789661458334 0.776337607421875 0.6374821901041666 0.392649345703125 0.7363764921875 0.39870707421875 0.76652015625 0.781082720703125 0.6694789661458334
0 0.77459677734375 0.6246273151041667 0.7680689453125 0.5921443750000001 0.385124865234375 0.7031265546875001 0.39012778515625 0.7280214192708333 0.77459677734375 0.6246273151041667
0 0.76381555078125 0.5835563541666667 0.760698810546875 0.5554700911458333 0.362033283203125 0.6720690026041667 0.367609818359375 0.6956258359374999 0.76381555078125 0.5835563541666667
0 0.758649287109375 0.54946390625 0.75359548046875 0.5243158255208333 0.357611203125 0.6500644296875 0.361558060546875 0.6697042578125 0.758649287109375 0.54946390625
0 0.7511666953125 0.5038452552083333 0.740427357421875 0.45040558333333336 0.341621822265625 0.5872697369791667 0.3514630625 0.6362404166666666 0.7511666953125 0.5038452552083333
0 0.73759176171875 0.444680234375 0.729210640625 0.3903980520833333 0.33004018359375 0.5296387161458334 0.340299806640625 0.580691296875 0.73759176171875 0.444680234375
0 0.728085607421875 0.3806074192708333 0.71487559375 0.319065890625 0.291028197265625 0.47386118489583334 0.302774904296875 0.5323135911458333 0.728085607421875 0.3806074192708333
0 0.715451091796875 0.31773721875 0.701609353515625 0.25305217708333333 0.277818185546875 0.41231965625 0.28992662890625 0.4683797005208334 0.715451091796875 0.31773721875
0 0.6967804609375 0.24579283333333335 0.683556111328125 0.16741040625 0.2654780234375 0.3257598619791667 0.2795343203125 0.3957049479166667 0.6967804609375 0.24579283333333335
0 0.68056616796875 0.16510940625 0.670879705078125 0.1169089140625 0.275078451171875 0.27291496875 0.285649537109375 0.31713262760416666 0.68056616796875 0.16510940625
0 0.668086 0.09881485416666667 0.652447203125 0.01680275260416667 0.2467500390625 0.18645188541666669 0.264267337890625 0.26523438541666666 0.668086 0.09881485416666667
0 0.450630314453125 0 0.4326171640625 0.006435479166666667 0.2264366953125 0.09375609114583333 0.24663758203125 0.17750752083333332 0.647618310546875 0.009543406249999999 0.646065533203125 0 0.450630314453125 0