0 0.11307171484375 0.7770928229166666 0.166057119140625 0.7845742968749999 0.252232298828125 0.14021505208333332 0.197338603515625 0.1258243203125 0.11307171484375 0.7770928229166666
0 0.30027016015625 0.15285096875 0.253221830078125 0.1391841796875 0.1678196875 0.7848628515625 0.2216836875 0.7909882421875 0.30027016015625 0.15285096875
0 0.2253196953125 0.7918905911458333 0.274671744140625 0.7999701510416667 0.3492952421875 0.16382017708333332 0.304568388671875 0.154747515625 0.2253196953125 0.7918905911458333
0 0.304419005859375 0.8072259010416666 0.38373475 0.8202109010416666 0.43887912890625 0.2808114166666667 0.360476748046875 0.26648772395833337 0.304419005859375 0.8072259010416666
0 0.54083070703125 0.2411416796875 0.466029625 0.22770291927083333 0.4008992734375 0.8321348749999999 0.479918751953125 0.8443075885416667 0.54083070703125 0.2411416796875
0 0.48520639453125 0.8451732447916666 0.569809841796875 0.85902390625 0.62634097265625 0.25377939322916665 0.546010248046875 0.24318252864583334 0.48520639453125 0.8451732447916666
0 0.719948302734375 0.2680797734375 0.62994887890625 0.2545385911458333 0.575870634765625 0.861209046875 0.66830246484375 0.877224046875 0.719948302734375 0.2680797734375
0 0.672920328125 0.8759044088541666 0.766893263671875 0.8948676328124999 0.817884857421875 0.27857826041666667 0.72996710546875 0.26614136197916666 0.672920328125 0.8759044088541666
0 0.849713787109375 0.28693829427083334 0.826692142578125 0.2843622265625 0.77052673828125 0.8942695651041667 0.795202673828125 0.8983093307291666 0.849713787109375 0.28693829427083334
0 0.796733236328125 0.891402671875 0.819538451171875 0.8963290078125 0.8812624921875 0.295513296875 0.853687302734375 0.2923602942708333 0.796733236328125 0.891402671875
0 0.938955564453125 0.3087055598958333 0.8818884921875 0.2969771875 0.821301078125 0.8966175703125 0.879963275390625 0.9079400364583333 0.938955564453125 0.3087055598958333