0 0.547523708984375 1 0.55418381640625 0.998280078125 0.748402291015625 0.9288925 0.743513142578125 0.9045637682291666 0.457326166015625 0.9813523177083333 0.460293654296875 1 0.547523708984375 1
0 0.74239007421875 0.8989753072916667 0.733162248046875 0.8558519453125001 0.44757429296875 0.9384161822916667 0.454328865234375 0.9748223203125 0.74239007421875 0.8989753072916667
0 0.731477646484375 0.8474692526041667 0.723794041015625 0.8120300286458333 0.440021509765625 0.8924482526041667 0.446071728515625 0.9253494739583333 0.731477646484375 0.8474692526041667
0 0.43362928125 0.8550502395833334 0.440585333984375 0.8868690963541667 0.4424638828125 0.8878321145833333 0.72239020703125 0.8050444505208333 0.716494099609375 0.7757050208333333 0.43362928125 0.8550502395833334
0 0.71673737890625 0.7741206796875 0.708950875 0.7409643541666666 0.3987326484375 0.832328140625 0.404741759765625 0.8622298880208333 0.71673737890625 0.7741206796875
0 0.70607779296875 0.7322575520833333 0.700630763671875 0.6967679869791666 0.39059040625 0.7918117864583333 0.396494705078125 0.8239869036458334 0.70607779296875 0.7322575520833333
0 0.688324060546875 0.6495036223958334 0.403859171875 0.7376563229166666 0.408323517578125 0.7682559817708333 0.4112681484375 0.7745238958333333 0.6967470703125 0.6914170911458334 0.6910567578125 0.6575118671875 0.688324060546875 0.6495036223958334
0 0.687650068359375 0.6377650234375 0.683822228515625 0.6159225078125 0.6792366171875 0.6070788203125 0.396418845703125 0.7006327578125 0.401163958984375 0.7326295338541667 0.402356626953125 0.7357694062500001 0.68800580859375 0.6451250520833333 0.687650068359375 0.6377650234375
0 0.678918365234375 0.6027002499999999 0.674772271484375 0.5764791588541667 0.393947794921875 0.6715670989583334 0.397075818359375 0.6927221927083332 0.678918365234375 0.6027002499999999
0 0.673405923828125 0.5724750364583333 0.667444404296875 0.5483999635416666 0.380125552734375 0.6503003880208333 0.385769802734375 0.6727967161458334 0.673405923828125 0.5724750364583333
0 0.66561941796875 0.5393187135416667 0.656391591796875 0.4961953515625 0.3613149140625 0.5986212473958333 0.369456435546875 0.6419289348958334 0.66561941796875 0.5393187135416667
0 0.350246365234375 0.5463383229166666 0.350321337890625 0.5523012369791667 0.353447259765625 0.5706509635416667 0.357736546875 0.5891998229166667 0.65406430859375 0.49020446875 0.644621126953125 0.440419640625 0.350246365234375 0.5463383229166666
0 0.362408033203125 0.5367521666666667 0.64349805859375 0.4348311770833333 0.6382663828125 0.4060030833333333 0.357516876953125 0.5070539322916666 0.362408033203125 0.5367521666666667
0 0.6382288984375 0.40302162760416665 0.631911640625 0.37158652604166664 0.350815955078125 0.4765046145833333 0.356261791015625 0.5036034661458334 0.6382288984375 0.40302162760416665
0 0.332267720703125 0.44569566145833334 0.337187765625 0.4729730729166666 0.338547490234375 0.4741493046875 0.62865489453125 0.3637655078125 0.6236665 0.33335307291666666 0.332267720703125 0.44569566145833334
0 0.621738615234375 0.32655471875000003 0.6150376953125 0.2960053984375 0.32248791796875 0.41100533593750005 0.327789818359375 0.43738795572916667 0.621738615234375 0.32655471875000003
0 0.613811728515625 0.29269983072916667 0.607213703125 0.25986761458333335 0.3154687421875 0.3760774427083333 0.3216114140625 0.40664378906250004 0.613811728515625 0.29269983072916667
0 0.427820875 0.3314456197916667 0.560049357421875 0.2767178125 0.606511787109375 0.256374828125 0.601139728515625 0.2268481744791667 0.3090111015625 0.34394378385416663 0.315571640625 0.37379454687499997 0.359067650390625 0.3582549192708333 0.427820875 0.3314456197916667
0 0.60015704296875 0.22195826822916667 0.591528236328125 0.18461059635416666 0.306146826171875 0.304536640625 0.312323642578125 0.33806780989583335 0.60015704296875 0.22195826822916667
0 0.590199375 0.1835879296875 0.58201964453125 0.14009011979166666 0.295103576171875 0.2635592942708333 0.301802349609375 0.29689284374999997 0.590199375 0.1835879296875
0 0.57795808203125 0.13105920833333332 0.573353353515625 0.09976099218750001 0.278052513671875 0.22622575781249998 0.28313949609375 0.25712878385416665 0.57795808203125 0.13105920833333332
0 0.570658140625 0.09473420312500001 0.5660908984375 0.06641744270833333 0.272502583984375 0.19301909375 0.277026259765625 0.2211190494791667 0.276508294921875 0.21854161979166667 0.276583265625 0.22450453125 0.570658140625 0.09473420312500001
0 0.562945703125 0.05915152604166667 0.55981978125 0.040801796875 0.267036283203125 0.16861333854166669 0.27066980859375 0.18669400260416666 0.562945703125 0.05915152604166667
0 0.552697708984375 0.0081568046875 0.256704509765625 0.142356046875 0.2579679609375 0.14864306510416667 0.260374267578125 0.16341192708333332 0.556385166015625 0.029300763020833332 0.5550467421875 0.01705083333333333 0.552697708984375 0.0081568046875
0 0.511423123046875 0 0.2509862734375 0.11669663020833333 0.255459626953125 0.13895634375000002 0.552800607421875 0.005873906250000001 0.551471337890625 0 0.511423123046875 0
0 0.464254091796875 0 0.256385505859375 0.09604986979166667 0.25878933984375 0.11080643489583332 0.5033100546875 0 0.464254091796875 0
0 0.4506303125 0 0.249949650390625 0.071696296875 0.25419316015625 0.09073045833333333 0.255159541015625 0.0927443046875 0.455957685546875 0 0.4506303125 0