0 0.480347078125 0 0.231758232421875 0.034836986979166665 0.2358153046875 0.067628859375 0.240580634765625 0.10731975260416667 0.244114244140625 0.12100464322916667 0.620786396484375 0 0.480347078125 0
0 0.644584228515625 0 0.243645078125 0.12543349479166668 0.243516087890625 0.13417777604166667 0.255812115234375 0.23825987760416667 0.260070021484375 0.2507524869791667 0.701936431640625 0.13647254166666667 0.708540171875 0.12682089322916668 0.70573370703125 0.0912185859375 0.701267455078125 0.044941125 0.698323609375 0 0.644584228515625 0
0 0.6667508203125 0.20914486458333334 0.662338033203125 0.15316503645833332 0.254923720703125 0.2581316927083333 0.259178783203125 0.2913494401041667 0.263521736328125 0.30492090625 0.6667508203125 0.20914486458333334
0 0.672237607421875 0.2683686223958333 0.669444666015625 0.21217666666666668 0.2638619140625 0.3092363359375 0.26666837890625 0.34483864322916663 0.267433779296875 0.35454836197916667 0.672237607421875 0.2683686223958333
0 0.62320495703125 0.3003278515625 0.62184424609375 0.283066125 0.269137509765625 0.35540038020833337 0.269008521484375 0.3641446614583333 0.270583265625 0.37374096354166664 0.62320495703125 0.3003278515625
0 0.625715189453125 0.3217915859375 0.624451890625 0.3057656119791667 0.2692197109375 0.3772043776041667 0.269985109375 0.3869140963541667 0.270750509765625 0.3966238151041667 0.625715189453125 0.3217915859375
0 0.276157939453125 0.41331843489583336 0.2797326484375 0.43790532552083333 0.2810083125 0.4540881901041667 0.284201744140625 0.4634576484375 0.683082189453125 0.3955604140625 0.67688667578125 0.3169652421875 0.27560657421875 0.3959432916666667 0.276157939453125 0.41331843489583336
0 0.283814779296875 0.48969049739583337 0.287984798828125 0.5218293854166667 0.2896445859375 0.5325045442708333 0.689460517578125 0.47647474739583334 0.690313806640625 0.4665381848958334 0.684246060546875 0.3999444739583333 0.283562490234375 0.46572878385416666 0.283814779296875 0.48969049739583337
0 0.289175419921875 0.5369333932291667 0.29534540625 0.584062875 0.704744474609375 0.5354163125 0.70050823046875 0.48167607552083336 0.289175419921875 0.5369333932291667
0 0.70771818359375 0.5939014739583334 0.703653208984375 0.5423339322916666 0.296324837890625 0.5861071666666667 0.29862103515625 0.6152363281250001 0.300621001953125 0.6302269166666666 0.70771818359375 0.5939014739583334
0 0.75456940234375 0.6276944947916666 0.7519513203125 0.594481984375 0.299257447265625 0.6336903307291667 0.299298546875 0.644592328125 0.3030872890625 0.6615137890625 0.75456940234375 0.6276944947916666
0 0.757035689453125 0.6589813697916667 0.755567826171875 0.6299797005208333 0.30163869140625 0.6638983489583333 0.30265922265625 0.676844640625 0.30538348828125 0.6906429505208332 0.757035689453125 0.6589813697916667
0 0.304744232421875 0.6929140859374999 0.30640117578125 0.7243143802083334 0.738415087890625 0.7030403203125001 0.7361824375 0.6643366927083333 0.304744232421875 0.6929140859374999
0 0.307380607421875 0.7263586744791667 0.310826328125 0.7596898463541667 0.74100751953125 0.7463080494791666 0.740373953125 0.7071289088541667 0.307380607421875 0.7263586744791667
0 0.31180576171875 0.7617341406249999 0.3146122265625 0.7973364453124999 0.762384953125 0.7891248203125 0.76038783203125 0.7534090963541668 0.31180576171875 0.7617341406249999
0 0.314398193359375 0.8050018697916667 0.320186900390625 0.8369139192708334 0.73000550390625 0.8351119218749999 0.726880974609375 0.7954747005208334 0.314398193359375 0.8050018697916667
0 0.737923166015625 0.8732702786458333 0.736034064453125 0.8389248932291666 0.322656033203125 0.84747565625 0.32499617578125 0.8667816744791667 0.330063427734375 0.8791608645833334 0.737923166015625 0.8732702786458333
0 0.729994125 0.9180124765625001 0.727296525390625 0.88379121875 0.32708118359375 0.8828511223958334 0.328101716796875 0.8957974140624999 0.33065589453125 0.9074380078125 0.729994125 0.9180124765625001
0 0.333594193359375 0.9135708932291666 0.3367436796875 0.9327634895833333 0.73365387890625 0.9436782239583333 0.732616783203125 0.9201412161458333 0.333594193359375 0.9135708932291666
0 0.769835830078125 0.9649396223958333 0.33410161328125 0.9407691796875 0.3369520234375 0.96654834375 0.625055556640625 0.9852289817708333 0.769835830078125 0.9649396223958333
0 0.519652919921875 1 0.61038437109375 0.9872849869791667 0.338101544921875 0.9707503515624999 0.339333265625 0.996756359375 0.381469888671875 1 0.519652919921875 1