0 0.49672746484375 0 0.485507923828125 0.0002611171875 0.241275236328125 0.02297296354166667 0.241459826171875 0.037073221354166665 0.244085453125 0.051116666666666664 0.679019875 0.011700182291666666 0.678866705078125 0 0.49672746484375 0
0 0.248239037109375 0.05752979166666666 0.24593999609375 0.06843295572916668 0.24773774609375 0.081410703125 0.67776169921875 0.0399385703125 0.6776623046875 0.032346124999999996 0.676635638671875 0.016095536458333334 0.675779361328125 0.012860567708333333 0.248239037109375 0.05752979166666666
0 0.62738033203125 0.10837898958333332 0.626481458984375 0.10189011458333334 0.625355396484375 0.07804707552083333 0.62594301953125 0.06076042708333334 0.26415330078125 0.0918783125 0.265534951171875 0.13524478385416666 0.62738033203125 0.10837898958333332
0 0.264792267578125 0.14068689583333333 0.2653460390625 0.18298766927083332 0.629575662109375 0.15172652083333335 0.6290231796875 0.10952430208333334 0.264792267578125 0.14068689583333333
0 0.2662733125 0.19164581510416667 0.268241451171875 0.21763918229166668 0.62925895703125 0.18970769010416666 0.628919640625 0.16378844791666666 0.2662733125 0.19164581510416667
0 0.269154525390625 0.22521269270833333 0.271094265625 0.24903679427083333 0.628071779296875 0.2233692552083333 0.627718369140625 0.19637344791666667 0.269154525390625 0.22521269270833333
0 0.294118640625 0.2669453515625 0.293503751953125 0.28214917968750003 0.296872060546875 0.290750515625 0.573196041015625 0.25936530208333336 0.572254572265625 0.24962252083333333 0.572885353515625 0.23563281770833333 0.571227904296875 0.23337193229166667 0.294118640625 0.2669453515625
0 0.236030791015625 0.30627105208333333 0.237526033203125 0.3583146015625 0.74386534375 0.302046765625 0.743694951171875 0.2890311432291667 0.744111048828125 0.25864242187500003 0.74471346875 0.24248613541666666 0.743055984375 0.24022255989583333 0.236030791015625 0.30627105208333333
0 0.6464468359375 0.38351651822916666 0.647832802734375 0.36503984635416664 0.647577216796875 0.3455164140625 0.64582409375 0.3359473463541667 0.64418051171875 0.33474580989583336 0.253213107421875 0.3753089609375 0.250857267578125 0.3818735833333333 0.25099926171875 0.39271993749999995 0.251969130859375 0.40463198697916664 0.25209692578125 0.414393703125 0.256293109375 0.424060734375 0.645746751953125 0.3922125390625 0.6464468359375 0.38351651822916666
0 0.58317441015625 0.4620216458333333 0.582480904296875 0.40904705208333336 0.261274572265625 0.43153955729166665 0.2600731953125 0.4641164869791667 0.26272721875 0.480329203125 0.58317441015625 0.4620216458333333
0 0.650549185546875 0.5103620234375 0.650251001953125 0.48758468489583334 0.648384716796875 0.4693716223958333 0.26127025390625 0.49338270052083333 0.25982748828125 0.5075208307291666 0.25838472265625 0.5216589635416666 0.258540916015625 0.5335899505208334 0.260395458984375 0.5509062369791666 0.263777966796875 0.5605922083333333 0.648661923828125 0.5527196067708333 0.65003369140625 0.533158296875 0.650549185546875 0.5103620234375
0 0.636537626953125 0.6213546145833333 0.63573101953125 0.5597406015625 0.634072513671875 0.5573990130208334 0.2719857421875 0.5658260104166667 0.274408259765625 0.6265277083333333 0.636537626953125 0.6213546145833333
0 0.63748898046875 0.6940251744791667 0.637453677734375 0.62915553125 0.637422302734375 0.6267588541666667 0.274450857421875 0.6297816119791667 0.273632859375 0.6916436927083334 0.63748898046875 0.6940251744791667
0 0.679074970703125 0.6998123541666667 0.676659125 0.7017932760416666 0.281112154296875 0.7034042447916667 0.2813109453125 0.7185891380208332 0.28075285546875 0.7381315078125 0.28346367578125 0.758682765625 0.679266232421875 0.7765952291666666 0.678338958984375 0.7679370833333333 0.67955453515625 0.7364447890625 0.679074970703125 0.6998123541666667
0 0.28366246484375 0.7738676588541668 0.281832 0.8205637812500001 0.674290328125 0.8938873229166666 0.677709232421875 0.844180359375 0.28366246484375 0.7738676588541668
0 0.28441502734375 0.8313533203125 0.2814585 0.8542064088541667 0.28251356640625 0.8726262708333333 0.671816578125 0.9536180052083334 0.67497189453125 0.9459498125 0.678547197265625 0.9081897057291667 0.6769443515625 0.9101000390624999 0.28441502734375 0.8313533203125
0 0.65609678515625 0.9962975208333332 0.65877335546875 0.9520592994791667 0.65714197265625 0.9517896041666667 0.2850681953125 0.8812465416666666 0.283124134765625 0.9192655833333333 0.65609678515625 0.9962975208333332