0 0.100682494140625 0.7381196302083333 0.13085026953125 0.7473959973958334 0.15053404296875 0.28985722135416664 0.115991259765625 0.27777937239583333 0.100682494140625 0.7381196302083333
0 0.14706176171875 0.7389197291666667 0.178793703125 0.7487941171875 0.21299755859375 0.30245074739583333 0.178918341796875 0.2882925416666667 0.14706176171875 0.7389197291666667
0 0.198806470703125 0.7383847890625 0.2245060625 0.7448240494791666 0.259110275390625 0.35958879427083335 0.2305066640625 0.35091045052083336 0.198806470703125 0.7383847890625
0 0.228974244140625 0.74766115625 0.2517698203125 0.7518613333333333 0.288047337890625 0.37065221875000004 0.262014291015625 0.36182787499999997 0.228974244140625 0.74766115625
0 0.250969634765625 0.7752601406249999 0.271752416015625 0.7809483697916666 0.316681119140625 0.33983419791666664 0.293913025390625 0.33225813541666666 0.250969634765625 0.7752601406249999
0 0.293875048828125 0.78827765625 0.340143603515625 0.34880454427083335 0.31824528515625 0.3404322213541667 0.273650037109375 0.7839314739583334 0.28381711328125 0.787818625 0.293875048828125 0.78827765625
0 0.295663529296875 0.787832640625 0.333318677734375 0.7977140416666666 0.375883029296875 0.37940065364583336 0.34094767578125 0.36943030989583336 0.295663529296875 0.787832640625
0 0.334876810546875 0.8062113359374999 0.370185708984375 0.815195703125 0.416999962890625 0.39286318229166667 0.377156720703125 0.3821452135416667 0.334876810546875 0.8062113359374999
0 0.369506732421875 0.8262240807291666 0.393308705078125 0.8296802369791667 0.445154943359375 0.4036275963541667 0.42118853515625 0.3978509791666667 0.369506732421875 0.8262240807291666
0 0.39375130078125 0.8354934374999999 0.418111041015625 0.840291640625 0.4743163203125 0.41364798697916666 0.447785943359375 0.40801989062500005 0.39375130078125 0.8354934374999999
0 0.42403425 0.8402986484375 0.44950952734375 0.8477809479166667 0.508734 0.41890521875 0.477518107421875 0.4114857239583333 0.42403425 0.8402986484375
0 0.447599837890625 0.8605963854166667 0.474190654296875 0.8707627786458333 0.538447111328125 0.4381669296875 0.509361494140625 0.4326906927083333 0.447599837890625 0.8605963854166667
0 0.524243953125 0.8898995156249999 0.5439051640625 0.900802921875 0.629223025390625 0.40175880989583335 0.552906330078125 0.3827400364583333 0.482793564453125 0.8740519036458334 0.50514051171875 0.88033815625 0.524243953125 0.8898995156249999
0 0.6149331875 0.9369892421875 0.67494131640625 0.9452576197916667 0.707429103515625 0.40456798958333334 0.646069056640625 0.4104570989583333 0.6149331875 0.9369892421875
0 0.737772921875 0.4759955026041667 0.704280328125 0.47899353385416665 0.68421113671875 0.9533169114583333 0.699410197265625 0.9534839401041667 0.71527616796875 0.9584211328125 0.737772921875 0.4759955026041667
0 0.73015987890625 0.9325052630208334 0.7387627890625 0.935794390625 0.74949366796875 0.9331243124999999 0.752978015625 0.46826325781249994 0.74604841015625 0.4690002734375 0.73983337109375 0.47113928385416665 0.722563365234375 0.9284721119791667 0.73015987890625 0.9325052630208334
0 0.754707728515625 0.9836560651041667 0.803984978515625 0.9945945182291666 0.83351444140625 0.5227592604166666 0.780872478515625 0.5274663463541667 0.754707728515625 0.9836560651041667
0 0.8619041015625 1 0.895080705078125 0.5395249348958333 0.8421740625 0.5463884192708334 0.80811970703125 0.9950465390625 0.822705494140625 1 0.8619041015625 1