0 0.776085021484375 0.7852400442708333 0.7633996171875 0.7418726744791666 0.3829756484375 0.9147042083333333 0.39135298046875 0.9595037395833333 0.776085021484375 0.7852400442708333
0 0.7629724375 0.7346940182291667 0.755669111328125 0.6956379583333333 0.37141326171875 0.8589580182291666 0.381901625 0.9089606536458333 0.7629724375 0.7346940182291667
0 0.3834555859375 0.8144951874999999 0.391193298828125 0.8460860859375 0.7550247109375 0.6921918906250001 0.74857303125 0.6637948958333334 0.3834555859375 0.8144951874999999
0 0.750301384765625 0.6620390364583334 0.747298923828125 0.6361946302083333 0.377845548828125 0.780328828125 0.38302598046875 0.81219778125 0.750301384765625 0.6620390364583334
0 0.36907094921875 0.7228880833333333 0.37981112109375 0.7803233880208333 0.753115416015625 0.6330409427083333 0.743164708984375 0.5810502994791666 0.36907094921875 0.7228880833333333
0 0.743234455078125 0.5802004505208334 0.735289138671875 0.5328169947916667 0.35800294140625 0.668834109375 0.366918111328125 0.7211635416666667 0.743234455078125 0.5802004505208334
0 0.28812266796875 0.6619500416666667 0.2945691640625 0.6915299661458333 0.7559701640625 0.5210614036458333 0.749950873046875 0.49866012760416667 0.28812266796875 0.6619500416666667
0 0.324124283203125 0.5901960911458334 0.332716427734375 0.6361443671875 0.722384146484375 0.4980634479166666 0.71529562890625 0.4601561302083333 0.324124283203125 0.5901960911458334
0 0.315100134765625 0.5468317369791666 0.3219714453125 0.5884715520833333 0.716374431640625 0.4561371223958333 0.709930330078125 0.42167595572916666 0.315100134765625 0.5468317369791666
0 0.359710671875 0.48685728125 0.366367171875 0.5273483541666667 0.686022404296875 0.42596346875 0.678594091796875 0.3918306458333333 0.359710671875 0.48685728125
0 0.679578302734375 0.3915023020833333 0.674425431640625 0.35905202343750003 0.353913357421875 0.4509608671875 0.359710671875 0.48685728125 0.679578302734375 0.3915023020833333
0 0.345318814453125 0.40989383333333335 0.35240733203125 0.4478011484375 0.676365841796875 0.3547467473958333 0.669154205078125 0.31981990625 0.345318814453125 0.40989383333333335
0 0.665401271484375 0.31568767187499996 0.65981880859375 0.2809400625 0.336829419921875 0.3672256666666667 0.34575083203125 0.4073100729166667 0.665401271484375 0.31568767187499996
0 0.28376759375 0.3205454791666667 0.29257212109375 0.3725236666666667 0.685454744140625 0.2663172057291667 0.680095654296875 0.222246421875 0.28376759375 0.3205454791666667
0 0.677296986328125 0.21290377604166666 0.671934052734375 0.16954236458333335 0.273242203125 0.26425876302083334 0.281831935546875 0.31508828385416665 0.677296986328125 0.21290377604166666
0 0.66827525 0.164658171875 0.66248269921875 0.11899928124999999 0.25108390234375 0.21427972916666668 0.2588120390625 0.26539567708333334 0.66827525 0.164658171875
0 0.661623486328125 0.11440446875 0.6560457890625 0.06989421875 0.2402909375 0.16313637239583334 0.249577876953125 0.21112001041666664 0.661623486328125 0.11440446875