0 0.688533703125 1 0.687514919921875 0.9696952135416667 0.260625080078125 0.9645661875 0.47706401171875 1 0.688533703125 1
0 0.6907840234375 0.9696942656249999 0.692251814453125 0.9246095364583334 0.237784623046875 0.9065635260416666 0.23466940234375 0.9582388671875001 0.6907840234375 0.9696942656249999
0 0.24451635546875 0.8513095338541666 0.2405283515625 0.9043309505208333 0.69246823046875 0.9222594479166667 0.691475466796875 0.8732658359375001 0.24451635546875 0.8513095338541666
0 0.67926166015625 0.8616519427083333 0.68106980078125 0.8225867708333333 0.320652701171875 0.8017503645833334 0.31598404296875 0.8427327552083334 0.67926166015625 0.8616519427083333
0 0.680513091796875 0.8189173125 0.68102273046875 0.7939527552083333 0.32246683203125 0.7669392578125 0.32040488671875 0.7850110807291667 0.322724357421875 0.7889691249999999 0.31844144140625 0.7966172369791668 0.680513091796875 0.8189173125
0 0.68917147265625 0.7929012890624999 0.693299056640625 0.7577941588541667 0.320651009765625 0.7337625911458333 0.320930228515625 0.769591171875 0.68917147265625 0.7929012890624999
0 0.697705919921875 0.7585156171874999 0.701152857421875 0.7113693828125 0.294672462890625 0.6758351901041667 0.291517240234375 0.7290758697916666 0.697705919921875 0.7585156171874999
0 0.297114158203125 0.6201750234375 0.293126146484375 0.6731965156249999 0.7004879375 0.7088750052083334 0.70130076953125 0.6597290364583334 0.297114158203125 0.6201750234375
0 0.695554044921875 0.6555856796875 0.697702486328125 0.6225399791666667 0.32482743359375 0.5810413489583334 0.32145216015625 0.6181957057291666 0.695554044921875 0.6555856796875
0 0.314074873046875 0.5525786901041666 0.3134570234375 0.5787183333333333 0.7014443671875 0.6207670546875 0.702166978515625 0.5969014817708334 0.314074873046875 0.5525786901041666
0 0.704814552734375 0.5938852864583334 0.7069787265625 0.570384234375 0.31576278125 0.5192117083333333 0.314183078125 0.5514036848958334 0.704814552734375 0.5938852864583334
0 0.266587451171875 0.4756240963541667 0.265212140625 0.5099890885416667 0.70973105859375 0.569642109375 0.71000855078125 0.5374829869791666 0.266587451171875 0.4756240963541667
0 0.2712561015625 0.4346417890625 0.26536573828125 0.46946033072916665 0.710116755859375 0.5363079843749999 0.7130315234375 0.500290515625 0.2712561015625 0.4346417890625
0 0.71170848828125 0.49959282031249996 0.714630107421875 0.4678665755208333 0.269286236328125 0.3935353489583333 0.2672820859375 0.4292201536458333 0.71170848828125 0.49959282031249996
0 0.715836072265625 0.4644856901041667 0.719747306640625 0.43172858072916664 0.269692361328125 0.3544706901041667 0.26633791015625 0.39089711197916666 0.715836072265625 0.4644856901041667
0 0.7145673125 0.42968783072916666 0.717241119140625 0.38122230208333335 0.32752665234375 0.30599227864583334 0.32345587109375 0.3632724609375 0.7145673125 0.42968783072916666
0 0.717673951171875 0.3765221223958333 0.72088880859375 0.3221812526041667 0.33008627734375 0.2426960625 0.3262221953125 0.3040871223958333 0.717673951171875 0.3765221223958333
0 0.285382576171875 0.18408863281249999 0.283249806640625 0.22667897916666668 0.722094771484375 0.3188003671875 0.72401112109375 0.27856019010416666 0.285382576171875 0.18408863281249999
0 0.28771606640625 0.12960347395833333 0.285042248046875 0.17806915885416666 0.725325345703125 0.2740043098958333 0.7271241171875 0.22973040625 0.28771606640625 0.12960347395833333
0 0.36821386328125 0.120119515625 0.3648436953125 0.14700144791666667 0.71632489453125 0.22601299479166667 0.71484611328125 0.20279496875 0.36821386328125 0.120119515625
0 0.739502294921875 0.1880608046875 0.742640337890625 0.15398439322916666 0.373758966796875 0.06037177864583334 0.369388453125 0.09764933854166667 0.739502294921875 0.1880608046875
0 0.290171736328125 0.015500255208333334 0.289213556640625 0.035620421874999995 0.744944107421875 0.14839779166666667 0.746950236328125 0.13196284114583332 0.290171736328125 0.015500255208333334
0 0.29448930078125 0 0.292259083984375 0.0122638203125 0.744696294921875 0.13165850520833333 0.74367534765625 0.11359993229166666 0.30415233203125 0 0.29448930078125 0