0 0.156887064453125 0.8823460416666666 0.177403197265625 0.8785015703125 0.119253013671875 0.48986202864583334 0.100408240234375 0.4953860026041667 0.156887064453125 0.8823460416666666
0 0.138303712890625 0.4862921614583333 0.119458986328125 0.49181612760416665 0.178444900390625 0.8812954427083333 0.1987550625 0.8754968697916666 0.138303712890625 0.4862921614583333
0 0.147432232421875 0.40985535677083335 0.1270190859375 0.414676875 0.20252165625 0.8757873723958333 0.2210239296875 0.870856109375 0.147432232421875 0.40985535677083335
0 0.222202064453125 0.8711031901041667 0.2411498203125 0.8665562317708333 0.16931086328125 0.40475922135416664 0.147638205078125 0.411809453125 0.222202064453125 0.8711031901041667
0 0.245969861328125 0.8626640104166667 0.2663830546875 0.8578424453125 0.191419037109375 0.38766388020833337 0.169437470703125 0.3917829557291667 0.245969861328125 0.8626640104166667
0 0.2825940390625 0.862775546875 0.2909091640625 0.8555690052083333 0.215701767578125 0.38410993750000005 0.19131605078125 0.38668683072916665 0.269096115234375 0.8623158177083333 0.2825940390625 0.862775546875
0 0.25443625 0.31208883854166664 0.210576052734375 0.32130404947916663 0.29588598046875 0.861281109375 0.335685724609375 0.8515613567708334 0.25443625 0.31208883854166664
0 0.3386926953125 0.8562487291666666 0.379518986328125 0.8466056901041666 0.301747072265625 0.303480125 0.25610765625 0.31376833072916666 0.3386926953125 0.8562487291666666
0 0.382976625 0.843965078125 0.412915115234375 0.8373585885416667 0.344180923828125 0.3341294348958333 0.312044251953125 0.3411477994791667 0.382976625 0.843965078125
0 0.41615494921875 0.8397405572916666 0.447352951171875 0.830905359375 0.38144658984375 0.32614992708333335 0.34868021484375 0.33428266927083333 0.41615494921875 0.8397405572916666
0 0.450374970703125 0.83830984375 0.489209107421875 0.8310328020833334 0.417294115234375 0.29053841927083335 0.401495080078125 0.2895135625 0.379925458984375 0.29754084635416667 0.450374970703125 0.83830984375
0 0.491613255859375 0.832574984375 0.52824921875 0.8257098541666666 0.46843836328125 0.27881861197916663 0.419183330078125 0.28719534375 0.491613255859375 0.832574984375
0 0.530744572265625 0.8352057864583333 0.562251439453125 0.8293017838541666 0.4983085859375 0.2155763125 0.463354759765625 0.22279309895833332 0.530744572265625 0.8352057864583333
0 0.534314794921875 0.20982553645833335 0.501342443359375 0.21600415104166668 0.563510951171875 0.8270730755208334 0.595266923828125 0.8193550078124999 0.534314794921875 0.20982553645833335
0 0.595568205078125 0.8051243229166666 0.61577542578125 0.7983486666666666 0.57248894140625 0.34515015624999995 0.549671595703125 0.3484295 0.595568205078125 0.8051243229166666
0 0.594367521484375 0.34005403125 0.572385955078125 0.34417310677083335 0.618076591796875 0.7989138359375 0.636859154296875 0.7929336692708334 0.594367521484375 0.34005403125
0 0.662966607421875 0.7994691484374999 0.67886522265625 0.793828109375 0.63261064453125 0.24919436979166668 0.59387954296875 0.25744846614583333 0.642141560546875 0.8003824322916667 0.662966607421875 0.7994691484374999
0 0.685154146484375 0.7973041666666667 0.706506009765625 0.7942994687499999 0.722316876953125 0.7883476328125 0.677409556640625 0.24179596354166666 0.637739689453125 0.24823324739583333 0.685154146484375 0.7973041666666667
0 0.7278578671875 0.7912947057291667 0.765856283203125 0.783177953125 0.722744302734375 0.23554772135416668 0.7057796796875 0.2344870390625 0.695830548828125 0.23934044010416666 0.68264158984375 0.24181188802083334 0.7278578671875 0.7912947057291667
0 0.770149646484375 0.7813770494791666 0.8050112109375 0.7718553463541666 0.76732802734375 0.22295363020833334 0.7303500859375 0.22973955729166665 0.770149646484375 0.7813770494791666
0 0.8128596328125 0.21541791145833333 0.77632670703125 0.22326009895833332 0.812868189453125 0.7709090598958334 0.8474059765625 0.7629147682291667 0.8128596328125 0.21541791145833333
0 0.851172521484375 0.76320528125 0.87388687890625 0.7589488880208334 0.841447513671875 0.2030864453125 0.815069595703125 0.20802934635416667 0.851172521484375 0.76320528125
0 0.868455140625 0.19702920312500002 0.84343971875 0.20072044010416668 0.879324888671875 0.7609189427083334 0.9032402578125 0.7550701692708334 0.868455140625 0.19702920312500002
0 0.905290763671875 0.7520678671875 0.927272427734375 0.7479487734375 0.895342490234375 0.1889603984375 0.871912830078125 0.194388578125 0.905290763671875 0.7520678671875