0 0.07858766796875 0.7520797317708333 0.121878962890625 0.7652511901041666 0.2034360234375 0.16272513020833332 0.150453513671875 0.14297959895833331 0.07858766796875 0.7520797317708333
0 0.122310873046875 0.7678352265625 0.169048291015625 0.7821522213541666 0.2556320546875 0.17794487239583334 0.206450279296875 0.1612867265625 0.122310873046875 0.7678352265625
0 0.301863041015625 0.18934479166666665 0.258571677734375 0.17617337239583333 0.170556572265625 0.7838738984375001 0.216844072265625 0.7944224244791666 0.301863041015625 0.18934479166666665
0 0.226336703125 0.7938756692708333 0.252829302734375 0.8039030677083333 0.341305373046875 0.26224816666666667 0.31115183203125 0.25222400260416666 0.226336703125 0.7938756692708333
0 0.25476939453125 0.8082086640625 0.28793719140625 0.8167944244791667 0.379789701171875 0.27826508333333333 0.3434603359375 0.2654050078125 0.25476939453125 0.8082086640625
0 0.292249326171875 0.82798975 0.319386404296875 0.8345706744791667 0.432344587890625 0.22327126822916665 0.402442697265625 0.21423961979166664 0.292249326171875 0.82798975
0 0.46339651171875 0.235723171875 0.43668908203125 0.226844625 0.32757203125 0.8397323359375001 0.35281940625 0.84230959375 0.46339651171875 0.235723171875
0 0.3566447734375 0.8408556588541667 0.384428533203125 0.8488717499999999 0.488044609375 0.30754333333333334 0.456533341796875 0.29689356770833336 0.3566447734375 0.8408556588541667
0 0.387013142578125 0.84973096875 0.415441421875 0.8543006875 0.520972763671875 0.31983182552083333 0.488626966796875 0.31122336458333333 0.387013142578125 0.84973096875
0 0.41845788671875 0.8577439244791667 0.45485691796875 0.8686240546875 0.572170841796875 0.28530634895833334 0.53533984765625 0.271842125 0.41845788671875 0.8577439244791667
0 0.6146005859375 0.2981913541666667 0.575831775390625 0.2853031536458333 0.4559355546875 0.8726433541666667 0.493054912109375 0.8835613307291666 0.6146005859375 0.2981913541666667
0 0.497286654296875 0.8815090989583334 0.57266943359375 0.9041286953125001 0.6990849765625 0.31999740364583334 0.619120814453125 0.29359289322916665 0.497286654296875 0.8815090989583334
0 0.57525404296875 0.9049879140625 0.651283501953125 0.9290426796875 0.786259984375 0.34897763020833333 0.706779853515625 0.31907335416666666 0.57525404296875 0.9049879140625
0 0.834281712890625 0.3516978802083333 0.795512900390625 0.3388096796875 0.65623789453125 0.9319099713541666 0.6894056328125 0.9404957161458333 0.834281712890625 0.3516978802083333
0 0.692419888671875 0.9390573151041667 0.724726130859375 0.9473566614583334 0.87319109765625 0.36311538541666666 0.838157466796875 0.3505458723958333 0.692419888671875 0.9390573151041667
0 0.9296989921875 0.3895192994791667 0.875422630859375 0.37147580989583334 0.730110181640625 0.9479262526041666 0.7818151171875 0.9647946119791667 0.9296989921875 0.3895192994791667
0 0.786107333984375 0.9616608932291667 0.8369375859375 0.978558765625 0.98903153515625 0.40565090625 0.93443624609375 0.3886536875 0.786107333984375 0.9616608932291667