0 0.75521025 0.7764970885416668 0.752799310546875 0.7397542265625 0.374017892578125 0.7686944479166667 0.37553690234375 0.804294046875 0.75521025 0.7764970885416668
0 0.754876876953125 0.7340671536458333 0.752324119140625 0.6951629453125 0.369701904296875 0.7278180364583333 0.371291173828125 0.7644883932291666 0.754876876953125 0.7340671536458333
0 0.752810970703125 0.6776830494791667 0.750055001953125 0.6605814296875 0.368456220703125 0.6963839661458334 0.37102804296875 0.7231289453124999 0.75115886328125 0.68985415625 0.7516859296875 0.6854368958333333 0.752810970703125 0.6776830494791667
0 0.74828225390625 0.6335646197916667 0.746164470703125 0.6261890546875 0.368973767578125 0.6669221015625001 0.3683048828125 0.6691780182291667 0.3710608515625 0.6862796354166667 0.37073441015625 0.6937544140625 0.74896065625 0.6563533098958333 0.74828225390625 0.6335646197916667
0 0.7479583984375 0.6161792916666667 0.744351509765625 0.5861096041666667 0.383273306640625 0.635852546875 0.38422276953125 0.6627721927083333 0.7479583984375 0.6161792916666667
0 0.744736755859375 0.579531 0.74289309765625 0.5514335182291666 0.379808236328125 0.607944203125 0.3840000625 0.6344786015625 0.744736755859375 0.579531
0 0.373907041015625 0.60515796875 0.7449706640625 0.5457464453124999 0.74309630859375 0.5296309296875 0.74196175 0.512340171875 0.73793891796875 0.5008310546875 0.370415287109375 0.5643931953125 0.370628017578125 0.5676352135416667 0.371478935546875 0.58060328125 0.37247167578125 0.5957326953125001 0.373907041015625 0.60515796875
0 0.74297566796875 0.4904430130208333 0.74314818359375 0.480622390625 0.741729984375 0.4590089427083333 0.739186744140625 0.4451493411458333 0.3694437265625 0.5122372109375 0.370152826171875 0.5230439322916667 0.3704766796875 0.5404292630208333 0.37395812109375 0.5561373697916666 0.74297566796875 0.4904430130208333
0 0.740980669921875 0.4351395807291667 0.73790084765625 0.40065263281249996 0.321451255859375 0.46556628645833337 0.323492267578125 0.4966714348958334 0.740980669921875 0.4351395807291667
0 0.7399784140625 0.3949655598958333 0.7355608203125 0.3649904427083333 0.376002421875 0.4254455390625 0.3770193984375 0.4533941302083333 0.7399784140625 0.3949655598958333
0 0.376692484375 0.38616305468749995 0.380441193359375 0.4183940859375 0.732845064453125 0.36095146614583334 0.734993541015625 0.35634506510416664 0.733747857421875 0.3249109947916667 0.376692484375 0.38616305468749995
0 0.736210669921875 0.3126453177083333 0.734326796875 0.27148519791666664 0.32143436328125 0.3283612942708333 0.323969650390625 0.3669992552083334 0.736210669921875 0.3126453177083333
0 0.7335467890625 0.25959779947916667 0.73247362109375 0.218343109375 0.318841390625 0.2763944479166667 0.319612568359375 0.3130468046875 0.7335467890625 0.25959779947916667
0 0.731977251953125 0.21077840104166667 0.729809740234375 0.16529559114583334 0.368660625 0.21395786197916666 0.371336009765625 0.2547309010416667 0.731977251953125 0.21077840104166667
0 0.72857357421875 0.15890612760416667 0.7265478828125 0.11558466145833333 0.36483148828125 0.15560154947916668 0.36793148828125 0.20284576302083335 0.72857357421875 0.15890612760416667
0 0.73433108203125 0.09725363020833333 0.734888841796875 0.08085440625 0.251353921875 0.13181478645833333 0.2524175703125 0.14802486979166665 0.73433108203125 0.09725363020833333
0 0.733054703125 0.07780152864583333 0.73177832421875 0.05834942708333333 0.24993572265625 0.11020133593749999 0.25083601953125 0.12392191927083333 0.733054703125 0.07780152864583333
0 0.726772271484375 0.05675549999999999 0.726235689453125 0.036128153645833334 0.30473983203125 0.08638524479166666 0.3057107734375 0.10118247916666667 0.726772271484375 0.05675549999999999
0 0.725354072265625 0.03514205208333333 0.722841529296875 0.009300486979166666 0.307020609375 0.0588955859375 0.30614851171875 0.08295408854166667 0.725354072265625 0.03514205208333333
0 0.483627140625 0 0.30437768359375 0.020909726562499998 0.30554907421875 0.04891905989583333 0.71862199609375 0 0.483627140625 0