0 0.18416180859375 0.18716136718749998 0.190945859375 0.23846039062500002 0.63678772265625 0.11200333333333333 0.63178884765625 0.060946348958333334 0.18416180859375 0.18716136718749998
0 0.6434175859375 0.16213643229166666 0.636067404296875 0.1133747734375 0.190791671875 0.23729446614583335 0.197267359375 0.2862617239583333 0.6434175859375 0.16213643229166666
0 0.19248294140625 0.29099298958333336 0.19890798828125 0.3327592786458333 0.613472740234375 0.222070515625 0.60761379296875 0.17776687239583333 0.19248294140625 0.29099298958333336
0 0.2019940546875 0.33564017447916666 0.20656891015625 0.3634158619791667 0.655959380859375 0.24333730989583333 0.6542312734375 0.21565265104166667 0.2019940546875 0.33564017447916666
0 0.6611510234375 0.2757766015625 0.6572964453125 0.2466293984375 0.206156998046875 0.367119140625 0.2106407265625 0.4005943359375 0.6611510234375 0.2757766015625
0 0.20959959375 0.3999695546875 0.2145334453125 0.43727789843750003 0.668136693359375 0.32080139583333334 0.6623338828125 0.2779027708333333 0.20959959375 0.3999695546875
0 0.6721486015625 0.3657554895833333 0.666443822265625 0.322617609375 0.2157163359375 0.43940406249999997 0.221987203125 0.4800045078125 0.6721486015625 0.3657554895833333
0 0.219260142578125 0.48665634635416666 0.22260159765625 0.5051049583333334 0.6771354453125 0.38982788281249997 0.67405178515625 0.366510140625 0.219260142578125 0.48665634635416666
0 0.222189625 0.5088082500000001 0.2278943828125 0.5519459713541667 0.6816448671875 0.4379430651041667 0.6756948046875 0.39257084635416667 0.222189625 0.5088082500000001
0 0.68525415234375 0.4648558489583334 0.6820163046875 0.44037218229166664 0.2292314609375 0.5552380572916666 0.232119078125 0.5780041875 0.68525415234375 0.4648558489583334
0 0.232469310546875 0.5797217239583333 0.238894365234375 0.6214880911458334 0.68951830859375 0.5107366848958333 0.6832473984375 0.4701361692708333 0.232469310546875 0.5797217239583333
0 0.237041818359375 0.62793425 0.246295146484375 0.6774506484375 0.6447460234375 0.5788350885416667 0.6394141953125 0.5273248203124999 0.237041818359375 0.62793425
0 0.65097554296875 0.6352031901041667 0.64316276953125 0.5829437708333333 0.247323849609375 0.6784108906249999 0.256654537109375 0.7335405833333333 0.65097554296875 0.6352031901041667
0 0.256215826171875 0.738831390625 0.26387440234375 0.7899248098958332 0.6603472265625 0.6968068489583333 0.650563572265625 0.638906484375 0.256215826171875 0.738831390625
0 0.669325697265625 0.7535068932291668 0.6603301015625 0.6991213723958333 0.26438753515625 0.8006234817708333 0.276441802734375 0.8531725338541666 0.669325697265625 0.7535068932291668
0 0.266950923828125 0.8745532526041666 0.27877476953125 0.9366886458333333 0.69539688671875 0.8279205364583334 0.686916822265625 0.7637967578125 0.266950923828125 0.8745532526041666
0 0.3471841015625 1 0.703978150390625 0.9064461067708334 0.693337154296875 0.8464368072916666 0.2679700625 0.9572608828125001 0.276733537109375 1 0.3471841015625 1
0 0.532808248046875 1 0.743903171875 0.9503710260416667 0.73737333984375 0.9193327604166667 0.414681287109375 1 0.532808248046875 1