0 0.555423978515625 1 0.2266796640625 0.8991356848958333 0.2256290703125 0.9028456901041667 0.437246521484375 1 0.555423978515625 1
0 0.581772203125 1 0.59175767578125 0.9485716145833334 0.24182832421875 0.8338101223958333 0.227792978515625 0.8914917760416667 0.574003017578125 1 0.581772203125 1
0 0.59382637109375 0.9472267473958333 0.607410916015625 0.8846250182291667 0.25854109375 0.7657607317708334 0.242415876953125 0.8282020989583333 0.59382637109375 0.9472267473958333
0 0.606641453125 0.8842717526041667 0.621500046875 0.8234022526041667 0.277562259765625 0.6987711302083334 0.260142017578125 0.7628943489583334 0.606641453125 0.8842717526041667
0 0.623619103515625 0.8151966640625 0.635828873046875 0.7645841510416668 0.295044494140625 0.6310750026041666 0.280782587890625 0.6863011145833333 0.623619103515625 0.8151966640625
0 0.63587923828125 0.7577234270833334 0.64578061328125 0.706051125 0.31120231640625 0.5685073671875 0.296174953125 0.6233646979166666 0.63587923828125 0.7577234270833334
0 0.653740146484375 0.7085580677083333 0.6660254609375 0.6476544713541666 0.33048836328125 0.5004920651041667 0.31334581640625 0.5635399791666666 0.653740146484375 0.7085580677083333
0 0.67146208203125 0.6432665989583334 0.685866455078125 0.5741574140625 0.30856373046875 0.4020837239583333 0.2895462265625 0.4757248489583333 0.67146208203125 0.6432665989583334
0 0.683891177734375 0.5651420078125 0.691068181640625 0.5340177760416667 0.35738526171875 0.37967547656249995 0.348420474609375 0.41438964843750004 0.683891177734375 0.5651420078125
0 0.364322564453125 0.3461465833333333 0.35668462109375 0.37572284635416664 0.6854422265625 0.529140265625 0.68881015234375 0.5260972630208333 0.695457392578125 0.49702442708333333 0.364322564453125 0.3461465833333333
0 0.69394364453125 0.4928875390625 0.706128232421875 0.4457053880208333 0.37992544140625 0.28906070833333336 0.367231787109375 0.3415469609375 0.69394364453125 0.4928875390625
0 0.704324419921875 0.4460245598958333 0.71502044140625 0.3912751588541667 0.393724505859375 0.23229400260416666 0.380264998046875 0.28441299999999997 0.704324419921875 0.4460245598958333
0 0.716609736328125 0.3851209661458333 0.727469912109375 0.3430673098958333 0.40593427734375 0.18168148958333333 0.393802728515625 0.22865825781250002 0.716609736328125 0.3851209661458333
0 0.730572955078125 0.3410500026041667 0.74095373046875 0.29418702604166663 0.4210325703125 0.12321665104166667 0.407075509765625 0.17392946614583335 0.730572955078125 0.3410500026041667
0 0.742013259765625 0.29008422916666665 0.755522259765625 0.23777358333333332 0.430530091796875 0.056443940104166666 0.417106998046875 0.10508908072916667 0.742013259765625 0.29008422916666665
0 0.43938249609375 0 0.43040516015625 0.0469291640625 0.7537939921875 0.227801671875 0.7628755390625 0.18263682552083335 0.44798983203125 0 0.43938249609375 0
0 0.457810486328125 0 0.761882140625 0.17981784635416667 0.770143857421875 0.14116045833333332 0.543514546875 0 0.457810486328125 0
0 0.55704898828125 0 0.774066728515625 0.13263569791666666 0.780842791015625 0.1001255625 0.5627534765625 0 0.55704898828125 0