0 0.06583850390625 0.8044254557291667 0.1258926953125 0.818884546875 0.2261386953125 0.2335914453125 0.16649615234375 0.21702828645833336 0.06583850390625 0.8044254557291667
0 0.13627517578125 0.8215754140625 0.195042625 0.8334902578125 0.291650421875 0.2560972578125 0.23473143359375 0.23802921614583336 0.13627517578125 0.8215754140625
0 0.20382780078125 0.8357671458333332 0.22619005859375 0.8415628541666668 0.237526470703125 0.8433955755208333 0.320801912109375 0.32334298958333335 0.29060841015625 0.31441224739583334 0.286748330078125 0.3134118177083333 0.199501728515625 0.8313298046875 0.20382780078125 0.8357671458333332
0 0.23726040625 0.8565911588541667 0.277348294921875 0.8658755104166667 0.361666205078125 0.327301671875 0.323472994140625 0.31740299479166667 0.23726040625 0.8565911588541667
0 0.290104482421875 0.8636546875 0.33019237109375 0.8729390390625 0.344878671875 0.8745345833333333 0.425380849609375 0.33939332031249997 0.418814103515625 0.33326987760416665 0.367054302734375 0.3198550963541667 0.28624425390625 0.8560219479166666 0.290104482421875 0.8636546875
0 0.384323189453125 0.8825468098958332 0.396613533203125 0.883521390625 0.48064312890625 0.35261047395833334 0.436398994140625 0.33893279947916666 0.350469236328125 0.8759835104166668 0.36389104296875 0.8805674687499999 0.384323189453125 0.8825468098958332
0 0.3983883671875 0.888402890625 0.4439115390625 0.9002013020833334 0.52521237109375 0.36526703125 0.483220595703125 0.3532784869791667 0.3983883671875 0.888402890625
0 0.44413356640625 0.9157341458333333 0.49444865234375 0.9287744947916666 0.593828794921875 0.28688269010416667 0.5486552890625 0.2740695234375 0.44413356640625 0.9157341458333333
0 0.64782658203125 0.30308825260416666 0.601867693359375 0.2900715390625 0.499861689453125 0.9257558958333334 0.505629783203125 0.9316723489583333 0.5505095859375 0.9421986380208334 0.64782658203125 0.30308825260416666
0 0.70111721484375 0.43849140625 0.632562544921875 0.4207238359375 0.554503978515625 0.9211263125000001 0.587559279296875 0.9274826197916667 0.6284458203125 0.9369739609375 0.70111721484375 0.43849140625
0 0.711005150390625 0.4399487213541667 0.638029646484375 0.9394578385416666 0.64761347265625 0.9419417135416667 0.673325623046875 0.94750025 0.69808383984375 0.9539169296875 0.722043404296875 0.9601266197916667 0.73306925390625 0.9640896093750001 0.80494199609375 0.4654000651041667 0.760217474609375 0.45380864322916664 0.711005150390625 0.4399487213541667
0 0.75114994140625 0.9765132942708333 0.778459396484375 0.9824858125000001 0.851773705078125 0.445481640625 0.825594345703125 0.4386966380208333 0.75114994140625 0.9765132942708333
0 0.7870892890625 0.9858278307291667 0.81519739453125 0.9920073359375 0.885649904296875 0.45757759635416667 0.85880629296875 0.4484096822916666 0.7870892890625 0.9858278307291667