0 0.490574798828125 1 0.235336919921875 0.870567296875 0.22616515625 0.8991985755208334 0.4338773828125 1 0.490574798828125 1
0 0.62006826953125 1 0.620697890625 0.9975506614583334 0.2535624296875 0.8101467942708332 0.2380804609375 0.8636894062499999 0.5049925 1 0.62006826953125 1
0 0.622089228515625 0.9924537682291666 0.627376314453125 0.9730855677083333 0.232502607421875 0.7699116640625 0.22885033984375 0.7864635598958333 0.622089228515625 0.9924537682291666
0 0.1554777890625 0.7094436015625 0.149496060546875 0.7250114296875 0.1675711640625 0.7349375859374999 0.651777396484375 0.9883905208333333 0.65678621484375 0.9700417005208334 0.1554777890625 0.7094436015625
0 0.642052373046875 0.9351853671875 0.6517917421875 0.8995071067708333 0.26964007421875 0.7036615468749999 0.258688609375 0.7374350104166667 0.642052373046875 0.9351853671875
0 0.65485063671875 0.9009915677083334 0.673146224609375 0.8371418125 0.2626296953125 0.6309942265625 0.26207316015625 0.6330329817708333 0.25769095703125 0.6459137942708334 0.253587021484375 0.6577752239583333 0.25059615625 0.665559140625 0.245002294921875 0.6892236822916668 0.65485063671875 0.9009915677083334
0 0.35100570703125 0.5769112213541666 0.3296279609375 0.642534265625 0.348699240234375 0.6519836588541666 0.67134055859375 0.824721328125 0.68894150390625 0.7570712031250001 0.35100570703125 0.5769112213541666
0 0.69387819140625 0.754849265625 0.71217378125 0.6909995104166667 0.366312478515625 0.50814775 0.34806846875 0.5718085572916667 0.69387819140625 0.754849265625
0 0.314372802734375 0.4573061875 0.313758822265625 0.4595553854166667 0.711689373046875 0.6769113828125 0.714888427734375 0.6715373411458333 0.71614165625 0.6606013203125 0.720037404296875 0.6463300130208333 0.324749373046875 0.42563873437500005 0.32043724609375 0.43509029166666663 0.3165415 0.44936159635416667 0.314372802734375 0.4573061875
0 0.36076966796875 0.388861390625 0.34705630078125 0.4327525442708333 0.34643990625 0.43501059114583335 0.7117656015625 0.6353892395833333 0.72602528515625 0.5926692916666666 0.36076966796875 0.388861390625
0 0.73673961328125 0.5470743880208333 0.387335009765625 0.3486500416666667 0.383371232421875 0.35365296875 0.382258162109375 0.35773048697916665 0.3762063515625 0.3767275677083333 0.3741814921875 0.3904903020833333 0.727486701171875 0.5841431458333334 0.73673961328125 0.5470743880208333
0 0.740008748046875 0.53827109375 0.751069376953125 0.5009251875 0.39784115234375 0.300645265625 0.395406822265625 0.306390421875 0.39046808203125 0.32130998958333334 0.385247482421875 0.3404346328125 0.38518099609375 0.34067819010416667 0.740008748046875 0.53827109375
0 0.75378197265625 0.4941606510416667 0.767485119140625 0.4534794635416666 0.4189853984375 0.24856772916666667 0.406533220703125 0.29418383072916665 0.75378197265625 0.4941606510416667
0 0.768668271484375 0.4459726953125 0.782719763671875 0.400842875 0.435681458984375 0.18740499218749998 0.42205259765625 0.22781405468750002 0.768668271484375 0.4459726953125
0 0.7746561484375 0.3923119713541667 0.79155834765625 0.34625673958333336 0.449040357421875 0.125777171875 0.432424150390625 0.17395725781250002 0.7746561484375 0.3923119713541667
0 0.463790595703125 0.059052458333333335 0.446900466796875 0.10823599479166666 0.461556255859375 0.11799801302083333 0.7940627578125 0.337082328125 0.812564484375 0.288340078125 0.463790595703125 0.059052458333333335
0 0.433549259765625 0 0.830437548828125 0.25776346614583334 0.835932822265625 0.24080513802083334 0.8408715625 0.2258855703125 0.497828669921875 0 0.433549259765625 0
0 0.50215945703125 0 0.835588576171875 0.21985850781250002 0.843169833984375 0.20160365364583333 0.8455361328125 0.18659011979166665 0.57375162890625 0.0037023098958333333 0.566122619140625 0 0.50215945703125 0