0 0.28903894140625 0.9142081067708333 0.286395232421875 0.9590726015625001 0.699924783203125 0.980122 0.70159538671875 0.958929015625 0.70052378515625 0.9385421744791667 0.28903894140625 0.9142081067708333
0 0.2915898359375 0.8705210364583333 0.289224564453125 0.9118533411458333 0.70080222265625 0.9350099817708334 0.703957802734375 0.894978859375 0.2915898359375 0.8705210364583333
0 0.265877935546875 0.8002557942708334 0.26086612890625 0.8638346666666666 0.7069784375 0.890640609375 0.709004501953125 0.8325608619791667 0.265877935546875 0.8002557942708334
0 0.271958490234375 0.7344458333333334 0.2671323046875 0.7956699401041667 0.7102240078125 0.8268141380208333 0.710990634765625 0.7699949296874999 0.271958490234375 0.7344458333333334
0 0.2737668984375 0.7001778333333334 0.271725048828125 0.7260803489583334 0.708263603515625 0.7610677578125 0.709555669921875 0.7383717005208333 0.2737668984375 0.7001778333333334
0 0.274228126953125 0.6716730286458333 0.271117537109375 0.6998065546875 0.711793318359375 0.7389449583333333 0.712952015625 0.7129186744791666 0.274228126953125 0.6716730286458333
0 0.274964947265625 0.6170181822916666 0.271949994140625 0.6665922109375 0.713230451171875 0.7093864817708333 0.71343172265625 0.6642873203125 0.274964947265625 0.6170181822916666
0 0.276492095703125 0.5636644453125 0.273569951171875 0.6120611302083333 0.71605974609375 0.662167296875 0.71720862890625 0.61637415625 0.276492095703125 0.5636644453125
0 0.284060451171875 0.5016342734375 0.279605509765625 0.5581488437500001 0.718981916015625 0.6137706953125001 0.720601849609375 0.5592395286458333 0.284060451171875 0.5016342734375
0 0.28870101953125 0.4427648567708333 0.284246080078125 0.49927942708333334 0.72255370703125 0.557132359375 0.724249119140625 0.5021463125 0.28870101953125 0.4427648567708333
0 0.291946578125 0.37893854427083334 0.287491638671875 0.4354531119791667 0.7264039921875 0.49696184375 0.728944734375 0.44257859374999997 0.291946578125 0.37893854427083334
0 0.730766125 0.4416246171875 0.7351282578125 0.386287390625 0.294958404296875 0.3176066692708333 0.290273142578125 0.3775135182291667 0.730766125 0.4416246171875
0 0.72992233984375 0.3843674869791667 0.735260373046875 0.3279766744791667 0.29643414453125 0.2615154895833333 0.291474037109375 0.31697171875 0.72992233984375 0.3843674869791667
0 0.736421958984375 0.3245682447916667 0.741667181640625 0.2693547734375 0.29852235546875 0.19765460677083332 0.295509908203125 0.25444651041666666 0.736421958984375 0.3245682447916667
0 0.739110658203125 0.2678061536458333 0.744170267578125 0.2149473723958333 0.30352420703125 0.13420203645833334 0.29926733984375 0.19545333072916668 0.739110658203125 0.2678061536458333
0 0.74365841796875 0.21011408072916668 0.745281169921875 0.178200921875 0.327749087890625 0.10093773177083333 0.32547411328125 0.13484477864583333 0.74365841796875 0.21011408072916668
0 0.32997405078125 0.06643253385416667 0.327468150390625 0.0982219296875 0.743886171875 0.17324386718749998 0.74485726171875 0.14106126822916668 0.32997405078125 0.06643253385416667
0 0.75182862890625 0.12912201302083334 0.754148912109375 0.09968730729166668 0.351714373046875 0.03359640104166667 0.34977399609375 0.06444571614583333 0.75182862890625 0.12912201302083334
0 0.354693 0.002044111979166667 0.35265115234375 0.027946627604166666 0.752753916015625 0.09473025260416666 0.755586048828125 0.07012883333333333 0.354693 0.002044111979166667