0 0.118568451171875 0.9764225885416667 0.138692767578125 0.9712213828124999 0.034681998046875 0.5465007838541667 0.01250423046875 0.5520109791666666 0.118568451171875 0.9764225885416667
0 0.06442687890625 0.5387608593750001 0.040770412109375 0.5444570572916666 0.140273203125 0.9686188984375 0.1586466875 0.9609665520833334 0.06442687890625 0.5387608593750001
0 0.16313942578125 0.9642239869791666 0.180428953125 0.9570389635416667 0.066852734375 0.4562760234375 0.04682123828125 0.4626547213541667 0.16313942578125 0.9642239869791666
0 0.18140478515625 0.9580927526041667 0.1986943203125 0.9509078046875 0.086093986328125 0.45119857031250005 0.06764292578125 0.45497478645833334 0.18140478515625 0.9580927526041667
0 0.201556400390625 0.9511615937500001 0.222005962890625 0.946311640625 0.13285190234375 0.5140784661458333 0.1050907578125 0.5202247708333333 0.201556400390625 0.9511615937500001
0 0.227000259765625 0.9624772239583333 0.254885822265625 0.9575773177083334 0.164424236328125 0.5178623489583333 0.132781927734375 0.5222966692708334 0.227000259765625 0.9624772239583333
0 0.25720840234375 0.9681648046875 0.284126119140625 0.9604241744791667 0.194362046875 0.5054584973958333 0.166399755859375 0.5146092473958334 0.25720840234375 0.9681648046875
0 0.28807720703125 0.9539179635416667 0.315576068359375 0.9441117916666667 0.23035719921875 0.49495894270833335 0.20036672265625 0.5019124348958334 0.28807720703125 0.9539179635416667
0 0.322901263671875 0.89546503125 0.3455584453125 0.8903057083333333 0.263427556640625 0.41470020572916666 0.2359035625 0.41999053125 0.322901263671875 0.89546503125
0 0.294488673828125 0.4123315026041667 0.263736955078125 0.4186251875 0.3492356640625 0.9086400338541667 0.37782037109375 0.9019837552083333 0.294488673828125 0.4123315026041667
0 0.380955318359375 0.9051869270833334 0.403612501953125 0.9000276015625 0.3199387734375 0.367097265625 0.29354200390625 0.37263547135416664 0.380955318359375 0.9051869270833334
0 0.40539363671875 0.9037464010416666 0.426656435546875 0.8997745364583333 0.35292306640625 0.35776759375 0.3228048828125 0.3657035260416666 0.40539363671875 0.9037464010416666
0 0.384540369140625 0.3560598932291667 0.356073619140625 0.3630254505208333 0.432039515625 0.9019964453124999 0.457561408203125 0.8962641614583333 0.384540369140625 0.3560598932291667
0 0.46155155078125 0.8988527109375001 0.486184251953125 0.89044025 0.4168612421875 0.3488073619791667 0.386012099609375 0.35585364843749995 0.46155155078125 0.8988527109375001
0 0.464887916015625 0.49758161197916667 0.44010046484375 0.5040315546874999 0.488623921875 0.8930746458333334 0.514769634765625 0.8849739192708334 0.464887916015625 0.49758161197916667
0 0.516858671875 0.8831653463541667 0.540174291015625 0.8769216328125 0.4951366171875 0.4905844140625 0.465701103515625 0.4984597369791666 0.516858671875 0.8831653463541667
0 0.54385369140625 0.8764060052083332 0.56945428125 0.8708341927083333 0.51392968359375 0.40241311458333334 0.486328673828125 0.40999027604166666 0.54385369140625 0.8764060052083332
0 0.5475474609375 0.39472570052083333 0.51760898046875 0.4018975026041667 0.572320392578125 0.8694404895833333 0.598175822265625 0.8634660442708334 0.5475474609375 0.39472570052083333
0 0.60307215625 0.8631467317708333 0.630570966796875 0.8533405651041667 0.5805882578125 0.3514039479166667 0.5499139375 0.35867890104166666 0.60307215625 0.8631467317708333
0 0.635799396484375 0.8535999765625001 0.660453998046875 0.8438279817708333 0.615755263671875 0.3444915078125 0.585158197265625 0.35274772395833337 0.63204274609375 0.8531343098958333 0.635799396484375 0.8535999765625001
0 0.645112501953125 0.33938532812500005 0.620983591796875 0.34475090104166667 0.664535904296875 0.8594937213541667 0.684136416015625 0.8536017083333333 0.645112501953125 0.33938532812500005
0 0.687928876953125 0.8542312838541667 0.722437296875 0.8484032604166667 0.68930224609375 0.3431135078125 0.649138958984375 0.3527102890625 0.687928876953125 0.8542312838541667
0 0.726620482421875 0.8448407395833333 0.758030640625 0.8374626666666667 0.728966626953125 0.3323453880208333 0.691432416015625 0.34182290364583334 0.726620482421875 0.8448407395833333
0 0.7680023359375 0.322163671875 0.731518349609375 0.33124484375 0.76213648046875 0.8329189375 0.793186412109375 0.8252269973958333 0.7680023359375 0.322163671875
0 0.799007216796875 0.8287440286458333 0.8186435390625 0.8230159244791667 0.79558478515625 0.25678884375 0.772927552734375 0.2619481744791667 0.799007216796875 0.8287440286458333
0 0.83354044921875 0.24750141927083333 0.800735861328125 0.2560669765625 0.823058775390625 0.8223971796875 0.85192826171875 0.8126307864583334 0.83354044921875 0.24750141927083333
0 0.851874666015625 0.8104222708333334 0.88196784375 0.8052129270833334 0.867330470703125 0.23985511979166665 0.834353638671875 0.24837954427083334 0.851874666015625 0.8104222708333334
0 0.915194708984375 0.8303191614583333 0.93843308203125 0.8230942213541667 0.958677591796875 0.22103604427083334 0.928755548828125 0.2301560234375 0.915194708984375 0.8303191614583333