0 0.556044126953125 1 0.862988056640625 0.8748770963541667 0.8454035078125 0.8148328307291667 0.480152353515625 1 0.556044126953125 1
0 0.848145681640625 0.8099446223958333 0.834127373046875 0.748808859375 0.4648636484375 0.92774753125 0.481442111328125 0.9965669401041667 0.848145681640625 0.8099446223958333
0 0.4465151796875 0.8523449505208333 0.462350677734375 0.9214057265625 0.83198018359375 0.7434943723958334 0.815501322265625 0.67997178125 0.4465151796875 0.8523449505208333
0 0.424946546875 0.7744796171875 0.43993284375 0.8438864817708334 0.8174426796875 0.6800943307291667 0.7982155 0.6134929895833333 0.424946546875 0.7744796171875
0 0.79887044140625 0.6071973984375 0.783224193359375 0.54301140625 0.405505349609375 0.7000525078125 0.421879796875 0.7732538255208333 0.79887044140625 0.6071973984375
0 0.4015562890625 0.6441243619791667 0.4116102265625 0.6920205364583333 0.782115373046875 0.5422254036458333 0.77288162109375 0.49855495572916664 0.4015562890625 0.6441243619791667
0 0.773429814453125 0.49624734374999996 0.764933505859375 0.4551440703125 0.3883444921875 0.5940370182291667 0.398749130859375 0.6440306718750001 0.773429814453125 0.49624734374999996
0 0.384682400390625 0.5705350260416667 0.3949695 0.59110090625 0.7624563359375 0.4524399401041667 0.750896638671875 0.4026754427083334 0.37519609375 0.5372630885416666 0.37934965234375 0.5553773255208333 0.384682400390625 0.5705350260416667
0 0.751104373046875 0.3988830442708333 0.74539321484375 0.3739758958333333 0.3656338046875 0.5038996432291667 0.37297851171875 0.5356910625 0.751104373046875 0.3988830442708333
0 0.35733225390625 0.47150515624999995 0.36382221484375 0.49980875781249995 0.744095236328125 0.3683152369791667 0.7359723046875 0.3420418984375 0.35733225390625 0.47150515624999995
0 0.73812448828125 0.34227598958333333 0.729579697265625 0.28881269531250003 0.313592373046875 0.42248512499999996 0.326327146484375 0.47499057812499995 0.73812448828125 0.34227598958333333
0 0.724035826171875 0.2848828359375 0.7126135078125 0.23506854427083335 0.29733503515625 0.35745905729166666 0.308448828125 0.41220213802083333 0.724035826171875 0.2848828359375
0 0.314736173828125 0.3019362578125 0.32179375 0.34486402083333334 0.71268386328125 0.2313259375 0.7023583671875 0.19099340104166665 0.314736173828125 0.3019362578125
0 0.69975241015625 0.18707868229166666 0.68915730078125 0.15302081510416668 0.303692267578125 0.26187140625 0.312518595703125 0.3003642265625 0.69975241015625 0.18707868229166666
0 0.6846517265625 0.15361938541666667 0.67200184375 0.0944018046875 0.244359025390625 0.20559023958333333 0.25581566796875 0.26545782552083336 0.6846517265625 0.15361938541666667
0 0.22564598828125 0.14017847395833333 0.238555521484375 0.20052829687499998 0.66848628125 0.08716911458333333 0.654968060546875 0.03330651302083334 0.22564598828125 0.14017847395833333
0 0.443955876953125 0 0.207139662109375 0.0965359765625 0.214747361328125 0.13719351041666666 0.65295881640625 0.03160055989583333 0.64638948046875 0 0.443955876953125 0