0 0.54272585546875 1 0.648338560546875 0.9674898463541667 0.8078866640625 0.8686880833333334 0.801603111328125 0.8372222630208334 0.53446010546875 1 0.54272585546875 1
0 0.524424826171875 1 0.8038597890625 0.8309609270833334 0.793549791015625 0.7762411692708334 0.41272328125 1 0.524424826171875 1
0 0.794830501953125 0.7691669244791667 0.7840936015625 0.7168052473958334 0.396651552734375 0.9295894583333334 0.41157196484375 0.9916414166666666 0.794830501953125 0.7691669244791667
0 0.791290966796875 0.7101363854166666 0.79104665234375 0.6990782395833333 0.786532439453125 0.6826544635416667 0.781530458984375 0.6730608411458333 0.40964212109375 0.8743772317708333 0.413668134765625 0.8831579427083334 0.41677948046875 0.9011268906250001 0.419496306640625 0.9168173828125 0.791290966796875 0.7101363854166666
0 0.40869543359375 0.8544390885416666 0.778602564453125 0.6706221119791667 0.780797947265625 0.6543596302083333 0.77725969921875 0.6387487630208334 0.772074701171875 0.6280981432291667 0.757130912109375 0.6382648802083334 0.39664811328125 0.8138036640625 0.401284052734375 0.8212832916666667 0.40598128515625 0.8387640651041667 0.40869543359375 0.8544390885416666
0 0.77231858203125 0.6246830651041667 0.77402619921875 0.6152507395833333 0.772744626953125 0.5933785364583334 0.77024320703125 0.5741085026041667 0.76597287890625 0.5542696458333333 0.758469908203125 0.5398792161458333 0.36956240625 0.7007877760416666 0.387952416015625 0.797348453125 0.77231858203125 0.6246830651041667
0 0.75505295703125 0.5008509713541667 0.746696177734375 0.49117670572916666 0.354494314453125 0.6330593177083333 0.3631799140625 0.6880448515625001 0.754139146484375 0.5389856588541667 0.759872345703125 0.5238608203125 0.75505295703125 0.5008509713541667
0 0.746451435546875 0.46564533593749996 0.74388915234375 0.45084737760416665 0.737118263671875 0.4406849348958333 0.342659291015625 0.5743556588541666 0.347051775390625 0.5997235885416666 0.3519522265625 0.6280251666666666 0.745598056640625 0.48483472135416666 0.746451435546875 0.46564533593749996
0 0.744864685546875 0.4371870625 0.73943451171875 0.38653185156250003 0.304596240234375 0.5281789661458333 0.3139302734375 0.5820858151041667 0.744864685546875 0.4371870625
0 0.731137306640625 0.3289658359375 0.292273021484375 0.46183223958333336 0.298251826171875 0.50118521875 0.302109935546875 0.5186433776041667 0.737787330078125 0.3770188776041667 0.7351024609375 0.3422186223958333 0.731137306640625 0.3289658359375
0 0.74150644921875 0.32132062499999997 0.73851683203125 0.2944075234375 0.19882644921875 0.4527439661458333 0.203292234375 0.483358796875 0.74150644921875 0.32132062499999997
0 0.738821578125 0.2865203671875 0.73266018359375 0.2605836171875 0.189492845703125 0.41331034114583337 0.19559337890625 0.44371916666666666 0.738821578125 0.2865203671875
0 0.732721046875 0.25611154166666666 0.727352595703125 0.22993070572916666 0.181745134765625 0.3733885416666667 0.187976421875 0.4045525338541667 0.732721046875 0.25611154166666666
0 0.7258275703125 0.22594680208333331 0.72070300390625 0.19635088541666668 0.1726554140625 0.33053983854166663 0.178458029296875 0.3640516875 0.7258275703125 0.22594680208333331
0 0.72899805859375 0.18155078125000002 0.724605572265625 0.1561828515625 0.201810046875 0.27703193229166667 0.206268705078125 0.3076056067708333 0.72899805859375 0.18155078125000002
0 0.72405651171875 0.15301186197916666 0.71874892578125 0.12235894791666667 0.1923542890625 0.23206923437500002 0.199068462890625 0.27084561979166666 0.72405651171875 0.15301186197916666
0 0.71801684375 0.11813095833333333 0.71368522265625 0.088290953125 0.183447587890625 0.19027752864583333 0.191745837890625 0.22855525520833334 0.71801684375 0.11813095833333333
0 0.700083009765625 0.08691136718749999 0.698130650390625 0.07081232552083333 0.16087824609375 0.16605153645833334 0.165819359375 0.1897643828125 0.700083009765625 0.08691136718749999
0 0.695995701171875 0.06812951041666666 0.693738166015625 0.0454443984375 0.152642765625 0.13295989322916665 0.157948556640625 0.15877886979166667 0.695995701171875 0.06812951041666666
0 0.669008451171875 0.04733025260416667 0.66370086328125 0.016677338541666666 0.281682966796875 0.07749162239583333 0.287136791015625 0.10898909635416666 0.669008451171875 0.04733025260416667
0 0.47050622265625 0 0.445814330078125 0.0035276093750000004 0.276963916015625 0.05550386197916667 0.280546427734375 0.070927765625 0.6627248984375 0.0158644296875 0.659977953125 0 0.47050622265625 0