0 0.3799605 0 0.379324326171875 0.0060354817708333335 0.840655173828125 0.1045333203125 0.843512482421875 0.09301866927083334 0.845663876953125 0.07260804947916667 0.847715302734375 0.06094238541666667 0.8477529765625 0.06025087239583333 0.52622255078125 0 0.3799605 0
0 0.379690544921875 0.0181541796875 0.37493483203125 0.06327239583333334 0.83189657421875 0.16423790104166666 0.839281111328125 0.11756927083333334 0.379690544921875 0.0181541796875
0 0.373449560546875 0.06956684114583334 0.367082083984375 0.11438303125 0.822785021484375 0.21949449739583335 0.831087236328125 0.1719162239583333 0.373449560546875 0.06956684114583334
0 0.36501739453125 0.11837797916666666 0.360135185546875 0.15689972135416666 0.864643982421875 0.2667749635416667 0.870780193359375 0.2319493828125 0.36501739453125 0.11837797916666666
0 0.3597954921875 0.16012245052083332 0.354220634765625 0.19741893749999997 0.856085318359375 0.30898962760416665 0.862352828125 0.2729183984375 0.3597954921875 0.16012245052083332
0 0.35220899609375 0.23209674739583333 0.351529609375 0.23854220572916665 0.846834005859375 0.3499790390625 0.852967998046875 0.3151745078125 0.357683888671875 0.20354521614583332 0.3535545078125 0.21153511197916666 0.35220899609375 0.23209674739583333
0 0.350736990234375 0.24606190625000002 0.34527536328125 0.28228415104166665 0.8417253359375 0.3906492682291667 0.8460199765625 0.3577018567708334 0.350736990234375 0.24606190625000002
0 0.755182771484375 0.3930550911458333 0.754454322265625 0.3843728932291666 0.34747980859375 0.292556390625 0.342637392578125 0.3540902786458333 0.74513883984375 0.441564203125 0.755182771484375 0.3930550911458333
0 0.337815361328125 0.36085491666666664 0.332167060546875 0.42223779166666664 0.739617033203125 0.5095435494791667 0.748691162109375 0.4468454635416667 0.337815361328125 0.36085491666666664
0 0.324827416015625 0.4372943515625 0.322349591796875 0.46859841666666663 0.777559814453125 0.5549947109375 0.781044052734375 0.5219391796875 0.324827416015625 0.4372943515625
0 0.321330509765625 0.4782666067708334 0.312358712890625 0.5477903880208334 0.74052189453125 0.6335002447916667 0.7501591484375 0.5654597135416667 0.321330509765625 0.4782666067708334
0 0.309727865234375 0.5571565520833334 0.30180167578125 0.6323535755208333 0.730997205078125 0.7160659583333334 0.7415514375 0.6471224479166667 0.309727865234375 0.5571565520833334
0 0.715391677734375 0.8095422708333334 0.728832546875 0.7288058619791666 0.3005116875 0.6367953671875001 0.2918240625 0.7192162604166666 0.715391677734375 0.8095422708333334
0 0.2889416953125 0.7231720989583333 0.28149495703125 0.809413578125 0.70369053515625 0.9049597890625 0.715610703125 0.8230574218750001 0.2889416953125 0.7231720989583333
0 0.2696729765625 0.8280120468750001 0.2673083828125 0.8582418697916667 0.72623484765625 0.9639573880208333 0.729959740234375 0.9364152916666666 0.2696729765625 0.8280120468750001
0 0.695336138671875 1 0.699854587890625 0.9647416796875 0.2667422265625 0.8636130859375001 0.26392470703125 0.8981398802083334 0.69157437890625 1 0.695336138671875 1
0 0.655059203125 1 0.262665900390625 0.9022858411458333 0.260427802734375 0.9391121328125 0.500235435546875 1 0.655059203125 1