0 0.15075214453125 0.7953559036458334 0.169464951171875 0.7964409713541666 0.1938729609375 0.185546875 0.17444610546875 0.18446180468749998 0.15075214453125 0.7953559036458334
0 0.18329615625 0.7953559036458334 0.192245759765625 0.7953559036458334 0.216653767578125 0.18771701302083332 0.19641876171875 0.18446180468749998 0.19631376171875 0.18663194531250002 0.172719353515625 0.7942708333333334 0.18329615625 0.7953559036458334
0 0.19550016015625 0.7964409713541666 0.2028225625 0.7964409713541666 0.212585767578125 0.7953559036458334 0.233739375 0.18988715364583333 0.227230572265625 0.18880208333333334 0.21839141796875 0.18880208333333334 0.217467369140625 0.19097222135416667 0.19550016015625 0.7964409713541666
0 0.2288577734375 0.7964409713541666 0.25082498046875 0.18988715364583333 0.242688978515625 0.18880208333333334 0.234667458984375 0.18988715364583333 0.2133993671875 0.7964409713541666 0.22072176953125 0.7964409713541666 0.2288577734375 0.7964409713541666
0 0.250011380859375 0.7964409713541666 0.265469787109375 0.7964409713541666 0.284996193359375 0.19314236197916668 0.2540793828125 0.18988715364583333 0.232112173828125 0.7931857630208333 0.23618017578125 0.7942708333333334 0.250011380859375 0.7964409713541666
0 0.28418259375 0.7975260416666666 0.299640998046875 0.7975260416666666 0.31916740625 0.19748263802083332 0.2890641953125 0.19314236197916668 0.287436994140625 0.23111979166666666 0.26628338671875 0.7964409713541666 0.28418259375 0.7975260416666666
0 0.3346258125 0.7975260416666666 0.347643416015625 0.19856770833333334 0.33706661328125 0.19422742968749998 0.319981005859375 0.19314236197916668 0.317540205078125 0.263671875 0.302895400390625 0.7996961796875 0.317540205078125 0.7996961796875 0.3346258125 0.7975260416666666
0 0.3785602265625 0.19965277864583333 0.350897818359375 0.19422742968749998 0.3386938125 0.7986111119791667 0.35415221875 0.7996961796875 0.369610625 0.7975260416666666 0.3785602265625 0.19965277864583333
0 0.37205142578125 0.7975260416666666 0.380187427734375 0.7986111119791667 0.38913703125 0.19422742968749998 0.380338033203125 0.19422742968749998 0.37205142578125 0.7975260416666666
0 0.383441830078125 0.7736545130208333 0.3940186328125 0.7747395833333334 0.398086634765625 0.166015625 0.390103658203125 0.1649305546875 0.383441830078125 0.7736545130208333
0 0.39645943359375 0.80078125 0.430630646484375 0.7996961796875 0.43225784765625 0.19205729166666666 0.399869283203125 0.19205729166666666 0.39645943359375 0.80078125
0 0.43713944921875 0.7996961796875 0.471310662109375 0.7986111119791667 0.466429060546875 0.19422742968749998 0.433885048828125 0.19422742968749998 0.43713944921875 0.7996961796875
0 0.48439848828125 0.19314236197916668 0.468228859375 0.19314236197916668 0.47382168359375 0.80078125 0.511247298828125 0.80078125 0.5022976953125 0.19422742968749998 0.48439848828125 0.19314236197916668
0 0.517756099609375 0.80078125 0.553554513671875 0.7996961796875 0.53972330859375 0.1953125 0.50647735546875 0.19422742968749998 0.517756099609375 0.80078125
0 0.5568089140625 0.8018663203125 0.587725724609375 0.8018663203125 0.5722673203125 0.19097222135416667 0.543912251953125 0.19097222135416667 0.5568089140625 0.8018663203125
0 0.605624931640625 0.19205729166666666 0.57727813671875 0.19097222135416667 0.576335322265625 0.21484375 0.592607328125 0.8029513880208333 0.6218969375 0.8018663203125 0.605624931640625 0.19205729166666666
0 0.629219341796875 0.8029513880208333 0.67966255859375 0.80078125 0.65444094921875 0.19639757031250002 0.643050544921875 0.1953125 0.626778541015625 0.1953125 0.612271626953125 0.19639757031250002 0.610506533203125 0.19639757031250002 0.629219341796875 0.8029513880208333
0 0.686984962890625 0.8029513880208333 0.713833771484375 0.8018663203125 0.6877985625 0.18446180468749998 0.6643549609375 0.18663194531250002 0.686984962890625 0.8029513880208333
0 0.7179017734375 0.8029513880208333 0.7374281796875 0.7996961796875 0.706511369140625 0.18880208333333334 0.69023936328125 0.19097222135416667 0.7179017734375 0.8029513880208333
0 0.746377783203125 0.8018663203125 0.772412994140625 0.8018663203125 0.74068258203125 0.18988715364583333 0.717252095703125 0.18880208333333334 0.746377783203125 0.8018663203125
0 0.756954587890625 0.18880208333333334 0.746548970703125 0.19205729166666666 0.774853794921875 0.80078125 0.7935666015625 0.80078125 0.764276990234375 0.19205729166666666 0.756954587890625 0.18880208333333334
0 0.83587381640625 0.8116319453125 0.849705021484375 0.8127170130208333 0.824483412109375 0.16927083333333334 0.788684998046875 0.17035590364583333 0.812279408203125 0.8148871536458334 0.825297013671875 0.8127170130208333 0.83587381640625 0.8116319453125
0 0.857027423828125 0.16818576302083332 0.835060216796875 0.17035590364583333 0.85133222265625 0.8127170130208333 0.892825837890625 0.8116319453125 0.872485830078125 0.16927083333333334 0.857027423828125 0.16818576302083332