0 0.470486859375 0 0.12402512890625 0.07316552864583332 0.132357486328125 0.11158898958333334 0.492898640625 0 0.470486859375 0
0 0.127916615234375 0.11582177604166666 0.131433306640625 0.1315539609375 0.46655685546875 0.025636500000000003 0.466128021484375 0.0081538984375 0.127916615234375 0.11582177604166666
0 0.132491640625 0.133527109375 0.136135607421875 0.15033073958333334 0.470200826171875 0.042440130208333336 0.4676380546875 0.0278021328125 0.132491640625 0.133527109375
0 0.139478015625 0.15072321614583334 0.14418031640625 0.1694999921875 0.5449595078125 0.0475207734375 0.54243728125 0.026287822916666665 0.139478015625 0.15072321614583334
0 0.145365921875 0.1725445859375 0.149009890625 0.18934821614583333 0.54699591015625 0.064663890625 0.544434244140625 0.050035192708333336 0.145365921875 0.1725445859375
0 0.143765236328125 0.19375074479166665 0.1517296796875 0.2261168203125 0.540833953125 0.1098980703125 0.534644484375 0.07166554427083334 0.143765236328125 0.19375074479166665
0 0.153424388671875 0.23344719010416667 0.1583009765625 0.2675636796875 0.544866626953125 0.1507827109375 0.538957505859375 0.11491027604166666 0.153424388671875 0.23344719010416667
0 0.15064497265625 0.2724754375 0.156747298828125 0.3030381067708333 0.62073065234375 0.17210476822916665 0.6142866328125 0.13172935677083333 0.15064497265625 0.2724754375
0 0.15217915234375 0.3061994479166667 0.159467087890625 0.33980671093750003 0.62518528125 0.2096053359375 0.621689689453125 0.1732420078125 0.15217915234375 0.3061994479166667
0 0.160150474609375 0.35943219791666664 0.163707298828125 0.36856597395833335 0.162863384765625 0.375334125 0.16828232421875 0.38627130729166664 0.6343422109375 0.2658826770833333 0.628262216796875 0.21469923177083336 0.156379232421875 0.34155712239583336 0.160150474609375 0.35943219791666664
0 0.171591478515625 0.4141288697916667 0.177646794921875 0.4304232734375 0.637363560546875 0.3190624375 0.63247081640625 0.2709374010416667 0.16946793359375 0.38931589843750003 0.16989676953125 0.4067985 0.171591478515625 0.4141288697916667
0 0.174686212890625 0.4332451328125 0.18392340625 0.47632565364583335 0.6425417109375 0.3695900807291667 0.637650447265625 0.32147753385416666 0.174686212890625 0.4332451328125
0 0.167640212890625 0.49184587500000004 0.17979785546875 0.5387029479166666 0.605675478515625 0.44766810937499996 0.59921861328125 0.39331204947916665 0.167640212890625 0.49184587500000004
0 0.19452049609375 0.5377904791666667 0.2041796484375 0.577486921875 0.611148310546875 0.4937402317708333 0.60631185546875 0.45302533333333334 0.19452049609375 0.5377904791666667
0 0.68088336328125 0.6021916536458333 0.683716669921875 0.5982983515625 0.68206209375 0.5843695703125 0.6806150546875 0.5583154140625001 0.6783241015625 0.53902940625 0.674720267578125 0.5156273671875 0.67096740625 0.4979070442708333 0.195149720703125 0.591641296875 0.190362396484375 0.6016278385416667 0.191191404296875 0.6138088984375 0.19147937890625 0.6231694296875 0.194868798828125 0.6378301692708334 0.199061998046875 0.6523211692708334 0.205833953125 0.6607759765625 0.211802126953125 0.6694005260416667 0.68088336328125 0.6021916536458333
0 0.690884208984375 0.65170084375 0.6869386796875 0.6184860572916667 0.683698076171875 0.6050780885416667 0.211761994140625 0.6759989322916667 0.209310513671875 0.6831065729166667 0.20825905859375 0.7020001015625 0.21055001171875 0.7212861067708333 0.21618337109375 0.7409645859374999 0.223759109375 0.7492496510416666 0.69394569140625 0.6982821901041666 0.693516853515625 0.6807995937500001 0.690884208984375 0.65170084375
0 0.233364373046875 0.7538111536458333 0.243659900390625 0.7988648229166667 0.621197037109375 0.7586764244791667 0.61443541796875 0.7086911171875 0.233364373046875 0.7538111536458333
0 0.24146296875 0.8081153489583334 0.25175849609375 0.8531690182291666 0.628324443359375 0.818677328125 0.622368376953125 0.7685371614583333 0.24146296875 0.8081153489583334
0 0.24905246484375 0.8581337682291666 0.259769951171875 0.899803359375 0.633335185546875 0.8747319375 0.626704283203125 0.8258470390625 0.24905246484375 0.8581337682291666
0 0.254779845703125 0.9063487760416667 0.2618602421875 0.9520814166666667 0.638345923828125 0.930786546875 0.633676876953125 0.8845446822916667 0.254779845703125 0.9063487760416667
0 0.26558447265625 0.9556882265625001 0.267748150390625 0.9739027864583334 0.682433583984375 0.941245953125 0.681582791015625 0.9271474296875 0.26558447265625 0.9556882265625001
0 0.444076248046875 1 0.57247699609375 0.9909269244791666 0.687107419921875 0.9667193567708333 0.684581576171875 0.9454559531250001 0.26922844140625 0.9724918541666666 0.2730702734375 1 0.444076248046875 1