0 0.398714701171875 0.8561413020833334 0.4018243984375 0.8860019921875 0.4273374765625 0.88187615625 0.708347607421875 0.8347393828124999 0.703341044921875 0.8003973411458333 0.398714701171875 0.8561413020833334
0 0.7036078671875 0.7936975624999999 0.698717736328125 0.7601541692708333 0.392626294921875 0.8229084713541667 0.39800645703125 0.8512831588541667 0.7036078671875 0.7936975624999999
0 0.696820869140625 0.7556728177083333 0.691598423828125 0.7155849296875 0.396873619140625 0.7795374401041667 0.401270119140625 0.8139598177083333 0.696820869140625 0.7556728177083333
0 0.690184263671875 0.7101496458333334 0.68482840625 0.6734116458333333 0.394030744140625 0.74297696875 0.397710345703125 0.7767468619791668 0.690184263671875 0.7101496458333334
0 0.41177443359375 0.706882796875 0.41671550390625 0.7279805625 0.4191120546875 0.7273594401041666 0.6796229375 0.6291752161458334 0.672801982421875 0.5994475546875 0.41177443359375 0.706882796875
0 0.6742501015625 0.5965857578125 0.667795419921875 0.5651055130208333 0.4065350078125 0.6709434505208334 0.41275889453125 0.6965755677083334 0.6742501015625 0.5965857578125
0 0.666514671875 0.5563203385416667 0.658046693359375 0.5195600885416667 0.384786548828125 0.6326521848958333 0.3906258515625 0.6641763177083333 0.666514671875 0.5563203385416667
0 0.662623912109375 0.512572 0.653789658203125 0.4775643359375 0.379348216796875 0.5868184479166666 0.385169041015625 0.6224808229166666 0.662623912109375 0.512572
0 0.654888482421875 0.472306578125 0.6473689375 0.43778700781249996 0.371862630859375 0.5440017942708334 0.377815189453125 0.5763027890625 0.654888482421875 0.472306578125
0 0.650381603515625 0.4328620625 0.641913626953125 0.39610181510416664 0.365359435546875 0.49512872916666667 0.37202583203125 0.5280612135416667 0.650381603515625 0.4328620625
0 0.3345293046875 0.39454259635416666 0.3383295234375 0.42487485416666665 0.339785708984375 0.42633340104166667 0.63867294140625 0.3397525703125 0.63225221875 0.2999752421875 0.3345293046875 0.39454259635416666
0 0.630238921875 0.29469523697916666 0.626331181640625 0.2550954375 0.328275951171875 0.343118296875 0.329910693359375 0.37565670052083333 0.630238921875 0.29469523697916666
0 0.62002446875 0.24595520833333331 0.6154351171875 0.19741495312500001 0.315866275390625 0.27505533072916666 0.321392236328125 0.32149016406250003 0.62002446875 0.24595520833333331
0 0.612706251953125 0.1914915807291667 0.608349763671875 0.14454863020833333 0.3103284921875 0.22427440364583331 0.31525349609375 0.27085203645833333 0.612706251953125 0.1914915807291667
0 0.605155169921875 0.13543064322916668 0.600747744140625 0.1009333203125 0.2933731328125 0.18474089322916667 0.296799455078125 0.21677344270833332 0.605155169921875 0.13543064322916668
0 0.599583427734375 0.09294679947916668 0.595775140625 0.0582941953125 0.288034255859375 0.1438543515625 0.292524083984375 0.17891691927083334 0.599583427734375 0.09294679947916668