0 0.769863841796875 0.9448901640625 0.76511873828125 0.8855228645833333 0.374292939453125 0.9154371041666667 0.375728048828125 0.9739113854166667 0.769863841796875 0.9448901640625
0 0.7642501640625 0.8845163958333333 0.760373634765625 0.8261555598958333 0.3719265390625 0.8547605729166667 0.374115916015625 0.9120617057291667 0.7642501640625 0.8845163958333333
0 0.759448306640625 0.8240669375 0.7562133359375 0.7623839375 0.372807421875 0.7937812760416666 0.375166310546875 0.8543146588541667 0.759448306640625 0.8240669375
0 0.747352380859375 0.7023129296875 0.3737450546875 0.733884140625 0.371479857421875 0.7373576875 0.373497408203125 0.7913825520833333 0.752739041015625 0.7583580677083334 0.74850472265625 0.7087301875 0.747352380859375 0.7023129296875
0 0.3684151484375 0.6789211614583334 0.371073455078125 0.7296085651041667 0.748919265625 0.701079390625 0.74509948828125 0.6438007161458333 0.370623591796875 0.6743654557291667 0.3684151484375 0.6789211614583334
0 0.744060654296875 0.6395477734375 0.740411140625 0.5855155703125 0.366860568359375 0.6181689375 0.368763037109375 0.6699994322916667 0.744060654296875 0.6395477734375
0 0.738503732421875 0.5802561614583334 0.735478509765625 0.5381276953124999 0.350448955078125 0.5696764166666667 0.352020798828125 0.6152027369791667 0.738503732421875 0.5802561614583334
0 0.735081232421875 0.5305525911458333 0.73303809375 0.49159490625 0.350500751953125 0.5239987135416667 0.350153892578125 0.56405028125 0.735081232421875 0.5305525911458333
0 0.732112765625 0.48950628125 0.728690267578125 0.43980270833333335 0.3314266640625 0.4714046302083333 0.3314764765625 0.5190197630208333 0.732112765625 0.48950628125
0 0.727594677734375 0.434467609375 0.723587375 0.389168359375 0.329514294921875 0.41938536458333336 0.33037525390625 0.4669119192708333 0.727594677734375 0.434467609375
0 0.32798194140625 0.39016710156249995 0.32904695703125 0.41047437239583334 0.722662046875 0.3870797369791667 0.719126041015625 0.33521184895833334 0.329112060546875 0.3650503984375 0.32798194140625 0.39016710156249995
0 0.719654091796875 0.3297253671875 0.716401853515625 0.28326827083333334 0.327142939453125 0.31194896875 0.327775431640625 0.35511925 0.719654091796875 0.3297253671875
0 0.716986658203125 0.27886394791666663 0.7147559921875 0.25188569270833333 0.359252982421875 0.2708944401041667 0.358976693359375 0.29673650520833333 0.716986658203125 0.27886394791666663
0 0.713013734375 0.24977533072916666 0.709045921875 0.22078413802083333 0.358413830078125 0.23933874479166664 0.359124365234375 0.2684420416666667 0.713013734375 0.24977533072916666
0 0.712009431640625 0.2150705885416667 0.709569013671875 0.16853779947916667 0.318402689453125 0.19195909114583332 0.31869812109375 0.22870245052083335 0.712009431640625 0.2150705885416667
0 0.3157007265625 0.17154947135416665 0.317409525390625 0.18857698958333333 0.703999783203125 0.17123194791666665 0.70242794140625 0.12570563020833334 0.317756173828125 0.14852139583333332 0.3157007265625 0.17154947135416665
0 0.702899236328125 0.11913698958333334 0.6990621953125 0.07708421354166667 0.3134651015625 0.09781135677083334 0.31519557421875 0.14636236458333332 0.702899236328125 0.11913698958333334
0 0.695474392578125 0.07089403125 0.694941384765625 0.029620648437499997 0.31368716015625 0.05538012760416666 0.31335159375 0.09564704166666667 0.695474392578125 0.07089403125