0 0.06941561328125 0.6682666848958334 0.095945283203125 0.6739217916666668 0.107941736328125 0.26592896875 0.0813474140625 0.2615751380208333 0.06941561328125 0.6682666848958334
0 0.13416540625 0.26956618489583334 0.1109700625 0.2657688125 0.10945480859375 0.26552074479166665 0.099277427734375 0.6751232369791667 0.123622517578125 0.6777969765625 0.13416540625 0.26956618489583334
0 0.130584337890625 0.6769689244791667 0.15293183203125 0.6799715625 0.16685768359375 0.30443521875 0.1422171875 0.30040125520833333 0.130584337890625 0.6769689244791667
0 0.1953849453125 0.30976142447916666 0.171218376953125 0.30514911979166665 0.16994333203125 0.3029725859375 0.155898466796875 0.6798013072916667 0.179640021484375 0.6836881041666666 0.1953849453125 0.30976142447916666
0 0.22303676953125 0.297890109375 0.196649806640625 0.2916024348958333 0.196872609375 0.293606703125 0.18134008203125 0.6865901484375 0.205141142578125 0.6898307552083334 0.22303676953125 0.297890109375
0 0.206713720703125 0.68877634375 0.231483822265625 0.69217559375 0.247687859375 0.3025817369791667 0.22458050390625 0.2981428385416667 0.206713720703125 0.68877634375
0 0.232699361328125 0.6949983177083333 0.256559927734375 0.697592734375 0.279844796875 0.3058784453125 0.25365900390625 0.302903359375 0.232699361328125 0.6949983177083333
0 0.3083125546875 0.31185084114583334 0.28279701171875 0.30701769270833335 0.2592205625 0.6954045911458334 0.272727658203125 0.6982718046874999 0.28422869140625 0.6962190859374999 0.3083125546875 0.31185084114583334
0 0.292151083984375 0.6903008437499999 0.32721515234375 0.694073484375 0.346742421875 0.3752082864583333 0.309427775390625 0.370411265625 0.292151083984375 0.6903008437499999
0 0.329989369140625 0.6912480052083333 0.366387990234375 0.6965509921874999 0.3856177265625 0.38091673958333333 0.349772046875 0.3757042760416667 0.329989369140625 0.6912480052083333
0 0.390777853515625 0.31420063802083337 0.36688944921875 0.7071279817708334 0.37004307421875 0.7102679947916667 0.378101419921875 0.7135550390625 0.387791849609375 0.7151414869791667 0.39529769921875 0.7137465677083333 0.4234788203125 0.31693047916666667 0.391518087890625 0.31235403125 0.390777853515625 0.31420063802083337
0 0.42671841015625 0.32008456510416666 0.398502361328125 0.7109915572916666 0.401774998046875 0.7128391901041667 0.409348822265625 0.7160469140625 0.42049281640625 0.7178713281250001 0.427029625 0.7163177630208333 0.458126341796875 0.3252264453125 0.454250169921875 0.32459186458333333 0.43729191796875 0.3218155833333333 0.42671841015625 0.32008456510416666
0 0.4665245703125 0.35152671354166665 0.45935136328125 0.3503523697916667 0.429205736328125 0.714050296875 0.4367200546875 0.7179042109374999 0.444956919921875 0.7192526901041667 0.454766361328125 0.7195467604166667 0.46124366015625 0.7186393828125 0.492748236328125 0.35516393229166665 0.48487687890625 0.35518715104166665 0.47524595703125 0.352954515625 0.4665245703125 0.35152671354166665
0 0.515095732421875 0.35816657031250004 0.5052862890625 0.3578725026041667 0.496362650390625 0.354443796875 0.464082814453125 0.714512671875 0.46705791796875 0.7195912526041667 0.475056759765625 0.7235244869791666 0.48081151171875 0.7251225442708332 0.488801880859375 0.7238069453125 0.494369642578125 0.7220947369791667 0.5281778125 0.3603082734375 0.524786162109375 0.35975301822916667 0.515095732421875 0.35816657031250004
0 0.496922771484375 0.7323516796875 0.516669140625 0.7368962734375 0.550519658203125 0.40135397916666665 0.529684533203125 0.39859893489583337 0.496922771484375 0.7323516796875
0 0.517213169921875 0.73632940625 0.537622578125 0.7390147578125 0.571838603515625 0.40484416145833335 0.552522197265625 0.40168182031250005 0.517213169921875 0.73632940625
0 0.538345126953125 0.7365093229166666 0.562027171875 0.7410423072916666 0.607727515625 0.35693330208333335 0.5835723828125 0.35297879947916666 0.538345126953125 0.7365093229166666
0 0.63431669140625 0.3619422213541667 0.610940646484375 0.359427125 0.60770188671875 0.3785748255208334 0.5636592578125 0.7393417083333333 0.5861937421875 0.7456546145833333 0.63431669140625 0.3619422213541667
0 0.589219884765625 0.7448381692708334 0.60860074609375 0.7480110651041666 0.65549946484375 0.3936151380208333 0.6337800390625 0.390059390625 0.589219884765625 0.7448381692708334
0 0.612901931640625 0.7493711536458334 0.63416137109375 0.7535075260416666 0.681179103515625 0.39781922395833336 0.659950689453125 0.39434386197916665 0.612901931640625 0.7493711536458334
0 0.64096161328125 0.7651157057291668 0.657248353515625 0.7645023984375 0.712511642578125 0.37802338541666664 0.69722503125 0.37420891145833335 0.64096161328125 0.7651157057291668
0 0.659288513671875 0.7530296432291667 0.66752537890625 0.7543781223958334 0.723349634765625 0.3778299114583333 0.71170489453125 0.3772353802083333 0.659288513671875 0.7530296432291667
0 0.673645638671875 0.7573478802083334 0.69217646875 0.7590697526041666 0.743954283203125 0.4264623854166667 0.721653552734375 0.42412333333333335 0.673645638671875 0.7573478802083334
0 0.696052642578125 0.7597043307291668 0.71609654296875 0.7610179791666667 0.766845806640625 0.42889815625 0.747092947265625 0.4256643619791667 0.696052642578125 0.7597043307291668
0 0.7202192109375 0.7643166380208334 0.73905604296875 0.7680563984375 0.80037139453125 0.41733252083333333 0.779232048828125 0.41321580989583334 0.7202192109375 0.7643166380208334
0 0.74256670703125 0.7673192760416666 0.762007072265625 0.7698459817708333 0.82374744140625 0.41984761458333336 0.803158009765625 0.415165 0.74256670703125 0.7673192760416666