0 0.378895556640625 0.028793989583333332 0.36662622265625 0.1048941953125 0.77494511328125 0.19357302083333336 0.78871484765625 0.10958560156250001 0.378895556640625 0.028793989583333332
0 0.396358251953125 0.1905997083333333 0.4078963984375 0.19182092447916665 0.406358638671875 0.19305267447916666 0.4231288984375 0.19775625520833331 0.428667787109375 0.19959758854166665 0.4377442109375 0.200000375 0.440667935546875 0.20184381250000002 0.44636029296875 0.20286468229166665 0.4786715625 0.215349171875 0.480211025390625 0.21760396354166667 0.491288876953125 0.2212867161458333 0.498674130859375 0.22374184895833335 0.509443400390625 0.22557894010416668 0.51867494921875 0.22864779166666668 0.531905955078125 0.2313032552083333 0.535138275390625 0.23499229427083335 0.551599919921875 0.237850265625 0.563139791015625 0.24255802864583334 0.5751399296875 0.2448043046875 0.581909728515625 0.24705483854166665 0.592832462890625 0.24807146875 0.59837139453125 0.24991281770833332 0.6059100546875 0.25154746875 0.61406416015625 0.25338666145833333 0.632065236328125 0.25849935416666664 0.6483734453125 0.26217785416666667 0.6723737421875 0.26667041666666663 0.758931689453125 0.28773095052083336 0.772950509765625 0.20423969270833334 0.364631609375 0.1155608046875 0.355582591796875 0.170943828125 0.355430865234375 0.17525084114583334 0.36798678125 0.1811679140625 0.37835715234375 0.18548700781250002 0.382818650390625 0.186098640625 0.38774216796875 0.18773540104166667 0.3908193203125 0.18875836197916665 0.3914347734375 0.1889629609375 0.396358251953125 0.1905997083333333
0 0.350459697265625 0.20148661979166668 0.346017041015625 0.23922767187500002 0.7329941640625 0.33836322916666667 0.7410895078125 0.2938715546875 0.350459697265625 0.20148661979166668
0 0.345558435546875 0.24517580208333334 0.33942634765625 0.28845580989583336 0.722192259765625 0.39228419531250003 0.730806205078125 0.3418721328125 0.345558435546875 0.24517580208333334
0 0.33650600390625 0.29358556510416667 0.33099105078125 0.34055682552083333 0.714776298828125 0.4511649010416667 0.7237586484375 0.40053501041666667 0.33650600390625 0.29358556510416667
0 0.32760873046875 0.34466146354166666 0.32301437109375 0.38670965625000003 0.70473319140625 0.5022776041666667 0.713325326171875 0.45632937760416664 0.32760873046875 0.34466146354166666
0 0.320554326171875 0.38937787500000004 0.31626851953125 0.4332716588541667 0.69638422265625 0.5533648072916667 0.7050434765625 0.5076098072916667 0.320554326171875 0.38937787500000004
0 0.595080021484375 0.5643054895833334 0.543691943359375 0.5489652473958333 0.314442759765625 0.47449721875 0.3104586875 0.50629025 0.644145462890625 0.6328104244791667 0.65400678125 0.5812803932291667 0.61323624609375 0.5720843723958333 0.595080021484375 0.5643054895833334
0 0.3003339296875 0.5639301536458333 0.631452392578125 0.701894671875 0.642967841796875 0.6467969218749999 0.308002068359375 0.5159316770833333 0.3003339296875 0.5639301536458333
0 0.29374154296875 0.6096716953125 0.63902187890625 0.76628828125 0.647615724609375 0.7238266536458333 0.29956678125 0.5680326380208334 0.29374154296875 0.6096716953125
0 0.29282096875 0.61459465625 0.285301142578125 0.6513128567708334 0.628669458984375 0.81937203125 0.640257892578125 0.7771572786458334 0.29282096875 0.61459465625
0 0.277939875 0.6976702734375001 0.619846427734375 0.8758245598958333 0.629826283203125 0.8364382447916667 0.286228583984375 0.6603361979166666 0.277939875 0.6976702734375001
0 0.270578609375 0.7440276901041667 0.614183166015625 0.9340761510416667 0.62616278125 0.8944830338541667 0.28163590625 0.7058710364583334 0.270578609375 0.7440276901041667
0 0.260448734375 0.7912077916666668 0.60467558203125 0.9954072578125 0.615706537109375 0.9540498125 0.27181290234375 0.7514100807291667 0.260448734375 0.7912077916666668
0 0.59977519921875 1 0.2650670703125 0.7979722083333334 0.254009732421875 0.8361288463541667 0.51759528515625 1 0.59977519921875 1
0 0.4963413359375 1 0.252784017578125 0.8461794739583333 0.24018894140625 0.8855679843750001 0.380534970703125 0.9755921770833332 0.453955791015625 1 0.4963413359375 1