0 0.576944162109375 1 0.251050703125 0.9069975286458334 0.248995447265625 0.9169893489583334 0.4406058359375 1 0.576944162109375 1
0 0.622346470703125 1 0.628208072265625 0.96084984375 0.309486728515625 0.8626048619791667 0.301023810546875 0.9049959895833334 0.620258345703125 1 0.622346470703125 1
0 0.6315648125 0.9585696484375 0.6423083203125 0.9221457083333333 0.31714791015625 0.8273351640625001 0.31033125390625 0.862970734375 0.6315648125 0.9585696484375
0 0.278128525390625 0.7805558151041666 0.271564849609375 0.8113218072916667 0.648790126953125 0.9261986328125 0.6553751875 0.8991763255208333 0.278128525390625 0.7805558151041666
0 0.285240953125 0.74753796875 0.278128525390625 0.7805558151041666 0.65987222265625 0.8998797239583333 0.66673166796875 0.8717314557291668 0.285240953125 0.74753796875
0 0.666140126953125 0.8664960104166667 0.670465953125 0.8372501901041667 0.297395576171875 0.7142977838541666 0.29142698828125 0.7489731692708333 0.666140126953125 0.8664960104166667
0 0.30761526171875 0.6825433307291666 0.29938394140625 0.7163211953125 0.6724294453125 0.8368559921875001 0.677767716796875 0.8051540468749999 0.30761526171875 0.6825433307291666
0 0.675889361328125 0.8035006171875 0.685471162109375 0.7603493854166666 0.347938525390625 0.6417270078125 0.33715230859375 0.6916051302083334 0.675889361328125 0.8035006171875
0 0.357096296875 0.5944376536458333 0.34865476171875 0.6405724661458333 0.68910226953125 0.7569433020833333 0.697614498046875 0.7110703359375 0.357096296875 0.5944376536458333
0 0.69667786328125 0.7066989192708334 0.707314419921875 0.6515567838541666 0.364860703125 0.5280927109375 0.353182921875 0.5864971770833333 0.69667786328125 0.7066989192708334
0 0.38713181640625 0.49417332812500003 0.3816870703125 0.5241791510416667 0.70446368359375 0.6440976770833333 0.710478576171875 0.6155835234375 0.38713181640625 0.49417332812500003
0 0.73220092578125 0.58391590625 0.72983476171875 0.562974125 0.39434746875 0.43008023958333336 0.3927012265625 0.43683572135416665 0.391393505859375 0.453696375 0.38810094921875 0.46720764062500003 0.382064642578125 0.49197809635416667 0.719176828125 0.6143726640625 0.7230823046875 0.6098406901041666 0.728359634765625 0.5996789505208333 0.73220092578125 0.58391590625
0 0.728715896484375 0.56373415625 0.7382976796875 0.520583 0.41967951171875 0.3912628385416667 0.409548931640625 0.4366659140625 0.728715896484375 0.56373415625
0 0.43029467578125 0.3323769296875 0.421304369140625 0.3807636692708333 0.74023973828125 0.5164451744791666 0.748148498046875 0.47420470833333334 0.43029467578125 0.3323769296875
0 0.748681244140625 0.4703103515625 0.7604580390625 0.4181517838541667 0.44929082421875 0.27216986979166663 0.435932005859375 0.3360639192708333 0.748681244140625 0.4703103515625
0 0.46342640234375 0.13511498697916666 0.435186931640625 0.25482943229166666 0.772765986328125 0.4097911380208333 0.795475208984375 0.30510786979166665 0.46342640234375 0.13511498697916666
0 0.459976615234375 0.02283353125 0.438849580078125 0.10952996875 0.807487341796875 0.29412956510416666 0.820297515625 0.22623624739583334 0.459976615234375 0.02283353125
0 0.5011368359375 0 0.490971138671875 0.04124034895833333 0.809571626953125 0.2166103359375 0.820610953125 0.18280405468750002 0.82354353125 0.15544422916666667 0.5963988515625 0.016031401041666667 0.559394166015625 0 0.5011368359375 0