0 0.175916140625 0.8349832838541666 0.196510408203125 0.8347761718750001 0.14079850390625 0.16718822395833333 0.108369443359375 0.16242154166666667 0.175916140625 0.8349832838541666
0 0.199169787109375 0.8447545989583333 0.22505175390625 0.8454131510416666 0.175726046875 0.16820122916666666 0.14002546875 0.165868796875 0.199169787109375 0.8447545989583333
0 0.23409112109375 0.17411129166666664 0.185960544921875 0.17219608072916667 0.226922537109375 0.8445265911458333 0.265625359375 0.8480328020833333 0.23409112109375 0.17411129166666664
0 0.279644869140625 0.8257217369791667 0.310706314453125 0.8284211510416667 0.302042806640625 0.1744999609375 0.255783076171875 0.17169816145833336 0.279644869140625 0.8257217369791667
0 0.314478953125 0.8457390625 0.353471986328125 0.8497368958333333 0.3524754765625 0.18270688541666666 0.303264279296875 0.18066430989583335 0.314478953125 0.8457390625
0 0.403365123046875 0.8519407213541667 0.41274465234375 0.18665890625 0.364463916015625 0.18073396093750002 0.361836439453125 0.8463347760416666 0.403365123046875 0.8519407213541667
0 0.40616386328125 0.879835 0.436235771484375 0.8835653229166667 0.45849386328125 0.14643360416666668 0.417212552734375 0.14214256249999999 0.40616386328125 0.879835
0 0.44240478515625 0.8845752708333333 0.4699410390625 0.8866975625000001 0.506131416015625 0.14882854166666667 0.46399805859375 0.14494896354166667 0.44240478515625 0.8845752708333333
0 0.481907779296875 0.8636062421875 0.52453415234375 0.8670061484375 0.561326330078125 0.1954762265625 0.510768310546875 0.19077786979166667 0.481907779296875 0.8636062421875
0 0.573046326171875 0.18077315364583335 0.53156891796875 0.8586147734375 0.55998654296875 0.8608813567708333 0.57099481640625 0.8579120677083334 0.623093435546875 0.18530940885416666 0.573046326171875 0.18077315364583335
0 0.5720925078125 0.8557060260416667 0.612183341796875 0.857497921875 0.676623453125 0.18854701822916667 0.6285976328125 0.1838247734375 0.5720925078125 0.8557060260416667
0 0.700414671875 0.19081063020833333 0.696240228515625 0.19728447135416669 0.689514615234375 0.1926047890625 0.6819076328125 0.18778079166666664 0.615584634765625 0.8497046119791666 0.622635021484375 0.8508588515625001 0.634091673828125 0.8527344505208333 0.6389310546875 0.848755234375 0.7102170390625 0.19122253385416665 0.700414671875 0.19081063020833333
0 0.64234797265625 0.8505074583333333 0.665029337890625 0.8470634557291666 0.74239852734375 0.190132203125 0.712412421875 0.18681043489583335 0.64234797265625 0.8505074583333333
0 0.669111185546875 0.8513103619791668 0.7333212421875 0.8534722213541667 0.82013078515625 0.26051045833333336 0.80912251171875 0.2634797526041667 0.80273705859375 0.2648201380208333 0.790399033203125 0.2628002447916667 0.775525462890625 0.25917238020833333 0.764733505859375 0.2597913411458333 0.741413306640625 0.25425213541666664 0.669111185546875 0.8513103619791668
0 0.87146183984375 0.26652824479166665 0.860886439453125 0.26479691666666666 0.8492132265625 0.265271625 0.8421629609375 0.26411740624999996 0.834123220703125 0.26399407291666666 0.828886833984375 0.2659489453125 0.739382041015625 0.8556572838541667 0.744561580078125 0.8576981536458333 0.765264001953125 0.8563159192708333 0.7828897890625 0.8592014843750001 0.801937806640625 0.8563554869791666 0.905167107421875 0.26966048177083335 0.894483486328125 0.26910430989583334 0.88291861328125 0.2684038645833333 0.87146183984375 0.26652824479166665
0 0.8428171796875 0.8690123619791666 0.9672744921875 0.26551375 0.928807673828125 0.260005609375 0.812420611328125 0.8688075416666666 0.8428171796875 0.8690123619791666
0 1 0.26959805989583335 0.996356935546875 0.27027491666666664 0.9764215703125 0.26648875 0.8450281875 0.8741458177083333 0.87585762890625 0.8696500182291667 1 0.31264728645833334 1 0.26959805989583335