0 0.17290065625 0.9021557552083334 0.176624224609375 0.89907671875 0.128113244140625 0.4322969348958334 0.070252498046875 0.4436965338541667 0.11785108203125 0.9106908229166667 0.122941154296875 0.91169775 0.17290065625 0.9021557552083334
0 0.224603953125 0.8933055989583334 0.235679998046875 0.8895997838541666 0.18980871484375 0.41779216927083335 0.130879203125 0.4272394192708333 0.178226705078125 0.8986999713541667 0.186521732421875 0.89895340625 0.224603953125 0.8933055989583334
0 0.240251458984375 0.8929322552083333 0.273384921875 0.8873461067708334 0.22129305078125 0.40598288541666666 0.192448658203125 0.41166246874999995 0.240251458984375 0.8929322552083333
0 0.278051046875 0.88514728125 0.309582033203125 0.8799378802083333 0.25989387890625 0.39800953645833337 0.22959746484375 0.40513230208333334 0.278051046875 0.88514728125
0 0.3193382265625 0.8787459817708334 0.332299380859375 0.8768005859375 0.340170462890625 0.8738482682291666 0.3465803828125 0.8723412786458334 0.295479076171875 0.3797270859375 0.261562103515625 0.38439563020833334 0.312504361328125 0.8770472161458334 0.3193382265625 0.8787459817708334
0 0.382258884765625 0.86725859375 0.386642376953125 0.8629225989583333 0.32804728125 0.36986659895833335 0.29710803125 0.3782423072916667 0.349644025390625 0.8705191979166668 0.360484091796875 0.8712760963541667 0.382258884765625 0.86725859375
0 0.363300474609375 0.3803092213541666 0.33703669140625 0.38648390625 0.390083314453125 0.8577063906250001 0.404929578125 0.8575214192708334 0.414261826171875 0.8531237682291667 0.363300474609375 0.3803092213541666
0 0.416806861328125 0.8536272291666666 0.439524208984375 0.8504899401041667 0.387337671875 0.3746580130208333 0.36588848046875 0.37970077604166663 0.416806861328125 0.8536272291666666
0 0.451531525390625 0.354056828125 0.3900265 0.36851682291666665 0.440513416015625 0.8579700312499999 0.500087796875 0.8461675546874999 0.50701632421875 0.8423350208333332 0.451531525390625 0.354056828125
0 0.515452669921875 0.8436570390624999 0.53147746875 0.8398895677083332 0.476369962890625 0.3482172473958333 0.459091537109375 0.3533812578125 0.515452669921875 0.8436570390624999
0 0.53402250390625 0.84039303125 0.551791095703125 0.8373173984375 0.493478630859375 0.3463985677083334 0.47846737890625 0.3499277552083333 0.53402250390625 0.84039303125
0 0.535803029296875 0.3353461848958333 0.506517728515625 0.34333304166666667 0.5644696171875 0.8332348359375 0.600525412109375 0.8247580234375 0.54141170703125 0.33402757031249997 0.535803029296875 0.3353461848958333
0 0.630736548828125 0.8220625390624999 0.674003501953125 0.8118903645833333 0.6060295078125 0.3166321354166667 0.562194486328125 0.32693786458333335 0.630736548828125 0.8220625390624999
0 0.71937915234375 0.8045278541666666 0.724705201171875 0.8010720677083333 0.655788650390625 0.30493363020833336 0.609998171875 0.3134954765625 0.6788932109375 0.8107407812499999 0.687329556640625 0.8120627994791666 0.71937915234375 0.8045278541666666
0 0.758922537109375 0.7974347161458333 0.7666523046875 0.7934138098958333 0.69132991796875 0.24258917447916664 0.6594570546875 0.2500825677083333 0.738090298828125 0.8023324296875001 0.746244015625 0.8015172786458334 0.758922537109375 0.7974347161458333
0 0.8552592890625 0.7824983515625 0.858700228515625 0.7772821432291667 0.793224615234375 0.27592749739583333 0.706736064453125 0.29515937760416666 0.769857263671875 0.7926603177083332 0.775371279296875 0.7968729973958334 0.8552592890625 0.7824983515625
0 0.93434605859375 0.7683120729166667 0.956120849609375 0.7642945729166667 0.88678171484375 0.24621931770833336 0.804983927734375 0.26324657552083336 0.870765478515625 0.7810564218749999 0.8926815859375 0.7781075026041666 0.93434605859375 0.7683120729166667