0 0.028400818359375 0.6800509765624999 0.067083029296875 0.6929103880208333 0.133930498046875 0.1246772578125 0.094135294921875 0.10921127083333333 0.028400818359375 0.6800509765624999
0 0.06728183203125 0.6963313385416666 0.10714723046875 0.7073475130208333 0.180703916015625 0.13910819791666665 0.135788740234375 0.12417671875000001 0.06728183203125 0.6963313385416666
0 0.13438362890625 0.7186384817708333 0.14385682421875 0.7217877265625 0.22215010546875 0.15512303645833334 0.18277270703125 0.14203251822916665 0.10714723046875 0.7073475130208333 0.107346033203125 0.7107684635416667 0.13438362890625 0.7186384817708333
0 0.145240740234375 0.7278392265625001 0.1703037890625 0.7328162578124999 0.25116224609375 0.16588604166666668 0.2238333984375 0.155682625 0.145240740234375 0.7278392265625001
0 0.281556376953125 0.17822676041666666 0.254038287109375 0.16907872135416668 0.1724752109375 0.7346564062500001 0.186092447265625 0.7380649973958334 0.197538259765625 0.7396334375000001 0.281556376953125 0.17822676041666666
0 0.31185422265625 0.25427784895833333 0.314339998046875 0.2405664765625 0.31729121875 0.22030011458333332 0.281097396484375 0.20826793750000003 0.198922177734375 0.7456849401041666 0.230499490234375 0.7561824192708334 0.31185422265625 0.25427784895833333
0 0.23030454296875 0.7617090494791667 0.240445837890625 0.7706718307291666 0.249129599609375 0.7735586380208334 0.259982857421875 0.7738118020833333 0.343032001953125 0.2534596328125 0.333286388671875 0.24686496614583334 0.323813193359375 0.24371572135416666 0.314809296875 0.24295906510416665 0.23030454296875 0.7617090494791667
0 0.263462650390625 0.7772051901041667 0.30451316015625 0.7908519114583333 0.39367511328125 0.26023070833333334 0.354539232421875 0.2461021953125 0.263462650390625 0.7772051901041667
0 0.37773354296875 0.8163113880208334 0.4116753046875 0.8186485989583333 0.442033177734375 0.28860789583333335 0.410414484375 0.2836880989583333 0.37773354296875 0.8163113880208334
0 0.412530265625 0.8278791197916666 0.44542211328125 0.8265124375 0.48229425390625 0.30199218229166663 0.448943123046875 0.29649645572916666 0.412530265625 0.8278791197916666
0 0.526278646484375 0.25510842968749997 0.49625741796875 0.25071969010416667 0.446217328125 0.8401962447916667 0.4592420078125 0.8422895572916667 0.47640880078125 0.8401684322916667 0.526278646484375 0.25510842968749997
0 0.56772291015625 0.2666494765625 0.539291119140625 0.262789125 0.480952375 0.8517434713541667 0.4983198984375 0.8575170833333333 0.509763787109375 0.8546117369791667 0.56772291015625 0.2666494765625
0 0.515293669921875 0.8653963723958333 0.559891810546875 0.8690395859375001 0.6305030546875 0.3344880104166667 0.581558541015625 0.32380846354166665 0.515293669921875 0.8653963723958333
0 0.571858259765625 0.8953834296875001 0.61484161328125 0.9119092760416666 0.747414666015625 0.37782694270833334 0.693289939453125 0.358715578125 0.571858259765625 0.8953834296875001
0 0.622961033203125 0.8821781406250001 0.647433455078125 0.8903136875 0.773129318359375 0.42439722395833335 0.7411563203125 0.4115316328125 0.622961033203125 0.8821781406250001
0 0.847525177734375 0.4301183020833333 0.7935791484375 0.40547490364583333 0.6535578203125 0.9068873880208334 0.699740607421875 0.9244768489583333 0.70467408203125 0.9249986302083334 0.847525177734375 0.4301183020833333
0 0.70782988671875 0.9215745885416666 0.75598721875 0.9420570338541667 0.913048109375 0.4519005703125 0.8557629375 0.4272654010416667 0.70782988671875 0.9215745885416666
0 0.76388540234375 0.9536289817708333 0.78776719140625 0.9649230442708333 0.966501841796875 0.3992184817708333 0.9364701015625 0.3858799505208333 0.76388540234375 0.9536289817708333
0 0.790531171875 0.9680784713541667 0.815202392578125 0.97963496875 0.998868587890625 0.4099783984375 0.968648001953125 0.3976953697916667 0.790531171875 0.9680784713541667
0 1 0.4248369739583333 0.816781259765625 0.9801598411458333 0.83533389453125 0.9885640052083334 1 0.48699607552083335 1 0.4248369739583333
0 1 0.487566671875 0.8382647890625 0.9873017682291666 0.854083408203125 0.9959153307291667 1 0.5509218125 1 0.487566671875