0 0.1649606171875 0.09758503385416667 0.14503187890625 0.09261015104166666 0.093002009765625 0.6472075859375 0.1391231796875 0.6536709583333333 0.185104134765625 0.10149897395833334 0.1649606171875 0.09758503385416667
0 0.21495737109375 0.10677361979166666 0.194870943359375 0.10395872916666667 0.144063103515625 0.6532721874999999 0.190354404296875 0.6575773125000001 0.235739900390625 0.112959203125 0.21495737109375 0.10677361979166666
0 0.204918982421875 0.6596183776041666 0.234772220703125 0.6648930260416667 0.2584075078125 0.6660231588541666 0.300940248046875 0.12646049739583334 0.273769638671875 0.11828865104166668 0.245194423828125 0.1175572890625 0.196572353515625 0.661721828125 0.204918982421875 0.6596183776041666
0 0.31181096484375 0.6735070651041667 0.32654567578125 0.6733898802083332 0.365586646484375 0.13661102604166667 0.352001341796875 0.1325251015625 0.32870631640625 0.12707846875 0.310096740234375 0.1266526328125 0.267308083984375 0.6672704765624999 0.31181096484375 0.6735070651041667
0 0.331315470703125 0.6751493619791668 0.36359613671875 0.6807641848958333 0.40370144921875 0.14086134895833333 0.37646294921875 0.135953125 0.331315470703125 0.6751493619791668
0 0.36789705078125 0.6780937708333333 0.397750287109375 0.683368421875 0.44245526171875 0.14738331510416666 0.412968494140625 0.1399779296875 0.36789705078125 0.6780937708333333
0 0.399878966796875 0.677120453125 0.415976767578125 0.6804674296875 0.451619205078125 0.22831391927083333 0.439047408203125 0.22437002864583333 0.399878966796875 0.677120453125
0 0.418404197265625 0.680807609375 0.43709955859375 0.6823365104166667 0.47329594140625 0.23353377083333335 0.454855779296875 0.22876748958333334 0.418404197265625 0.680807609375
0 0.4425083671875 0.6863676328125 0.476577451171875 0.6900509921875 0.515578953125 0.1849069505208333 0.480445439453125 0.17671023697916666 0.4425083671875 0.6863676328125
0 0.4812621796875 0.6928896015625 0.51622547265625 0.6956072265625001 0.555951052734375 0.191655703125 0.5204338125 0.18558730468749998 0.4812621796875 0.6928896015625
0 0.517374876953125 0.6914041197916667 0.533557744140625 0.69367196875 0.572903591796875 0.2256717578125 0.55469608984375 0.22093808333333334 0.517374876953125 0.6914041197916667
0 0.536709251953125 0.6952046640625 0.5569378359375 0.6980394765625001 0.596453814453125 0.227881015625 0.577928583984375 0.22419386197916666 0.536709251953125 0.6952046640625
0 0.5631226875 0.693450984375 0.593988296875 0.7054137838541666 0.696229552734375 0.1971305859375 0.667785474609375 0.18768923177083333 0.5631226875 0.693450984375
0 0.658261337890625 0.7111478046875 0.688838654296875 0.71761496875 0.748450509765625 0.20008459374999998 0.716601310546875 0.19125709375 0.658261337890625 0.7111478046875
0 0.690712134765625 0.7146043776041666 0.722907736328125 0.721298328125 0.782349462890625 0.20592620312499998 0.751772150390625 0.19945903906249998 0.690712134765625 0.7146043776041666
0 0.807049091796875 0.20393235416666666 0.792849775390625 0.1997603828125 0.732787587890625 0.7205007890625 0.742327177734375 0.7240197500000001 0.751482951171875 0.7220296927083334 0.807049091796875 0.20393235416666666
0 0.827277673828125 0.20676716666666664 0.8176842421875 0.20651379947916668 0.75778596484375 0.7250950833333333 0.7755871171875 0.72758971875 0.832132533203125 0.20744752083333332 0.827277673828125 0.20676716666666664
0 0.8145110625 0.7319534348958333 0.87288844921875 0.21970529166666666 0.859388208984375 0.2145402421875 0.838471990234375 0.2127001119791667 0.783124603515625 0.725372875 0.796794974609375 0.728379671875 0.8145110625 0.7319534348958333
0 0.82950096875 0.7285988723958333 0.858459998046875 0.7348392552083333 0.916412056640625 0.2279867369791667 0.8854990078125 0.21819938281249998 0.82950096875 0.7285988723958333