0 0.057681330078125 0.7460439557291667 0.09137541796875 0.7483984010416668 0.131613525390625 0.2449552083333333 0.101780525390625 0.24079590364583334 0.057681330078125 0.7460439557291667
0 0.12931712109375 0.7557920755208333 0.164923994140625 0.7547234036458333 0.16999510546875 0.24686640625 0.135020845703125 0.24875011718749998 0.12931712109375 0.7557920755208333
0 0.170991400390625 0.7587041510416667 0.205758154296875 0.7563911276041666 0.210954521484375 0.2497285286458333 0.17599436328125 0.24687080208333334 0.170991400390625 0.7587041510416667
0 0.246460939453125 0.24112433333333336 0.21183366796875 0.23989028645833332 0.206412439453125 0.7623649140625001 0.244710318359375 0.7592928072916667 0.246460939453125 0.24112433333333336
0 0.2446794609375 0.7614820442708333 0.28192028515625 0.7640843229166667 0.28450520703125 0.24443707031249998 0.24996120703125 0.2425545260416667 0.2446794609375 0.7614820442708333
0 0.297973619140625 0.7628348697916666 0.324620755859375 0.763511328125 0.34782952734375 0.28614713541666664 0.32034220703125 0.2842264010416667 0.297973619140625 0.7628348697916666
0 0.392439076171875 0.2596241119791667 0.383665173828125 0.2566397838541667 0.354358009765625 0.25577751302083335 0.330827521484375 0.7639450390625 0.37245538671875 0.7680394348958334 0.392439076171875 0.2596241119791667
0 0.446251875 0.29302459635416667 0.438225208984375 0.2936493203125 0.432111330078125 0.2908508932291667 0.397437583984375 0.290799203125 0.37338857421875 0.7669190781249999 0.4281035703125 0.7708039140624999 0.44713853125 0.2930865546875 0.446251875 0.29302459635416667
0 0.429110453125 0.7743695338541667 0.455664642578125 0.7774107083333334 0.48165743359375 0.772113375 0.5006149296875 0.2671831197916667 0.493707345703125 0.26195799479166665 0.4866138671875 0.2614623255208333 0.465286837890625 0.2611576588541667 0.453014548828125 0.2614274869791667 0.429110453125 0.7743695338541667
0 0.483105431640625 0.7805137552083333 0.54783363671875 0.7850367708333333 0.566604681640625 0.28240353125 0.50290322265625 0.2768278984375 0.483105431640625 0.7805137552083333
0 0.55142684765625 0.7841022890625 0.602464255859375 0.7882032057291667 0.623396123046875 0.26509221614583334 0.58008777734375 0.2585091432291667 0.57108156640625 0.26143663020833335 0.55142684765625 0.7841022890625
0 0.608782732421875 0.7952237760416666 0.6265164296875 0.7964629557291666 0.647186375 0.2723878984375 0.63030370703125 0.27031734114583333 0.608782732421875 0.7952237760416666
0 0.6584845390625 0.23197583854166667 0.6505507578125 0.23023584374999997 0.626655966796875 0.7929159296875 0.673696830078125 0.7950173619791667 0.694045 0.23208946614583334 0.682378587890625 0.23483108854166668 0.67216028515625 0.24597315625000002 0.6584845390625 0.23197583854166667
0 0.67817669921875 0.7941447578125 0.74019834765625 0.7996642916666666 0.75414608203125 0.23813807812499999 0.698338853515625 0.23594634375 0.67817669921875 0.7941447578125
0 0.741038525390625 0.8009086432291667 0.788033033203125 0.8041924817708334 0.803901216796875 0.24213712499999998 0.761433169921875 0.23679835416666664 0.741038525390625 0.8009086432291667
0 0.81832797265625 0.2822703125 0.807594806640625 0.2838915208333333 0.794379279296875 0.8010790833333333 0.8423693984375 0.8049670651041666 0.86079601953125 0.2876090651041667 0.825421451171875 0.282765984375 0.81832797265625 0.2822703125