0 0.129541916015625 0.8815743802083333 0.134145962890625 0.8831015260416667 0.156169291015625 0.8752585625 0.171254421875 0.8668399505208333 0.0416835 0.26837030729166667 0.0269648046875 0.2709663046875 0.00805367578125 0.27754060937499997 0.0009869765625 0.2838252291666667 0.129541916015625 0.8815743802083333
0 0.175858470703125 0.8683670963541666 0.198119728515625 0.8615617942708332 0.215236826171875 0.8545841640625 0.08722200390625 0.25548019270833333 0.07818758984375 0.25689369270833334 0.06340464453125 0.2629198255208333 0.054608162109375 0.265370984375 0.043267462890625 0.2711285625 0.175858470703125 0.8683670963541666
0 0.223319509765625 0.8490200364583332 0.2559976015625 0.835699109375 0.13150659375 0.24083192708333334 0.09666364453125 0.25163139322916667 0.223319509765625 0.8490200364583332
0 0.260903833984375 0.8348337760416666 0.29405779296875 0.8235881614583334 0.1729169140625 0.2284899765625 0.137067826171875 0.23856494010416665 0.260903833984375 0.8348337760416666
0 0.297645857421875 0.8243948177083333 0.325893583984375 0.8140145364583334 0.187364544921875 0.1579255859375 0.161099248046875 0.16522845052083332 0.297645857421875 0.8243948177083333
0 0.328227734375 0.8130630416666667 0.355935341796875 0.8040375833333333 0.219676201171875 0.15042727604166667 0.192508708984375 0.15809791145833332 0.328227734375 0.8130630416666667
0 0.380357072265625 0.7918129895833333 0.38502537109375 0.78991 0.2514477421875 0.14428378385416665 0.22519769140625 0.15158043489583334 0.358635927734375 0.7972634739583334 0.36581205859375 0.7988767812500001 0.380357072265625 0.7918129895833333
0 0.390471720703125 0.7876898463541666 0.417401279296875 0.7789815520833333 0.28125156640625 0.133269171875 0.257041201171875 0.14200366145833335 0.390471720703125 0.7876898463541666
0 0.31946134765625 0.23683136197916665 0.313867646484375 0.24138088020833334 0.423452 0.7719764401041668 0.467324974609375 0.7518227213541667 0.356679236328125 0.22846771614583336 0.31946134765625 0.23683136197916665
0 0.473960986328125 0.7547908541666667 0.518071892578125 0.735674796875 0.405220509765625 0.20641101302083334 0.358767794921875 0.22194309375 0.473960986328125 0.7547908541666667
0 0.531408169921875 0.7381809218750001 0.55373368359375 0.7279454791666667 0.420079755859375 0.1413520703125 0.396138388671875 0.15111154947916666 0.531408169921875 0.7381809218750001
0 0.560736130859375 0.7250909973958333 0.611785236328125 0.7065505885416666 0.489095287109375 0.152931203125 0.438773162109375 0.1700406171875 0.560736130859375 0.7250909973958333
0 0.619263548828125 0.7057714192708334 0.6737270390625 0.6835698723958333 0.549243056640625 0.12954715885416665 0.497919615234375 0.1459301015625 0.619263548828125 0.7057714192708334
0 0.61937697265625 0.10890024479166667 0.558817587890625 0.12677883854166666 0.67729143359375 0.6832515260416666 0.736987005859375 0.6589171692708333 0.61937697265625 0.10890024479166667
0 0.740894052734375 0.6607284427083333 0.802662173828125 0.6332799322916667 0.689180318359375 0.08271484114583333 0.628471072265625 0.10292382031250001 0.740894052734375 0.6607284427083333
0 0.820300310546875 0.6397056848958333 0.8418477734375 0.6297874088541667 0.719755166015625 0.030538596354166666 0.699459748046875 0.03767719010416667 0.820300310546875 0.6397056848958333
0 0.8457380234375 0.6282015833333333 0.870397685546875 0.6170146510416666 0.75795088671875 0.05241184635416667 0.7314370546875 0.0620853203125 0.8457380234375 0.6282015833333333
0 0.873747818359375 0.6167836458333333 0.89972564453125 0.6039247239583333 0.792660947265625 0.04053190364583333 0.7645991171875 0.05083640625 0.873747818359375 0.6167836458333333
0 0.795417443359375 0 0.915158140625 0.6044416979166667 0.944486099609375 0.5913517734375 0.8247785859375 0 0.795417443359375 0
0 0.82921687890625 0 0.947122435546875 0.5880077994791667 0.978482361328125 0.576358859375 0.8610534140625 0 0.82921687890625 0