0 0.382461173828125 0.9580893958333333 0.383041833984375 0.9691611796875 0.724600857421875 0.9802801197916667 0.748500890625 0.97805178125 0.746125560546875 0.922699421875 0.383022869140625 0.9157586067708333 0.3810946015625 0.9426405364583333 0.382461173828125 0.9580893958333333
0 0.384606365234375 0.9141275182291667 0.388005630859375 0.9152940338541667 0.747039287109375 0.9189056067708333 0.746226361328125 0.9034051015625 0.74491019921875 0.8783091197916667 0.7435049453125 0.862122140625 0.38130426953125 0.8617727473958333 0.381722029296875 0.9121712421875 0.384606365234375 0.9141275182291667
0 0.3817768515625 0.8283509401041668 0.382783330078125 0.8475419999999999 0.384715220703125 0.8525539765625 0.74090328125 0.8549474114583333 0.741673833984375 0.8378158723958333 0.739804048828125 0.8127714557291666 0.384149609375 0.80924678125 0.38178854296875 0.817965703125 0.3817768515625 0.8283509401041668
0 0.38424341796875 0.7799087265625001 0.385095052734375 0.7961473203125 0.38745276953125 0.8092785937500001 0.738387087890625 0.806969765625 0.737597541015625 0.7706987369791666 0.41386903125 0.7719544609375001 0.413675478515625 0.7682638593750001 0.3864309609375 0.7685788697916666 0.38502255859375 0.7675601354166667 0.38424341796875 0.7799087265625001
0 0.73874353125 0.7713336380208333 0.737400328125 0.7351142291666667 0.413409349609375 0.7371766354166667 0.413830322265625 0.7712163697916666 0.73874353125 0.7713336380208333
0 0.737284197265625 0.73289990625 0.7358248984375 0.6944661197916666 0.432888849609375 0.7002815104166666 0.433719025390625 0.7367260364583333 0.737284197265625 0.73289990625
0 0.7350776875 0.6908271380208334 0.734675248046875 0.6619373151041666 0.433450966796875 0.6643343723958334 0.43447428125 0.6980857760416667 0.7350776875 0.6908271380208334
0 0.73795841015625 0.6608895052083333 0.736073255859375 0.6143364244791667 0.35626149609375 0.6274785677083333 0.3556448046875 0.6483225078125 0.3571275 0.6659857135416667 0.3598569921875 0.6649895286458333 0.73795841015625 0.6608895052083333
0 0.736626912109375 0.6142848046875 0.73454820703125 0.564041171875 0.382494943359375 0.5768385234375 0.383710302734375 0.6212288046875 0.736626912109375 0.6142848046875
0 0.734985734375 0.5617752265625 0.732868318359375 0.5107934557291667 0.38042046484375 0.5281471614583334 0.381786458984375 0.5739376302083333 0.734985734375 0.5617752265625
0 0.37019144140625 0.5119719088541667 0.371995521484375 0.5251548046875 0.730061431640625 0.5103134583333333 0.73155215625 0.48569747135416663 0.7312541796875 0.4694072578125 0.728702892578125 0.452585328125 0.371308923828125 0.471075640625 0.369339806640625 0.4957333151041667 0.37019144140625 0.5119719088541667
0 0.7294968671875 0.41468330989583335 0.727627041015625 0.3896388463541667 0.726481056640625 0.38900399479166664 0.36670384765625 0.413647390625 0.3641175078125 0.427981328125 0.364891720703125 0.44274364322916665 0.365112296875 0.4575576744791667 0.366877658203125 0.47000247916666665 0.72803314453125 0.45042267708333333 0.729113384765625 0.4391960598958333 0.7294968671875 0.41468330989583335
0 0.36595665234375 0.41000835937499996 0.72909442578125 0.38579343489583334 0.727619796875 0.32585103125 0.364842091796875 0.3463237838541667 0.364404587890625 0.34858977343750003 0.363684416015625 0.35607421874999995 0.3629255234375 0.3628204765625 0.362875126953125 0.372467671875 0.3621162421875 0.3792139270833333 0.362503349609375 0.38659513281249996 0.363327966796875 0.3917103463541667 0.364113865234375 0.396087375 0.364462263671875 0.40273049218749996 0.36473323828125 0.40789732552083335 0.36595665234375 0.41000835937499996
0 0.72411245703125 0.28019094791666666 0.724368099609375 0.2638491145833333 0.364397310546875 0.2848018619791667 0.362608572265625 0.2931276354166667 0.3636267421875 0.3019335026041667 0.364052560546875 0.31005280208333336 0.363487216796875 0.320489609375 0.363951748046875 0.3293470989583333 0.36449369921875 0.33968076822916665 0.3648033828125 0.34558569270833334 0.72358946484375 0.32325990104166663 0.72479754296875 0.30386236979166664 0.72411245703125 0.28019094791666666
0 0.721046228515625 0.2641588307291667 0.720965185546875 0.23078869010416667 0.416037091796875 0.25105989322916666 0.4175468046875 0.2798464296875 0.721046228515625 0.2641588307291667
0 0.71930425 0.23094354947916665 0.7194167578125 0.20126396354166667 0.41820487890625 0.22196647135416667 0.418766572265625 0.250063609375 0.71930425 0.23094354947916665
0 0.720098216796875 0.19304142708333336 0.7196453984375 0.17379875 0.39423259375 0.19597985677083332 0.393509681640625 0.21774263020833332 0.720098216796875 0.19304142708333336
0 0.720919189453125 0.16626269010416667 0.720466369140625 0.14702001041666665 0.3890022265625 0.17050701822916667 0.388347787109375 0.18985293489583333 0.720919189453125 0.16626269010416667
0 0.722576498046875 0.13421387239583335 0.720408701171875 0.09287929427083334 0.382134333984375 0.12441855989583334 0.381894013671875 0.16226905989583332 0.722576498046875 0.13421387239583335
0 0.360008453125 0.07381888802083333 0.360464935546875 0.12495552083333333 0.71926271484375 0.09224444270833333 0.718898982421875 0.06409265885416666 0.719166302734375 0.037365638020833335 0.360008453125 0.07381888802083333
0 0.600809689453125 0 0.360324890625 0.028310364583333334 0.36119316015625 0.07519183072916667 0.71532951953125 0.03846506510416667 0.714551052734375 0 0.600809689453125 0