0 0 0.5370791874999999 0.00004906640625 0.5370979479166667 0.035018478515625 0.5515965026041666 0.040717375 0.5526465494791667 0.16579421484375 0.08912172395833333 0.123851494140625 0.07195708333333332 0 0.5277469817708333 0 0.5370791874999999
0 0.083058984375 0.5722212890625 0.087642341796875 0.5705872395833333 0.2121614140625 0.1057203671875 0.17033947265625 0.091988296875 0.045076416015625 0.5520555338541667 0.04909596875 0.5569787109375001 0.083058984375 0.5722212890625
0 0.09657870703125 0.5762614479166667 0.126406994140625 0.5910520026041667 0.240389330078125 0.16730853645833332 0.205617384765625 0.15627187239583332 0.09657870703125 0.5762614479166667
0 0.29133988671875 0.18227313281250002 0.25501580078125 0.17064304166666666 0.14372798828125 0.5931591041666667 0.16338919921875 0.6040625104166667 0.176908919921875 0.6081026692708333 0.29133988671875 0.18227313281250002
0 0.325642390625 0.19200152083333333 0.294578265625 0.18351125260416667 0.181601419921875 0.6098967395833333 0.196794447265625 0.6179630390625 0.211654017578125 0.6236442578125 0.325642390625 0.19200152083333333
0 0.2222636875 0.6333446119791667 0.234777013671875 0.6381287942708334 0.24349509765625 0.636946765625 0.37409479296875 0.11232084114583334 0.36717122265625 0.10515858333333333 0.34941104296875 0.1017547734375 0.2125452421875 0.6273713880208334 0.2222636875 0.6333446119791667
0 0.4119742578125 0.121159203125 0.3861655234375 0.11129182291666667 0.245392720703125 0.6399298723958333 0.257008787109375 0.6488862005208333 0.274214609375 0.655464453125 0.4119742578125 0.121159203125
0 0.312088037109375 0.6722020885416667 0.32739623828125 0.6757972369791667 0.46359172265625 0.1408939609375 0.426747109375 0.1279360625 0.286394478515625 0.6578635546875 0.29454876171875 0.6632387526041666 0.312088037109375 0.6722020885416667
0 0.372866181640625 0.6965680234375 0.382699802734375 0.6980700911458334 0.514427103515625 0.1603297109375 0.47524826953125 0.146479375 0.337005546875 0.6783423385416666 0.353314111328125 0.689092734375 0.372866181640625 0.6965680234375
0 0.413540521484375 0.7042173463541667 0.41599591015625 0.7085425 0.46035031640625 0.7266291927083333 0.46549144140625 0.7263371927083333 0.574374890625 0.24759081510416667 0.567227005859375 0.24147159375000002 0.529129263671875 0.22577699479166666 0.525159478515625 0.22538803385416664 0.413540521484375 0.7042173463541667
0 0.468619771484375 0.7275332369791667 0.5187822109375 0.75009809375 0.625883216796875 0.2638974557291667 0.57835430078125 0.245725859375 0.468619771484375 0.7275332369791667
0 0.524590244140625 0.7545762552083333 0.53542423046875 0.7632335729166666 0.548495322265625 0.7693598020833333 0.555424927734375 0.7686227864583333 0.6637626796875 0.2727358203125 0.6559418515625 0.2697457057291667 0.641082279296875 0.2640644869791667 0.631997748046875 0.2639776145833333 0.524590244140625 0.7545762552083333
0 0.559893111328125 0.7714598932291666 0.575534767578125 0.7774401223958334 0.588381546875 0.7846093880208334 0.60089487109375 0.7893935729166667 0.710572474609375 0.29514766666666664 0.66990416796875 0.2795990677083333 0.557322548828125 0.7716058932291667 0.559893111328125 0.7714598932291666
0 0.714113228515625 0.3416532760416667 0.705946515625 0.33740212500000005 0.602574212890625 0.7855204453125001 0.607042392578125 0.7883575468749999 0.6129656015625 0.7883645572916667 0.714113228515625 0.3416532760416667
0 0.615730263671875 0.79167915625 0.6567320234375 0.8096128385416667 0.766973427734375 0.308809703125 0.7280936015625 0.29281609114583335 0.615730263671875 0.79167915625
0 0.813007171875 0.32302326302083334 0.771332470703125 0.30821869010416664 0.6647771640625 0.8115599166666666 0.68622685546875 0.8220183098958334 0.705554611328125 0.8305366354166667 0.813007171875 0.32302326302083334
0 0.718625705078125 0.8366628671875 0.7590696953125 0.8532544999999999 0.863727380859375 0.34693016666666665 0.826341681640625 0.33263659895833336 0.718625705078125 0.8366628671875
0 0.807898318359375 0.8662790234375 0.825328455078125 0.8718142421875 0.920328556640625 0.42613898958333335 0.854075833984375 0.3996799739583334 0.762428375 0.8455082369791667 0.783653751953125 0.8570096666666666 0.807898318359375 0.8662790234375
0 0.83136080078125 0.8752493697916667 0.860407005859375 0.8897409140625 0.964597958984375 0.40920047135416665 0.9348368984375 0.39895080468750005 0.83136080078125 0.8752493697916667
0 0.863759650390625 0.8898939244791667 0.8922480859375 0.903043421875 0.994650560546875 0.42294799218749995 0.966910248046875 0.4112133177083333 0.863759650390625 0.8898939244791667