0 0.20502080078125 0.13280527083333335 0.207800162109375 0.14757333072916667 0.561655873046875 0.08641161979166667 0.554570435546875 0.0078389375 0.200975021484375 0.07096894010416667 0.2007849453125 0.08202897656250001 0.20502080078125 0.13280527083333335
0 0.20530080859375 0.15366861197916667 0.209490419921875 0.1978465625 0.5705128359375 0.128390734375 0.5662531484375 0.08993154427083333 0.20530080859375 0.15366861197916667
0 0.2111395390625 0.2040680625 0.21504658984375 0.24610937760416665 0.57649284765625 0.17985850520833332 0.5711507734375 0.13946328645833334 0.2111395390625 0.2040680625
0 0.215940513671875 0.25911763541666666 0.217399560546875 0.2763991744791667 0.219613798828125 0.28689395052083333 0.220744041015625 0.2954405104166667 0.590204685546875 0.22730543489583332 0.58670327734375 0.18208280468750002 0.217214587890625 0.2500058151041667 0.215940513671875 0.25911763541666666
0 0.2245560546875 0.34301184635416665 0.22780805078125 0.3488565026041666 0.59760005078125 0.2707297083333333 0.59131826953125 0.22947737499999998 0.2221106015625 0.2995253671875 0.221542927734375 0.3139787890625 0.2245560546875 0.34301184635416665
0 0.589768083984375 0.3177339661458333 0.5851370703125 0.2827155885416667 0.23172020703125 0.3534444192708333 0.231858935546875 0.37323943750000005 0.235157173828125 0.38568243489583337 0.589768083984375 0.3177339661458333
0 0.234779578125 0.38907581510416667 0.237132544921875 0.41936561197916666 0.594006490234375 0.34978356250000003 0.59022441796875 0.321184640625 0.234779578125 0.38907581510416667
0 0.60945737890625 0.43537536718750003 0.5986123828125 0.35336866666666666 0.2315224765625 0.4206845546875 0.240374333984375 0.5001170625 0.243248734375 0.5093550989583333 0.60945737890625 0.43537536718750003
0 0.242257220703125 0.5206035598958333 0.24508282421875 0.5419699583333334 0.613837064453125 0.46849328385416666 0.609964056640625 0.4454553828125 0.242257220703125 0.5206035598958333
0 0.2447052265625 0.5453633385416666 0.247011951171875 0.5690547942708334 0.61520107421875 0.49130484114583334 0.61255418359375 0.4712898385416667 0.2447052265625 0.5453633385416666
0 0.623490361328125 0.5477373723958333 0.61750021875 0.5086903046875 0.250073873046875 0.5859594895833333 0.256431482421875 0.6340338828125 0.624479322265625 0.555215609375 0.623490361328125 0.5477373723958333
0 0.258453095703125 0.6743153984375 0.2660822265625 0.7320046692708333 0.6375258984375 0.6413726770833333 0.6297966015625 0.5829259817708333 0.258453095703125 0.6743153984375
0 0.271604109375 0.7925055364583334 0.27419594921875 0.7996069348958333 0.64629977734375 0.7077182005208332 0.639878392578125 0.6466642291666667 0.2669444140625 0.73852428125 0.265952900390625 0.7497727421875 0.271604109375 0.7925055364583334
0 0.276923962890625 0.8452300494791666 0.279939642578125 0.85553640625 0.693058119140625 0.7551065572916666 0.68743807421875 0.71260940625 0.273250677734375 0.8174537317708334 0.273862041015625 0.8283253541666666 0.276923962890625 0.8452300494791666
0 0.288126236328125 0.9736790520833334 0.292038392578125 0.9782669713541666 0.668054376953125 0.8909661536458334 0.653630466796875 0.7756480859375 0.28050476171875 0.8598096848958333 0.277345251953125 0.8671617057291666 0.288126236328125 0.9736790520833334
0 0.532808244140625 1 0.684325087890625 0.9643779895833333 0.677565068359375 0.9066452369791667 0.28920768359375 0.9943539713541667 0.289635015625 1 0.532808244140625 1