0 0.32582260546875 0.044908401041666664 0.32505648828125 0.09161163541666667 0.82737693359375 0.20009136197916666 0.83382458203125 0.16115810416666668 0.32582260546875 0.044908401041666664
0 0.589200525390625 0.10562715104166666 0.759469734375 0.14084936458333333 0.398810697265625 0.00436559375 0.3939741484375 0.0379155546875 0.589200525390625 0.10562715104166666
0 0.322278798828125 0.09216068489583333 0.317089546875 0.1450368203125 0.782467578125 0.24956886197916664 0.788128142578125 0.1968745703125 0.322278798828125 0.09216068489583333
0 0.7746636171875 0.3055076640625 0.7820643984375 0.249545109375 0.30721709375 0.1787798229166667 0.30362265625 0.233233 0.7746636171875 0.3055076640625
0 0.295959328125 0.24345273177083335 0.293497150390625 0.3029806302083333 0.7675446875 0.3624114166666667 0.7748178046875 0.3043417421875 0.295959328125 0.24345273177083335
0 0.79072722265625 0.4294977890625 0.797716064453125 0.3698319479166667 0.2872215390625 0.30270730729166667 0.2864679453125 0.37094865104166663 0.79072722265625 0.4294977890625
0 0.7778240703125 0.4997944817708333 0.785121263671875 0.4377969505208333 0.279565359375 0.37423765885416665 0.277141138671875 0.4414752473958334 0.7778240703125 0.4997944817708333
0 0.826436947265625 0.5208406328125 0.26468187890625 0.44587210677083333 0.263501396484375 0.468435125 0.82332679296875 0.5375404453125 0.826436947265625 0.5208406328125
0 0.816771646484375 0.5666537395833333 0.821707884765625 0.5497821614583334 0.259567408203125 0.47772821354166667 0.258422390625 0.5005385833333333 0.816771646484375 0.5666537395833333
0 0.2618848828125 0.5011137682291666 0.2612705703125 0.5262140755208333 0.724913052734375 0.579801859375 0.730299974609375 0.5523346432291667 0.2618848828125 0.5011137682291666
0 0.257979744140625 0.5374617942708334 0.255411603515625 0.5705178776041667 0.715072814453125 0.6092204739583333 0.720478111328125 0.5788768255208333 0.257979744140625 0.5374617942708334
0 0.25397332421875 0.5882117552083334 0.255315154296875 0.6257933541666666 0.68594230859375 0.6420369166666667 0.6896176953125 0.6076855026041666 0.25397332421875 0.5882117552083334
0 0.251354623046875 0.6284686588541667 0.25125581640625 0.6633073828125 0.6755933359375 0.6753024375 0.678716568359375 0.6423887552083333 0.251354623046875 0.6284686588541667
0 0.74086599609375 0.7315326770833334 0.742766796875 0.7103411041666666 0.226671041015625 0.6923893880208333 0.22625591015625 0.7137785598958333 0.74086599609375 0.7315326770833334
0 0.22477026953125 0.71358096875 0.22431007421875 0.7375154166666666 0.7365994765625 0.75697659375 0.73952894921875 0.7348247682291666 0.22477026953125 0.71358096875
0 0.23305508203125 0.739571390625 0.233830740234375 0.7746156979166666 0.729555279296875 0.7829695598958333 0.7329473046875 0.7573200494791666 0.23305508203125 0.739571390625
0 0.674931626953125 0.8278300572916667 0.680328041015625 0.7870239427083333 0.228995685546875 0.7770854036458333 0.2301145546875 0.8270701927083333 0.674931626953125 0.8278300572916667
0 0.22365226953125 0.8311273072916667 0.225406048828125 0.8724123567708334 0.650245681640625 0.8713138593749999 0.653264744140625 0.8366463567708333 0.22365226953125 0.8311273072916667
0 0.198424533203125 0.9368121171875 0.333359369140625 0.9685356536458333 0.653856759765625 0.9599187578125 0.655550408203125 0.9266570807291666 0.19814959375 0.9285153203125001 0.198424533203125 0.9368121171875