0 0 0.6623560546875 0.020418548828125 0.6678797317708334 0.116318630859375 0.18634875520833336 0.094492408203125 0.17873828385416668 0 0.6471349843749999 0 0.6623560546875
0 0.03247213671875 0.6657554244791667 0.04788434375 0.6710315859375 0.138695033203125 0.1998730703125 0.123769611328125 0.19636406250000002 0.03247213671875 0.6657554244791667
0 0.049404162109375 0.6689098307291667 0.055590443359375 0.6736696666666666 0.070507705078125 0.6780031119791667 0.08436408203125 0.6763026432291667 0.185632443359375 0.13075161979166666 0.180153076171875 0.12533162239583334 0.16873540625 0.12264729947916668 0.152400623046875 0.12045966145833333 0.049404162109375 0.6689098307291667
0 0.1973680703125 0.13103162760416667 0.18956153125 0.13002264583333334 0.188460109375 0.128110984375 0.087651701171875 0.679554640625 0.094933859375 0.6853984765625 0.110664021484375 0.6882703229166666 0.126889130859375 0.692084890625 0.223173068359375 0.14205658854166667 0.21878957421875 0.13772059114583332 0.20758387890625 0.133433390625 0.1973680703125 0.13103162760416667
0 0.3303145546875 0.15650320312500002 0.3208056640625 0.15344128125 0.31058985546875 0.15103951562499998 0.2997731171875 0.14849647395833335 0.288638419921875 0.14835774479166666 0.2767968046875 0.14887917447916668 0.204126119140625 0.7077644401041666 0.20790868359375 0.71195915625 0.2253356484375 0.7160562812500001 0.24537830859375 0.7191156510416666 0.264714052734375 0.7228351796875 0.27457589453125 0.7185428749999999 0.346221703125 0.16272208333333335 0.342121181640625 0.16093168489583334 0.3303145546875 0.15650320312500002
0 0.396406404296875 0.13981367447916668 0.365532435546875 0.13503419270833333 0.275063455078125 0.7294001328125 0.346574115234375 0.7462124791666667 0.433028140625 0.1533816796875 0.396406404296875 0.13981367447916668
0 0.3877203203125 0.7583651302083334 0.4249069765625 0.7629760286458334 0.505493697265625 0.17702937500000002 0.496832697265625 0.16755594270833332 0.468800962890625 0.15931289583333333 0.441339529296875 0.156988421875 0.353290330078125 0.7469651223958333 0.3877203203125 0.7583651302083334
0 0.544983189453125 0.25324831770833334 0.503258 0.24178590104166667 0.501716236328125 0.24307614322916668 0.431305232421875 0.7661329895833333 0.47846073828125 0.7796984401041667 0.544983189453125 0.25324831770833334
0 0.483692123046875 0.7776229270833334 0.525757216796875 0.7875125416666666 0.58793218359375 0.26582480729166663 0.5485160546875 0.2557316145833333 0.483692123046875 0.7776229270833334
0 0.533463318359375 0.790150625 0.579734919921875 0.8010292005208334 0.64547741796875 0.24299416666666665 0.600982654296875 0.22922790625 0.533463318359375 0.790150625
0 0.613846951171875 0.8148335234375 0.637495189453125 0.8187405729166667 0.666433994140625 0.5396248854166666 0.700938935546875 0.24529068489583336 0.681532193359375 0.23742268489583332 0.65537424609375 0.23375195052083333 0.5888198671875 0.807296875 0.613846951171875 0.8148335234375
0 0.695546 0.820819484375 0.7319547421875 0.8219420677083332 0.756978041015625 0.2906935234375 0.723431955078125 0.2819803932291667 0.695546 0.820819484375
0 0.818484865234375 0.3035012265625 0.795733701171875 0.28906244791666663 0.794022703125 0.2870074765625 0.76535985546875 0.8364065494791667 0.801768599609375 0.8375291354166667 0.818484865234375 0.3035012265625
0 0.842031923828125 0.8610432057291666 0.87904159375 0.8623070703125001 0.89218625 0.3084332734375 0.867543748046875 0.2943761927083333 0.842031923828125 0.8610432057291666
0 0.93022764453125 0.8875627473958333 0.956167544921875 0.8897740494791666 0.9725713515625 0.7657332317708333 0.974438271484375 0.7500390052083333 0.982924626953125 0.3016699895833333 0.94964181640625 0.29219240104166666 0.93022764453125 0.8875627473958333