0 0.423173681640625 0.08709961458333333 0.727332150390625 0.14550919791666667 0.725180689453125 0.15002301822916667 0.73070579296875 0.15068874479166666 0.743602892578125 0.0656758828125 0.73800089453125 0.06381356770833334 0.439292513671875 0.018379713541666665 0.430222982421875 0.031923348958333334 0.427309486328125 0.05099951041666667 0.423173681640625 0.08709961458333333
0 0.439701830078125 0 0.439287408203125 0.007919861979166666 0.438675376953125 0.014688463541666667 0.733950384765625 0.06246702864583333 0.546044212890625 0 0.439701830078125 0
0 0.4073584609375 0.13560943229166667 0.406754990234375 0.15981116145833332 0.711382296875 0.23319227083333335 0.726474275390625 0.14640643489583333 0.418564037109375 0.08617243489583333 0.4124216875 0.10853277864583333 0.4073584609375 0.13560943229166667
0 0.406292970703125 0.15878603385416667 0.4015400703125 0.1911948984375 0.6872803046875 0.2637372473958333 0.693381197265625 0.22807957291666667 0.406292970703125 0.15878603385416667
0 0.389872423828125 0.23960680468749998 0.685581890625 0.32222446614583333 0.686347337890625 0.31463532552083334 0.686650775390625 0.30602111718749997 0.6894159609375 0.2982252265625 0.6957415234375 0.26846713802083333 0.3969251484375 0.19140373958333334 0.389872423828125 0.23960680468749998
0 0.389874158203125 0.24309341406249999 0.38235772265625 0.28678475260416664 0.673303986328125 0.3808915989583333 0.68426643359375 0.3298325677083333 0.389874158203125 0.24309341406249999
0 0.6744053984375 0.43093392187499996 0.683448146484375 0.38803099218750003 0.37604994140625 0.28555934635416663 0.373133021484375 0.2976623046875 0.368686982421875 0.32843016927083335 0.6744053984375 0.43093392187499996
0 0.366392357421875 0.35468419010416663 0.616723212890625 0.4422610859375 0.622388833984375 0.41853479427083334 0.372841568359375 0.33068284635416667 0.366392357421875 0.35468419010416663
0 0.366392357421875 0.35468419010416663 0.36194286328125 0.37847878124999995 0.610741353515625 0.4731331875 0.615802630859375 0.44718409895833333 0.366392357421875 0.35468419010416663
0 0.3510201171875 0.3774622057291667 0.34703264453125 0.40228192447916666 0.6559919609375 0.5259078515625 0.661847978515625 0.5035423880208333 0.3510201171875 0.3774622057291667
0 0.650777021484375 0.5572915833333333 0.655264857421875 0.5349025338541666 0.347648099609375 0.4024865260416666 0.345650021484375 0.40617991666666664 0.3424296953125 0.42689715624999997 0.650777021484375 0.5572915833333333
0 0.340440259765625 0.4480234661458333 0.34090565234375 0.45602184375000004 0.632113177734375 0.5895106328125 0.63770112109375 0.5573022916666667 0.345200037109375 0.42956107812500005 0.342128001953125 0.43899791666666665 0.340440259765625 0.4480234661458333
0 0.335377033203125 0.4751001223958333 0.333689291015625 0.484125671875 0.62350322265625 0.6278652395833334 0.631105310546875 0.5960705130208334 0.34090565234375 0.45602184375000004 0.338140486328125 0.4638176223958333 0.335377033203125 0.4751001223958333
0 0.56711190234375 0.5991990625 0.33584758203125 0.49355830729166666 0.333082396484375 0.5013541979166667 0.332967626953125 0.5130682526041667 0.33416499609375 0.513043671875 0.563429546875 0.6188912239583334 0.56711190234375 0.5991990625
0 0.333883212890625 0.5158976328125 0.3295844765625 0.5334481744791667 0.560312716796875 0.6399035026041667 0.56521612109375 0.6219485494791667 0.333883212890625 0.5158976328125
0 0.325041767578125 0.54142771875 0.31835631640625 0.5717417135416667 0.58652223046875 0.6911114427083334 0.592873111328125 0.6589342630208334 0.325041767578125 0.54142771875
0 0.315132919921875 0.5862604739583334 0.309166166015625 0.6181689322916667 0.577832875 0.7312082838541666 0.584422212890625 0.7023417187500001 0.315132919921875 0.5862604739583334
0 0.300200048828125 0.633490046875 0.287311845703125 0.7024123958333334 0.595830369140625 0.8334448776041666 0.61062927734375 0.7570235494791667 0.300200048828125 0.633490046875
0 0.580559443359375 0.9232660859375 0.595955033203125 0.8436539427083334 0.28887384765625 0.715810640625 0.27721101171875 0.781375796875 0.580559443359375 0.9232660859375
0 0.57279866796875 0.9566116875 0.5800807734375 0.9231069583333333 0.2779003125 0.7853695911458334 0.272095052734375 0.8147147291666667 0.57279866796875 0.9566116875
0 0.573637994140625 0.9602799791666666 0.27217221875 0.8160017578125 0.268825515625 0.823023265625 0.2640521015625 0.8485500833333334 0.566402962890625 0.9960524557291667 0.5681445859375 0.981500359375 0.5716093046875 0.9711288203125 0.573637994140625 0.9602799791666666
0 0.563635197265625 1 0.26106470703125 0.8563689479166667 0.256651966796875 0.8854048411458333 0.493670986328125 1 0.563635197265625 1