0 0.051784080078125 0.7658106276041666 0.0914321015625 0.771366859375 0.098316939453125 0.19625924218750002 0.05729468359375 0.18832833333333332 0.051784080078125 0.7658106276041666
0 0.091986046875 0.7747176276041667 0.13261334375 0.7782290052083334 0.146141458984375 0.2018702734375 0.1001048515625 0.19541875 0.091986046875 0.7747176276041667
0 0.160763228515625 0.7843559921875 0.17047294921875 0.785716703125 0.188855923828125 0.21003833072916667 0.148495357421875 0.2043822421875 0.13261334375 0.7782290052083334 0.133167291015625 0.7815797734375001 0.160763228515625 0.7843559921875
0 0.172475052734375 0.7914525052083333 0.197813689453125 0.791730296875 0.218709162109375 0.2153129765625 0.19058124609375 0.21028011458333332 0.172475052734375 0.7914525052083333
0 0.25009562109375 0.2218935390625 0.22189046484375 0.21794089583333334 0.2001560546875 0.7931496015625 0.213996556640625 0.7939981484374999 0.225494693359375 0.7934273932291668 0.25009562109375 0.2218935390625
0 0.28803680859375 0.29158230989583334 0.289067203125 0.27754310416666667 0.2898743046875 0.2569263333333333 0.252776798828125 0.25172752604166665 0.227496796875 0.7991631979166667 0.25986252734375 0.8036988984375001 0.28803680859375 0.29158230989583334
0 0.26024634375 0.8092079192708334 0.271224478515625 0.8162016145833334 0.280125056640625 0.8174489322916667 0.290899115234375 0.8156856588541667 0.318825763671875 0.284986578125 0.308486642578125 0.2802645260416667 0.298776923828125 0.2789038151041667 0.289781671875 0.2798253229166667 0.26024634375 0.8092079192708334
0 0.294699244140625 0.818400296875 0.336774697265625 0.8242967083333334 0.369682783203125 0.2822942109375 0.3294530390625 0.2755654114583333 0.294699244140625 0.818400296875
0 0.411939958984375 0.8359213385416666 0.445795359375 0.8319374296875001 0.420532236328125 0.30142171354166664 0.388707724609375 0.30241708854166666 0.411939958984375 0.8359213385416666
0 0.44760548046875 0.84091946875 0.48003457421875 0.8334625390625 0.461798544921875 0.30720473177083335 0.42819833984375 0.30795126302083337 0.44760548046875 0.84091946875
0 0.500461166015625 0.25261532291666666 0.470274005859375 0.25384015625 0.482250361328125 0.8468656145833333 0.495366787109375 0.8465216406249999 0.512145109375 0.8412356145833333 0.500461166015625 0.25261532291666666
0 0.542706748046875 0.256353484375 0.5141487109375 0.25780662239583335 0.517852666015625 0.8518548828125 0.5356538203125 0.8543495182291667 0.546683076171875 0.8493488697916667 0.542706748046875 0.256353484375
0 0.553284841796875 0.8590024036458334 0.597829236328125 0.8543343463541667 0.611956896484375 0.3118820755208333 0.5623739765625 0.3103888072916667 0.553284841796875 0.8590024036458334
0 0.6124289921875 0.8782012708333333 0.656719 0.8865901171875 0.73225444140625 0.3331046354166667 0.676661611328125 0.3242228671875 0.6124289921875 0.8782012708333333
0 0.661656072265625 0.8556416510416667 0.686739517578125 0.8591568203125001 0.762579837890625 0.37444997916666667 0.729575091796875 0.36764263541666664 0.661656072265625 0.8556416510416667
0 0.83684884765625 0.3663101770833333 0.78085554296875 0.35191705468749995 0.694534240234375 0.8744327656249999 0.742103564453125 0.8832811770833334 0.747043490234375 0.8828824062499999 0.83684884765625 0.3663101770833333
0 0.749811181640625 0.8789060807291666 0.7996378046875 0.8902529192708334 0.9040077421875 0.37572175520833334 0.84470865234375 0.3619564088541667 0.749811181640625 0.8789060807291666
0 0.808667001953125 0.9002466302083333 0.833495248046875 0.9069991744791667 0.9514423203125 0.3136332708333333 0.92031057421875 0.30599736197916666 0.808667001953125 0.9002466302083333
0 0.83656169140625 0.9096109973958333 0.862199080078125 0.9164769348958334 0.9846171953125 0.3182823645833333 0.953408611328125 0.3117267317708333 0.83656169140625 0.9096109973958333
0 1 0.3199425755208333 0.990638435546875 0.31694408072916663 0.8638173671875 0.91670371875 0.883066673828125 0.9215833880208333 1 0.36470280208333333 1 0.3199425755208333
0 1 0.36494924739583334 0.88583729296875 0.9197895677083333 0.902401048828125 0.9253839348958333 1 0.4597873046875 1 0.36494924739583334