0 0.6458916640625 1 0.646081548828125 0.9966228776041667 0.24803145703125 0.9420574635416666 0.247082208984375 0.9482516640625 0.467191751953125 1 0.6458916640625 1
0 0.646951658203125 0.9937699166666666 0.649982341796875 0.9572162239583334 0.226935166015625 0.8902144010416667 0.220201712890625 0.9343125260416666 0.646951658203125 0.9937699166666666
0 0.228631177734375 0.8773896432291667 0.227809673828125 0.8904200000000001 0.652193873046875 0.9541298046875001 0.651789119140625 0.9384670885416666 0.228631177734375 0.8773896432291667
0 0.677089419921875 0.9431528828125 0.6804814453125 0.9175033697916667 0.1398926171875 0.8324842526041666 0.132385875 0.8619749114583333 0.677089419921875 0.9431528828125
0 0.14066115234375 0.8062179505208333 0.13948067578125 0.82878096875 0.6828471640625 0.9132510312500001 0.68363287890625 0.8851338177083333 0.14066115234375 0.8062179505208333
0 0.657481986328125 0.8664149583333334 0.667655658203125 0.7690295729166667 0.249956662109375 0.6888594557291667 0.23213258984375 0.7974952890624999 0.657481986328125 0.8664149583333334
0 0.267690072265625 0.5752193645833333 0.250161435546875 0.6804926328124999 0.6658030625 0.7625833203125 0.672805087890625 0.6670744557291667 0.267690072265625 0.5752193645833333
0 0.67613098046875 0.6640320286458333 0.67957123046875 0.6107447760416667 0.282188037109375 0.5064997083333334 0.271238677734375 0.5688407786458333 0.67613098046875 0.6640320286458333
0 0.29257128515625 0.44162128125 0.2831131328125 0.4995044088541667 0.679313435546875 0.605875640625 0.68342808203125 0.5492544713541666 0.29257128515625 0.44162128125
0 0.68645643359375 0.5450438697916666 0.688971578125 0.4987519947916667 0.3088712265625 0.38654869010416665 0.29915531640625 0.439562765625 0.68645643359375 0.5450438697916666
0 0.313906287109375 0.3348384713541666 0.307172828125 0.37893667708333334 0.689588330078125 0.4940883046875 0.691949296875 0.44896227604166666 0.313906287109375 0.3348384713541666
0 0.694006640625 0.44704178125 0.698220212890625 0.40836192187500003 0.345125654296875 0.29649713020833335 0.337259955078125 0.335520453125 0.694006640625 0.44704178125
0 0.6978082421875 0.4046586302083333 0.703616625 0.3675558125 0.3515507421875 0.25473077083333334 0.345742384765625 0.29183359895833333 0.6978082421875 0.4046586302083333
0 0.3512423671875 0.25706261458333335 0.3528878046875 0.2514386796875 0.697237341796875 0.36124749739583334 0.699300958984375 0.32425080729166667 0.345887048828125 0.20892021093750002 0.33899941015625 0.25418426302083336 0.3512423671875 0.25706261458333335
0 0.7041250078125 0.31598345312500004 0.707618234375 0.27593214843749997 0.354031818359375 0.15316955468750001 0.347120509765625 0.19959314583333332 0.7041250078125 0.31598345312500004
0 0.3434564375 0.09775229947916668 0.33425367578125 0.14006771354166667 0.709263609375 0.2703083619791667 0.71348979296875 0.22445737239583333 0.3434564375 0.09775229947916668
0 0.714864837890625 0.2211354375 0.7185122421875 0.1799182890625 0.354020078125 0.040782338541666664 0.34700502734375 0.09137370833333334 0.714864837890625 0.2211354375
0 0.386398484375 0.011677200520833333 0.38254390625 0.040824401041666666 0.7204659921875 0.17196265624999998 0.722872341796875 0.14601086197916666 0.386398484375 0.011677200520833333
0 0.387735517578125 0 0.38701521484375 0.0070136692708333325 0.7206684140625 0.1431589140625 0.72220783203125 0.11106323177083333 0.44814997265625 0 0.387735517578125 0
0 0.483646625 0 0.728122171875 0.10043230729166668 0.730501017578125 0.06582983854166667 0.610750091796875 0.018324333333333335 0.53280825 0 0.483646625 0