0 0.27850643359375 0.9287719479166667 0.282718408203125 0.9344443567708334 0.2863709765625 0.9340421041666667 0.72477942578125 0.8868603645833333 0.7232921328125 0.8707096484375 0.72106119140625 0.8464835703125 0.719127708984375 0.825487640625 0.717045498046875 0.8028766380208333 0.273003447265625 0.8690142994791666 0.273554826171875 0.9017124427083334 0.27850643359375 0.9287719479166667
0 0.307759087890625 0.8190600026041667 0.311181919921875 0.8428736744791667 0.316494236328125 0.847139515625 0.709797640625 0.7909478359375001 0.711923390625 0.787320984375 0.7109040546875 0.7628965546875 0.70867311328125 0.7386704765625001 0.70384846484375 0.72634496875 0.304784498046875 0.7867585677083334 0.305676875 0.7964489973958333 0.307759087890625 0.8190600026041667
0 0.330656259765625 0.7071096822916667 0.332503099609375 0.7672307291666667 0.333884767578125 0.7688791171874999 0.705379296875 0.7162578307291666 0.699727580078125 0.6548851067708333 0.330656259765625 0.7071096822916667
0 0.315311708984375 0.6473237994791666 0.31928282421875 0.70380196875 0.320814697265625 0.7070814531249999 0.6985159765625 0.6550834609375 0.693778404296875 0.5902822395833334 0.315311708984375 0.6473237994791666
0 0.309213802734375 0.581105859375 0.31484130859375 0.642215671875 0.318351603515625 0.6402684479166666 0.692120611328125 0.5856353776041666 0.686022705078125 0.5194174375 0.309213802734375 0.581105859375
0 0.681241595703125 0.48085407291666665 0.67660921484375 0.44390577864583336 0.3125112734375 0.5100709348958333 0.315416451171875 0.5683292864583334 0.314528177734375 0.5720387239583333 0.682409662109375 0.5068935755208334 0.681241595703125 0.48085407291666665
0 0.67403727734375 0.4426874166666667 0.674059046875 0.4295684895833333 0.6704677734375 0.4039256979166667 0.666281580078125 0.3718226197916667 0.303395240234375 0.43778942187500003 0.3082541953125 0.5039087552083333 0.316762771484375 0.5028172291666667 0.67403727734375 0.4426874166666667
0 0.35519676171875 0.4260300104166667 0.665686662109375 0.36536233333333334 0.667366224609375 0.356890265625 0.6654327421875 0.33589433072916663 0.66424290625 0.3229737578125 0.34890658984375 0.38443485677083333 0.3473757578125 0.39452199479166666 0.351235484375 0.4230799453125 0.35519676171875 0.4260300104166667
0 0.66485959375 0.3163151171875 0.662926111328125 0.29531918489583336 0.658569419921875 0.2747199609375 0.339130333984375 0.34504984114583337 0.34032016796875 0.35797041406249996 0.343435216796875 0.37844178906250003 0.344974318359375 0.38179977864583337 0.66485959375 0.3163151171875
0 0.280614220703125 0.29724995312499997 0.283387201171875 0.34071742447916664 0.285990248046875 0.3422736041666667 0.6599515234375 0.26301775 0.654278037109375 0.21476395572916665 0.280614220703125 0.29724995312499997
0 0.14249499609375 0.2264148567708333 0.14532085546875 0.25710121874999997 0.151897486328125 0.28845174479166663 0.15329058984375 0.2902243046875 0.653131740234375 0.1756055234375 0.652409861328125 0.15441123697916667 0.651709751953125 0.12009802083333333 0.64707737109375 0.08314972916666667 0.644229744140625 0.06558229427083333 0.146663072265625 0.17818929166666667 0.141497427734375 0.18887149739583334 0.14249499609375 0.2264148567708333
0 0.481258095703125 0.09882051302083333 0.641657806640625 0.06436393229166666 0.639553826171875 0.05487185677083333 0.267061728515625 0.06994978385416667 0.26325641796875 0.08204870833333333 0.266662505859375 0.10568052864583333 0.26820802734375 0.10910821614583333 0.481258095703125 0.09882051302083333
0 0.55290382421875 0 0.287405080078125 0.037109750000000004 0.2926169140625 0.06699509114583334 0.532805697265625 0.0575931015625 0.63245469921875 0.04455813020833333 0.63339061328125 0.02801070572916667 0.63081115234375 0 0.55290382421875 0