0 0 0.4279703177083333 0.074749552734375 0.888841625 0.149522564453125 0.8664595468749999 0.044280951171875 0.19547096354166668 0 0.20238875260416667 0 0.4279703177083333
0 0.15476573046875 0.8620565130208333 0.22708824609375 0.8467834973958334 0.128362865234375 0.18210898697916666 0.05417310546875 0.19448054166666665 0.15476573046875 0.8620565130208333
0 0.237407525390625 0.8435056848958333 0.2838880625 0.8325913645833333 0.198123734375 0.21461652083333335 0.14415633203125 0.22491472395833334 0.237407525390625 0.8435056848958333
0 0.292218255859375 0.8264378203125 0.352105099609375 0.8104951770833333 0.274177890625 0.22382314843749998 0.20481509375 0.23627394010416666 0.292218255859375 0.8264378203125
0 0.36107182421875 0.8097001848958333 0.409159529296875 0.7984464661458334 0.414530001953125 0.795115140625 0.33562408203125 0.19326946614583332 0.321963162109375 0.19615436979166667 0.303989966796875 0.20434431510416665 0.28660548828125 0.20362117708333335 0.2795492890625 0.20511129947916665 0.36107182421875 0.8097001848958333
0 0.396059896484375 0.175013703125 0.3373342890625 0.185218140625 0.421213283203125 0.7959009635416666 0.4544148203125 0.7910866770833334 0.4695556015625 0.7867906614583333 0.396059896484375 0.175013703125
0 0.457768779296875 0.16747504166666669 0.401469666015625 0.17716705729166668 0.473191599609375 0.7827270286458333 0.492732216796875 0.7807976484375 0.52394466796875 0.7731076302083334 0.457768779296875 0.16747504166666669
0 0.5313042265625 0.7726520390624999 0.58704584765625 0.7564861848958334 0.523956984375 0.14910308333333333 0.465939541015625 0.15805938020833335 0.5313042265625 0.7726520390624999
0 0.593092595703125 0.7519134531249999 0.61601459765625 0.743777015625 0.560961568359375 0.1346969140625 0.535104806640625 0.1368615390625 0.593092595703125 0.7519134531249999
0 0.615637390625 0.7328707239583333 0.6375887578125 0.7304322421874999 0.585248916015625 0.13725809635416666 0.56264809375 0.13983373177083333 0.615637390625 0.7328707239583333
0 0.641479369140625 0.7285120286458334 0.682334822265625 0.7187856093749999 0.63489596875 0.11139333854166666 0.588582478515625 0.11677940625 0.641479369140625 0.7285120286458334
0 0.685294544921875 0.7159633880208333 0.7253464140625 0.7064066692708333 0.680954841796875 0.10386384895833334 0.639087349609375 0.11050820572916666 0.685294544921875 0.7159633880208333
0 0.732451357421875 0.7038076588541666 0.7652709765625 0.6957782395833334 0.727403712890625 0.12042109114583333 0.6883224765625 0.12427985677083332 0.732451357421875 0.7038076588541666
0 0.80409759765625 0.6897760520833334 0.819365685546875 0.68655175 0.7951115234375 0.0940380625 0.74299000390625 0.09735488020833333 0.775335642578125 0.6903570078125 0.782018923828125 0.6911428255208333 0.80409759765625 0.6897760520833334
0 0.83386993359375 0.6768971822916666 0.85197043359375 0.6697789479166666 0.824668986328125 0.07241580729166668 0.807881744140625 0.07486233333333334 0.83386993359375 0.6768971822916666
0 0.85907537890625 0.6671799374999999 0.879968552734375 0.662767734375 0.8535979921875 0.0663066015625 0.8311914453125 0.06993980729166667 0.85907537890625 0.6671799374999999
0 0.883055578125 0.6610172213541666 0.9063595 0.6560959166666667 0.883457892578125 0.061099406249999995 0.858520060546875 0.06416857031249999 0.883055578125 0.6610172213541666
0 0.91172997265625 0.6527645963541667 0.935837478515625 0.6476735911458333 0.915728537109375 0.05538311197916667 0.889191115234375 0.058790072916666665 0.91172997265625 0.6527645963541667
0 0.936641060546875 0.647503890625 0.949371091796875 0.6437169765625 0.93329622265625 0.09232119270833333 0.91760647265625 0.09893032812500001 0.936641060546875 0.647503890625
0 0.95207619921875 0.6387513333333333 0.967216978515625 0.6344553203125 0.949622505859375 0.09107061197916666 0.93434521875 0.09209966666666668 0.95207619921875 0.6387513333333333