0 0.661866166015625 0.9053115989583334 0.24008375390625 0.8438594036458333 0.23965829296875 0.8503434401041666 0.2370594921875 0.8712746953125 0.236337958984375 0.8916082317708334 0.23704521484375 0.9088416041666667 0.657664751953125 0.9693414374999999 0.661866166015625 0.9053115989583334
0 0.655982720703125 0.8735903776041667 0.659811857421875 0.8152340677083334 0.31559124609375 0.7669131171875 0.310503978515625 0.8257687473958333 0.655982720703125 0.8735903776041667
0 0.659522923828125 0.8103001145833333 0.662189185546875 0.7509914453125001 0.31936719921875 0.7093673125 0.3157097109375 0.765107703125 0.659522923828125 0.8103001145833333
0 0.30912723046875 0.697353171875 0.66028889453125 0.7426026927083332 0.662591623046875 0.7355209348958334 0.6628876953125 0.7216714322916666 0.660827857421875 0.7157141953125 0.313643302734375 0.675214578125 0.31049679296875 0.6764809479166667 0.307692400390625 0.6818707708333333 0.307768603515625 0.6900467395833334 0.30912723046875 0.697353171875
0 0.66384498046875 0.7070823567708334 0.665303927734375 0.6941852161458333 0.662795607421875 0.6857255364583333 0.31098257421875 0.6504029583333334 0.309128326171875 0.6599871536458334 0.30961343359375 0.6712687447916666 0.661648615234375 0.7125431041666667 0.66384498046875 0.7070823567708334
0 0.663669548828125 0.6817439401041666 0.664155330078125 0.6556659479166667 0.351810998046875 0.6257641640625 0.35028274609375 0.6490548307291667 0.663669548828125 0.6817439401041666
0 0.665690482421875 0.6509447786458333 0.666731109375 0.62574821875 0.352403142578125 0.5980651640625 0.35082214453125 0.6221597005208334 0.665690482421875 0.6509447786458333
0 0.665438845703125 0.6174303932291666 0.666615998046875 0.5808158437500001 0.3221223359375 0.5553308697916667 0.31979723046875 0.5907656328125 0.665438845703125 0.6174303932291666
0 0.6674367578125 0.5776447526041667 0.6693283046875 0.539480125 0.32361858203125 0.5138532942708333 0.32063292578125 0.5500175859374999 0.6674367578125 0.5776447526041667
0 0.668437 0.5343890052083333 0.671445376953125 0.47920378645833334 0.349897267578125 0.4588455703125 0.347005837890625 0.5122484921875 0.668437 0.5343890052083333
0 0.671209625 0.4734593307291666 0.67471966796875 0.419966046875 0.354068521484375 0.40461270833333335 0.3512843671875 0.4563807526041667 0.671209625 0.4734593307291666
0 0.325626078125 0.3245242916666667 0.323399552734375 0.33978201822916665 0.3212262109375 0.3542292395833333 0.320375291015625 0.3671973098958334 0.319972853515625 0.38266781770833336 0.320350408203125 0.3955885104166667 0.322108896484375 0.39680103125000005 0.675304673828125 0.4110504973958333 0.676391345703125 0.40382688541666667 0.6772192421875 0.38187234114583335 0.67817652734375 0.367283265625 0.679186994140625 0.35188368229166667 0.67898140234375 0.33634224479166663 0.325998353515625 0.3188507630208333 0.325626078125 0.3245242916666667
0 0.33176508203125 0.24030277083333332 0.3293028046875 0.24981604166666668 0.32845188671875 0.262784109375 0.327388236328125 0.27899419531249997 0.326324587890625 0.29520428125000003 0.32654398046875 0.3105353802083333 0.678958380859375 0.32735577083333334 0.681261109375 0.32027401562499996 0.681344451171875 0.3096665338541667 0.68169370703125 0.29500652604166666 0.6818072109375 0.2746020651041667 0.682658130859375 0.26163399479166666 0.68324313671875 0.2527184479166667 0.33324705078125 0.23639210416666667 0.33176508203125 0.24030277083333332
0 0.331737943359375 0.18469235677083332 0.330833841796875 0.1984709296875 0.3312521640625 0.21077034895833333 0.33218271875 0.22460061718750002 0.684098685546875 0.23967982291666667 0.6849194453125 0.23650873177083334 0.68669748828125 0.21874856510416665 0.68744204296875 0.20740150520833334 0.688558873046875 0.19038091666666668 0.684887677734375 0.180968875 0.338775517578125 0.1708125546875 0.334914615234375 0.1736290078125 0.331737943359375 0.18469235677083332
0 0.333461197265625 0.10240585677083335 0.331979228515625 0.10631652343749999 0.329516951171875 0.11582979166666667 0.329274060546875 0.12886878906250002 0.32831677734375 0.14345786458333334 0.330016029296875 0.1549104609375 0.331060849609375 0.15766200520833332 0.688011166015625 0.17071602864583335 0.689439953125 0.1676158671875 0.6900249609375 0.15870031770833334 0.69021466796875 0.146471828125 0.690404375 0.1342433359375 0.691308478515625 0.12046476041666666 0.690730609375 0.11059685416666666 0.333461197265625 0.10240585677083335
0 0.690707587890625 0.10161038020833334 0.692758681640625 0.06101423958333333 0.3448756171875 0.049834630208333335 0.342837283203125 0.09023631510416667 0.690707587890625 0.10161038020833334
0 0.3430667890625 0 0.34090625390625 0.026292026041666666 0.698557173828125 0.03800610677083333 0.69894213671875 0.021296989583333332 0.51637284765625 0 0.3430667890625 0