0 0.536108392578125 1 0.76561441015625 0.9405180651041666 0.76373054296875 0.9203477708333333 0.408487982421875 0.9914203359374999 0.409154306640625 1 0.536108392578125 1
0 0.7670811875 0.9205844765625 0.762669716796875 0.8675777057291666 0.404231755859375 0.9394784322916667 0.408010498046875 0.9881450807291667 0.7670811875 0.9205844765625
0 0.397934740234375 0.8792246145833333 0.40313130078125 0.9319299661458333 0.404898001953125 0.9326751328124999 0.764600541015625 0.8637619739583333 0.76129840625 0.8126778984374999 0.397934740234375 0.8792246145833333
0 0.392747056640625 0.8208934921875 0.398740390625 0.8733775442708334 0.400509169921875 0.8741369713541666 0.759102376953125 0.8033011145833333 0.756265966796875 0.7554116484375001 0.392747056640625 0.8208934921875
0 0.755489755859375 0.7500873020833333 0.751544013671875 0.7002751380208333 0.38676052734375 0.7627694166666666 0.392263490234375 0.8175765104166667 0.755489755859375 0.7500873020833333
0 0.756181873046875 0.6979680208333333 0.749551734375 0.6411158541666667 0.38186069140625 0.7120994244791666 0.38658544140625 0.7615684374999999 0.756181873046875 0.6979680208333333
0 0.751970923828125 0.6349633411458333 0.7502212109375 0.5945279635416666 0.362403671875 0.6696226875 0.365729240234375 0.7094941406249999 0.751970923828125 0.6349633411458333
0 0.357303314453125 0.6289506041666667 0.360960427734375 0.6654095807291667 0.3612943359375 0.6676999895833333 0.749445 0.5892036145833334 0.74498825390625 0.5472596171875 0.357303314453125 0.6289506041666667
0 0.381605177734375 0.5795531328125 0.3847949453125 0.6128064088541666 0.3859293203125 0.6149008697916667 0.7458097421875 0.5415211901041667 0.742750173828125 0.5091610208333334 0.381605177734375 0.5795531328125
0 0.742928056640625 0.5046944999999999 0.737782421875 0.4750851953125 0.3783903671875 0.5461280963541667 0.381756669921875 0.5749056067708334 0.742928056640625 0.5046944999999999
0 0.33890871484375 0.5539546979166666 0.341022287109375 0.5513925026041667 0.743707498046875 0.4702342578125 0.746016724609375 0.45195409895833333 0.74337760546875 0.4338513151041667 0.7387850234375 0.42509565624999995 0.335766689453125 0.509655546875 0.333790587890625 0.5245340572916667 0.33500988671875 0.5385844036458333 0.33890871484375 0.5539546979166666
0 0.342717005859375 0.44928368229166665 0.3496959609375 0.49146849739583337 0.352432580078125 0.4931800416666667 0.7434455234375 0.41725715104166666 0.741230083984375 0.3736271640625 0.342717005859375 0.44928368229166665
0 0.735906568359375 0.348484375 0.730560416015625 0.32887297916666663 0.340213720703125 0.39799256770833336 0.34448375390625 0.4386558255208333 0.344825708984375 0.44100143229166666 0.735971255859375 0.37167480208333337 0.735906568359375 0.348484375
0 0.35732916015625 0.310673875 0.36576644140625 0.38560864062500005 0.367397267578125 0.38542178645833336 0.729939447265625 0.32461349739583334 0.722578373046875 0.25137420572916663 0.35732916015625 0.310673875
0 0.3474842109375 0.22039666666666669 0.35574053125 0.29977682552083335 0.35528837109375 0.30236195833333335 0.72788248046875 0.24226379166666667 0.7210097734375 0.16668771614583333 0.3474842109375 0.22039666666666669
0 0.31287167578125 0.1763223229166667 0.316956013671875 0.22139848437499998 0.318593 0.22125388541666668 0.719923076171875 0.15923362760416668 0.71881697265625 0.11752633854166666 0.31287167578125 0.1763223229166667
0 0.32165902734375 0.17404487239583333 0.7242763203125 0.10948079427083333 0.725964576171875 0.08694115625 0.724434794921875 0.07076107291666667 0.719399125 0.0532794140625 0.31378694921875 0.10867374739583334 0.3170243984375 0.13656739583333333 0.320020423828125 0.17417838020833332 0.32165902734375 0.17404487239583333
0 0.6656616484375 0 0.30877715234375 0.045876109375 0.30842138671875 0.05480914583333333 0.310239017578125 0.07865035937499999 0.31392142578125 0.10390948697916667 0.312677615234375 0.10675104947916668 0.71877815625 0.04901993489583333 0.71993276953125 0.03987985677083333 0.720000685546875 0.0232856875 0.71784993359375 0.002846125 0.716920375 0 0.6656616484375 0