0 0.05449022265625 0.7328195937499999 0.082530478515625 0.7357570755208332 0.109120119140625 0.22855800520833333 0.078368451171875 0.22226432552083333 0.05449022265625 0.7328195937499999
0 0.13766426953125 0.23454230729166667 0.11059190234375 0.22876422656249998 0.082530478515625 0.7357570755208332 0.1112861328125 0.7387397734375 0.13766426953125 0.23454230729166667
0 0.17023473046875 0.22720162760416665 0.140064201171875 0.22297355989583334 0.111887822265625 0.740863234375 0.1420583984375 0.7450913072916667 0.17023473046875 0.22720162760416665
0 0.2114453828125 0.2518265286458333 0.17252177734375 0.24537972916666664 0.145001859375 0.7455038020833333 0.181699060546875 0.7486073671875001 0.2114453828125 0.2518265286458333
0 0.18253103515625 0.7507631015624999 0.216458310546875 0.7545255833333333 0.249710369140625 0.2595302421875 0.21283976171875 0.2530140208333333 0.18253103515625 0.7507631015624999
0 0.276628119140625 0.2649295260416667 0.25168601953125 0.2604420651041667 0.219015021484375 0.7598442682291666 0.240995056640625 0.764554375 0.276628119140625 0.2649295260416667
0 0.242408037109375 0.76510678125 0.265955810546875 0.7684067421875 0.3012531875 0.2700265390625 0.27655076953125 0.26591077343749997 0.242408037109375 0.76510678125
0 0.342007373046875 0.30385434375000003 0.304632896484375 0.29663255208333333 0.278889900390625 0.7553379374999999 0.31405680859375 0.762250359375 0.342007373046875 0.30385434375000003
0 0.382170658203125 0.313451140625 0.341465921875 0.31072307552083334 0.322732529296875 0.7654504036458333 0.358646443359375 0.7668583151041667 0.382170658203125 0.313451140625
0 0.3587523671875 0.7804190390625 0.393415486328125 0.7842845729166666 0.42345450390625 0.2993948515625 0.3845308984375 0.29294805208333335 0.3587523671875 0.7804190390625
0 0.4628818984375 0.3088885234375 0.422486564453125 0.3022354765625 0.396940130859375 0.7867627526041666 0.429742337890625 0.7888231328124999 0.4628818984375 0.3088885234375
0 0.43144855078125 0.7925907760416666 0.466770158203125 0.7975407109375 0.5028673515625 0.317919375 0.463231037109375 0.31389789322916667 0.43144855078125 0.7925907760416666
0 0.468823076171875 0.7998125755208334 0.503408744140625 0.804659375 0.539927044921875 0.32529497395833334 0.502154642578125 0.32034469010416666 0.468823076171875 0.7998125755208334
0 0.58851654296875 0.281850875 0.548857146484375 0.27530096354166667 0.50433907421875 0.8117343776041667 0.541713599609375 0.8189561770833333 0.58851654296875 0.281850875
0 0.628679830078125 0.29144765624999996 0.591227953125 0.28520710416666667 0.543262626953125 0.8181812057291666 0.580210716796875 0.8213748359375 0.628679830078125 0.29144765624999996
0 0.582263630859375 0.8236467656249999 0.6174305390625 0.8305591901041667 0.67478365234375 0.29618760677083333 0.6361932265625 0.29051640625 0.582263630859375 0.8236467656249999
0 0.617971990234375 0.8236904401041666 0.630404318359375 0.8264247447916667 0.682097046875 0.3783005260416667 0.66900623046875 0.3744818203125 0.617971990234375 0.8236904401041666
0 0.653565337890625 0.8346309661458333 0.666733599609375 0.83746846875 0.731740978515625 0.31481933854166666 0.69738726171875 0.30702878906250003 0.632302533203125 0.8306591666666666 0.653565337890625 0.8346309661458333
0 0.7779458828125 0.3232786171875 0.743514814453125 0.3164693125 0.66894121875 0.83777784375 0.703449640625 0.8436058697916667 0.7779458828125 0.3232786171875
0 0.70511367578125 0.8319340468749999 0.72277452734375 0.8344090208333333 0.792702453125 0.3989052838541667 0.770904900390625 0.3937222552083333 0.70511367578125 0.8319340468749999
0 0.72447826171875 0.8316714921875 0.73993149609375 0.8338370911458334 0.815483423828125 0.4039377838541667 0.794956462890625 0.4000690703125 0.72447826171875 0.8316714921875