0 0.011365646484375 0.6050540338541667 0.032286580078125 0.6142455078125 0.141396646484375 0.1249227109375 0.120871390625 0.11809934895833334 0.011365646484375 0.6050540338541667
0 0.036430623046875 0.6145048541666667 0.060113607421875 0.6223779609375 0.16606594140625 0.13200541666666668 0.14704041796875 0.12679890885416667 0.036430623046875 0.6145048541666667
0 0.084782904296875 0.629460671875 0.187784017578125 0.15935448697916668 0.177521388671875 0.15594280729166668 0.16955438671875 0.15441256510416665 0.0662321953125 0.625530296875 0.074323400390625 0.6271018281249999 0.084782904296875 0.629460671875
0 0.083400916015625 0.6278829583333333 0.12603029296875 0.6420545546875 0.2308013671875 0.15799903906249999 0.19303787890625 0.145445046875 0.083400916015625 0.6278829583333333
0 0.1335308671875 0.6467845989583333 0.17083108984375 0.6580663020833334 0.28387290625 0.1342653671875 0.24671352734375 0.12303048958333333 0.1335308671875 0.6467845989583333
0 0.174384501953125 0.6614841614583333 0.200632662109375 0.6690917421874999 0.31031987109375 0.14529389843749999 0.287181466796875 0.13536525520833334 0.174384501953125 0.6614841614583333
0 0.195110486328125 0.6762022656250001 0.240305037109375 0.6901083333333333 0.357075947265625 0.119460734375 0.32012989453125 0.10717848697916667 0.195110486328125 0.6762022656250001
0 0.245238509765625 0.6906301145833332 0.287867888671875 0.7048017135416668 0.402073623046875 0.134419640625 0.361980212890625 0.12109109635416666 0.245238509765625 0.6906301145833332
0 0.29339391796875 0.7066387708333334 0.32358924609375 0.7155585390625 0.4371927890625 0.12149223958333333 0.411517208984375 0.11183843229166666 0.29339391796875 0.7066387708333334
0 0.32635322265625 0.7187139635416666 0.361877703125 0.7305236276041667 0.467007849609375 0.16383421354166666 0.43541992578125 0.15445149479166667 0.32635322265625 0.7187139635416666
0 0.365232310546875 0.7305205338541666 0.39878224609375 0.7394372109375 0.501547947265625 0.1809080703125 0.46937608203125 0.17021294010416665 0.365232310546875 0.7305205338541666
0 0.40154622265625 0.7425926354166666 0.442990486328125 0.7541336822916667 0.54594728515625 0.18113033072916665 0.506876015625 0.16702329427083332 0.40154622265625 0.7425926354166666
0 0.44733333203125 0.7578139791666666 0.4903564609375 0.7698799010416667 0.5852220546875 0.19530501822916668 0.55149109765625 0.18409158854166666 0.44733333203125 0.7578139791666666
0 0.499235171875 0.7672400807291666 0.535549083984375 0.7793121796875 0.60716398046875 0.28423430989583337 0.57600779296875 0.27275854427083335 0.499235171875 0.7672400807291666
0 0.53762214453125 0.7777647656250001 0.574528615234375 0.7911521432291666 0.645550953125 0.29475899739583333 0.610554578125 0.2853614713541667 0.53762214453125 0.7777647656250001
0 0.581040955078125 0.7921987994791667 0.63728756640625 0.8097789869791666 0.7079026640625 0.28417498697916665 0.6521931640625 0.26900993229166664 0.581040955078125 0.7921987994791667
0 0.64143353515625 0.8145121249999999 0.702021064453125 0.8312988203125 0.769082748046875 0.30227695833333335 0.713189326171875 0.2836958984375 0.64143353515625 0.8145121249999999
0 0.70715333984375 0.8352415546874999 0.729454337890625 0.8415369505208333 0.7959176875 0.29777844531250003 0.77635325390625 0.29127449739583333 0.70715333984375 0.8352415546874999
0 0.731625759765625 0.8433770989583333 0.75471619140625 0.8499349322916667 0.82078578515625 0.3082821041666667 0.80104996484375 0.3017211796875 0.731625759765625 0.8433770989583333
0 0.824578111328125 0.8664499192708334 0.84490263671875 0.8653785416666667 0.815103341796875 0.40144747395833336 0.80938043359375 0.40066325520833335 0.80328496875 0.45119639843750003 0.80171573828125 0.4730404739583333 0.824578111328125 0.8664499192708334
0 0.846879109375 0.8727453177083334 0.871148873046875 0.8685123307291667 0.836418029296875 0.40853327083333335 0.818055513671875 0.4091386119791667 0.846879109375 0.8727453177083334
0 0.878259548828125 0.8842956328125 0.9017418046875 0.8842740026041667 0.872728087890625 0.4116577942708333 0.85220476171875 0.4093082213541666 0.878259548828125 0.8842956328125