0 0.14207166015625 0.898906625 0.18120270703125 0.8953323125 0.129717291015625 0.3031232291666667 0.088439453125 0.30793835416666665 0.14207166015625 0.898906625
0 0.205195529296875 0.8648017135416667 0.241313625 0.8605884791666667 0.20346842578125 0.4134108359375 0.163992404296875 0.41797564322916664 0.205195529296875 0.8648017135416667
0 0.289704560546875 0.8509819244791667 0.310822625 0.8445567291666666 0.23374823046875 0.4142355078125 0.2108814453125 0.4194388984375 0.289704560546875 0.8509819244791667
0 0.259401369140625 0.4117981328125 0.23607201953125 0.41848124999999997 0.316369337890625 0.8498522760416667 0.33460348828125 0.8447539453125 0.259401369140625 0.4117981328125
0 0.337782185546875 0.8592394635416666 0.369956818359375 0.8515245677083333 0.283911267578125 0.3321389140625 0.247193267578125 0.33894057812499995 0.337782185546875 0.8592394635416666
0 0.372426126953125 0.8551981953125 0.40674755078125 0.8462424843749999 0.32208534375 0.3287750625 0.28491460546875 0.3365211666666667 0.372426126953125 0.8551981953125
0 0.363305646484375 0.331338421875 0.32510520703125 0.3377753984375 0.409953986328125 0.849830125 0.444404392578125 0.842840140625 0.363305646484375 0.331338421875
0 0.4492140234375 0.8482216041666667 0.48347094921875 0.8382829661458334 0.400794689453125 0.32068270833333334 0.363978279296875 0.3302695390625 0.4492140234375 0.8482216041666667
0 0.43903394140625 0.31953332291666664 0.401764111328125 0.32883301822916666 0.48840956640625 0.8456302239583334 0.521993861328125 0.8367605 0.43903394140625 0.31953332291666664
0 0.5260664140625 0.8422279453125 0.55737487890625 0.8326332500000001 0.4749944375 0.31856247916666663 0.441696734375 0.326155671875 0.5260664140625 0.8422279453125
0 0.558434525390625 0.8374617031249999 0.588333333984375 0.8290218984375 0.507422650390625 0.3147796770833333 0.474930916015625 0.32326927083333334 0.558434525390625 0.8374617031249999
0 0.5944972421875 0.8550442187499999 0.629491294921875 0.8450195911458334 0.5459418125 0.2961677109375 0.514222505859375 0.30636196614583333 0.5944972421875 0.8550442187499999
0 0.585072814453125 0.2925934557291667 0.552096611328125 0.2994114375 0.63215408984375 0.8516419401041667 0.66353965234375 0.8389970755208332 0.585072814453125 0.2925934557291667
0 0.6712483359375 0.8361868932291667 0.71236042578125 0.8175251692708333 0.639977873046875 0.3030258697916667 0.5954660078125 0.3151511979166667 0.6712483359375 0.8361868932291667
0 0.688755775390625 0.29931669010416667 0.6435712265625 0.312510921875 0.715502322265625 0.820129953125 0.7604292265625 0.8091781145833333 0.688755775390625 0.29931669010416667
0 0.78116911328125 0.8134602708333333 0.790751419921875 0.8123424791666666 0.803088751953125 0.8079320234375 0.810266341796875 0.804123453125 0.73156324609375 0.27253384375 0.689263927734375 0.2848538958333333 0.772194890625 0.8125262239583333 0.78116911328125 0.8134602708333333
0 0.841197056640625 0.8114099817708333 0.849655322265625 0.8044807968750001 0.77659106640625 0.26827169791666666 0.73355335546875 0.28022508333333335 0.8129936328125 0.8117287317708333 0.828187138671875 0.8168892838541667 0.841197056640625 0.8114099817708333
0 0.877444142578125 0.8091625416666667 0.890804171875 0.7976998828125 0.820983330078125 0.26295333854166664 0.778452287109375 0.27399711718750003 0.854142482421875 0.8049478151041667 0.866387580078125 0.8104523072916666 0.877444142578125 0.8091625416666667
0 0.89003023828125 0.7859050677083333 0.914833892578125 0.7790500052083332 0.855934431640625 0.31006930729166665 0.833209833984375 0.316140265625 0.8301969296875 0.31550130729166664 0.82798559765625 0.31575926302083335 0.89003023828125 0.7859050677083333
0 0.865513451171875 0.31039112760416665 0.858206875 0.3122339036458333 0.914833892578125 0.7790500052083332 0.946709169921875 0.7721992708333333 0.8890363359375 0.3066567265625 0.864969859375 0.31342582812500003 0.865513451171875 0.31039112760416665