0 0.50327262109375 1 0.66227888671875 0.9962993802083333 0.806470896484375 0.9534692395833333 0.798221328125 0.8660413489583334 0.369972775390625 0.9884931171875001 0.371010501953125 1 0.50327262109375 1
0 0.8008074296875 0.860060875 0.794968958984375 0.8211230104166667 0.415088572265625 0.9117213359375 0.418401775390625 0.9565806484375 0.8008074296875 0.860060875
0 0.394108923828125 0.8647899401041667 0.3974078125 0.9132593072916667 0.79582578515625 0.81873496875 0.79127340625 0.7740403411458333 0.394108923828125 0.8647899401041667
0 0.392244 0.8080704713541667 0.392209224609375 0.8553616796875 0.783679359375 0.7728395364583333 0.78245056640625 0.7468189713541666 0.786657404296875 0.7289602838541667 0.392244 0.8080704713541667
0 0.405190697265625 0.7615193854166667 0.401732240234375 0.7687041692708334 0.3947998984375 0.7818900911458333 0.39506333203125 0.8020129192708333 0.8043679765625 0.7249959895833333 0.799810421875 0.6800773750000001 0.405066728515625 0.752049875 0.405190697265625 0.7615193854166667
0 0.77328224609375 0.6570443619791667 0.7691264375 0.6109630416666666 0.349807478515625 0.6692681692708334 0.354015416015625 0.7230095911458333 0.77328224609375 0.6570443619791667
0 0.34801628125 0.66812584375 0.769952333984375 0.6062076223958334 0.77138712109375 0.5801250677083333 0.768522091796875 0.5647990651041667 0.765750099609375 0.5565751953125 0.36764658984375 0.6072822682291666 0.3731131875 0.6178115260416667 0.362660404296875 0.6334474791666667 0.347083201171875 0.6411271822916667 0.34801628125 0.66812584375
0 0.7572015625 0.5141482942708333 0.755363875 0.5094547057291666 0.34104659765625 0.5427784296875 0.34352335546875 0.593025609375 0.758647240234375 0.5567405026041666 0.76110937109375 0.5412905182291666 0.7572015625 0.5141482942708333
0 0.333014005859375 0.4719222604166667 0.33749516796875 0.5428610833333333 0.7695074921875 0.5043893385416667 0.7669105 0.441695046875 0.333014005859375 0.4719222604166667
0 0.7695585859375 0.44044940885416667 0.7687527890625 0.3788974375 0.330076083984375 0.3831865807291666 0.33100584765625 0.4542080572916667 0.7695585859375 0.44044940885416667
0 0.32903784765625 0.3038792421875 0.329952115234375 0.3737170729166666 0.7704510078125 0.3729375494791667 0.766155796875 0.3162029895833333 0.32903784765625 0.3038792421875
0 0.7618605859375 0.2594684296875 0.76081774609375 0.247652125 0.323544865234375 0.22349141406249998 0.3271381796875 0.29445105989583337 0.764333607421875 0.3126932083333333 0.7649734921875 0.2937335286458333 0.7618605859375 0.2594684296875
0 0.319795251953125 0.12345415885416666 0.321443732421875 0.19867531770833333 0.77404255078125 0.240240125 0.774419060546875 0.20115761458333334 0.7696388671875 0.17521970052083333 0.319795251953125 0.12345415885416666
0 0.31785041796875 0.127715671875 0.31778843359375 0.12298091666666666 0.766913361328125 0.1705469348958333 0.769220470703125 0.14325990885416667 0.766154052734375 0.11254591406249999 0.762494119140625 0.10434270833333333 0.30690633984375 0.037982471354166665 0.308053046875 0.12557566927083333 0.31785041796875 0.127715671875
0 0.76114141796875 0.0688526328125 0.76028210546875 0.048088440104166665 0.470917494140625 0.0006006848958333334 0.3033538671875 0.004500463541666667 0.30422727734375 0.03686065364583333 0.76067193359375 0.1008329296875 0.76135836328125 0.0854243515625 0.76114141796875 0.0688526328125
0 0.496727373046875 0 0.474339529296875 0.0005210416666666667 0.7617348125 0.04634184635416667 0.76414709375 0 0.496727373046875 0