0 0.577765662109375 0.050008257812500005 0.575080251953125 0.006588690104166666 0.192544373046875 0.03928777604166667 0.1919658359375 0.08483430729166667 0.394125953125 0.06400782552083333 0.577765662109375 0.050008257812500005
0 0.189854533203125 0.08700909114583333 0.188553451171875 0.11877746093750001 0.595120345703125 0.08537262760416665 0.593746228515625 0.05132988020833334 0.189854533203125 0.08700909114583333
0 0.189069591796875 0.12861900260416667 0.187768458984375 0.16038737760416666 0.595540353515625 0.12449135416666667 0.594231201171875 0.0888655234375 0.189069591796875 0.12861900260416667
0 0.189022810546875 0.17016009114583333 0.189249708984375 0.20277493229166665 0.596017130859375 0.1646925078125 0.593497859375 0.13145955729166667 0.189022810546875 0.17016009114583333
0 0.1880830234375 0.2088175078125 0.188309921875 0.24143234895833332 0.596323599609375 0.2016463828125 0.59382798828125 0.16604277343749999 0.1880830234375 0.2088175078125
0 0.18492866015625 0.24768146875 0.184556630859375 0.2971646145833333 0.59597148828125 0.25715288541666664 0.593729603515625 0.2065996744791667 0.18492866015625 0.24768146875
0 0.185656091796875 0.30398490625 0.184391056640625 0.3505843802083333 0.596658267578125 0.3169133984375 0.594663517578125 0.2668397265625 0.185656091796875 0.30398490625
0 0.187756712890625 0.35818237760416666 0.19016697265625 0.41828478124999996 0.598745888671875 0.38711341927083337 0.597811984375 0.3268733020833333 0.187756712890625 0.35818237760416666
0 0.1973268046875 0.42750689322916663 0.19722845703125 0.46806385677083334 0.5519712734375 0.4429008776041667 0.55058304296875 0.40278818749999995 0.1973268046875 0.42750689322916663
0 0.19348589453125 0.46742386458333335 0.193439111328125 0.5089648854166667 0.553246046875 0.4813518828125 0.5511814765625 0.44198558072916666 0.19348589453125 0.46742386458333335
0 0.182417919921875 0.510981390625 0.183780333984375 0.5652476901041666 0.5763771953125 0.5405112265625 0.573626029296875 0.4843941276041666 0.182417919921875 0.510981390625
0 0.18762612890625 0.5678560572916667 0.187408890625 0.6202916380208333 0.582375181640625 0.5983013229166666 0.58022296484375 0.5431195963541667 0.18762612890625 0.5678560572916667
0 0.189778314453125 0.6230376562500001 0.188580462890625 0.6567744010416666 0.605898783203125 0.6366558098958334 0.60526398828125 0.6054443151041666 0.189778314453125 0.6230376562500001
0 0.60595525390625 0.6801652057291667 0.6063116953125 0.644529046875 0.185834177734375 0.6609863203125 0.1864273515625 0.6923545 0.60595525390625 0.6801652057291667
0 0.5977368203125 0.7214791848958333 0.59603355078125 0.6890019973958333 0.17893724609375 0.6992101536458333 0.178199083984375 0.6992789765624999 0.17311937890625 0.7155760520833333 0.1722984375 0.7423548541666666 0.175973779296875 0.75585778125 0.185776666015625 0.7588996666666666 0.59733278515625 0.749762703125 0.5977368203125 0.7214791848958333
0 0.179220591796875 0.7753343932291666 0.175410849609375 0.7875571953125 0.17428021875 0.8084310052083333 0.17495120703125 0.8212251093749999 0.1784200859375 0.8307912890625001 0.601303056640625 0.8319112057291668 0.600750888671875 0.8072385572916666 0.59915084375 0.7767296093749999 0.179220591796875 0.7753343932291666