0 0.4605859140625 0 0.2806939609375 0.050982953125 0.145837775390625 0.11649207552083334 0.146832861328125 0.13839076822916666 0.150285625 0.14961161718750002 0.153041904296875 0.17212020572916667 0.1596091171875 0.1924397109375 0.166464880859375 0.20935033072916667 0.621767390625 0.007117273437499999 0.6206327734375 0 0.4605859140625 0
0 0.633429173828125 0.043737500000000006 0.625747484375 0.00598928125 0.16168876953125 0.210703921875 0.162972400390625 0.22919373177083333 0.1659674609375 0.24276236979166665 0.633429173828125 0.043737500000000006
0 0.734645654296875 0 0.14975854296875 0.25068322395833337 0.147251095703125 0.25582999739583334 0.1483158046875 0.267727640625 0.150226298828125 0.2849307578125 0.153559671875 0.30062158333333333 0.15751990625 0.3150257135416667 0.7732300859375 0.05956847135416667 0.7733494765625 0.05509849479166667 0.772284765625 0.0432008515625 0.7702548828125 0.030467713541666667 0.76839415625 0.018795669270833332 0.76573741015625 0.007349223958333334 0.76322178515625 0 0.734645654296875 0
0 0.16723148046875 0.3655070729166667 0.170634478515625 0.37119684635416667 0.7833098828125 0.13323521875 0.771279876953125 0.07342960677083334 0.15836569140625 0.32033119010416666 0.162763775390625 0.34791965625 0.16723148046875 0.3655070729166667
0 0.7897179921875 0.18908895052083333 0.786842322265625 0.1710503359375 0.783374921875 0.15451878385416667 0.170226541015625 0.3790757083333333 0.1694106640625 0.3948334296875 0.173082353515625 0.41264644791666666 0.176923197265625 0.4315205546875 0.18322172265625 0.4397168177083333 0.79411607421875 0.21667741666666665 0.7932702890625 0.21137194270833334 0.79242450390625 0.20606646875 0.7897179921875 0.18908895052083333
0 0.68003683203125 0.31000542187499996 0.675111421875 0.2947657942708333 0.67073226171875 0.28295271614583334 0.1973112734375 0.444596 0.194734203125 0.45974382291666666 0.19664469921875 0.4769469427083333 0.20065469921875 0.49688214843749995 0.20632636328125 0.5063651015625 0.6835494140625 0.36335266666666666 0.683957353515625 0.3554738020833333 0.682623955078125 0.33145292187500003 0.68003683203125 0.31000542187499996
0 0.20830648046875 0.5135671692708333 0.21891360546875 0.5748850729166667 0.733479908203125 0.4312705546875 0.723111560546875 0.36101269010416664 0.20830648046875 0.5135671692708333
0 0.745708978515625 0.5132004609374999 0.735967494140625 0.44165590625 0.219301685546875 0.5825383385416667 0.227878927734375 0.6311231041666666 0.23326204296875 0.6440149453125 0.745708978515625 0.5132004609374999
0 0.235141021484375 0.6558014661458333 0.24743971484375 0.7277303203125 0.766215083984375 0.626175296875 0.752882908203125 0.5425446927083334 0.235141021484375 0.6558014661458333
0 0.248623814453125 0.7351579869791666 0.259718552734375 0.8151912994791667 0.78739942578125 0.7277479114583333 0.7743597421875 0.6407331588541666 0.248623814453125 0.7351579869791666
0 0.2596489296875 0.8251923515624999 0.26731076171875 0.8784726953124999 0.767081216796875 0.7933941848958334 0.757358533203125 0.7376242265625 0.2596489296875 0.8251923515624999
0 0.7523947109375 0.8108648958333333 0.74944048828125 0.7975524166666667 0.273062099609375 0.914549921875 0.27219645703125 0.9247765729166666 0.272226365234375 0.9458397708333334 0.27481348828125 0.967287265625 0.279112037109375 0.9838135859375 0.282226486328125 0.9929122447916666 0.76746954296875 0.8897702161458333 0.757031576171875 0.8295134062499999 0.7523947109375 0.8108648958333333