0 0.200203138671875 0.13841484375 0.2088294375 0.17001559114583334 0.49824543359375 0.04688015364583333 0.491454826171875 0.0156590390625 0.200203138671875 0.13841484375
0 0.2101506953125 0.17168323177083333 0.217247544921875 0.20402621093749998 0.507636455078125 0.07810978645833333 0.499388828125 0.051068747395833336 0.2101506953125 0.17168323177083333
0 0.215161564453125 0.20272968489583332 0.223579671875 0.2367403046875 0.515636140625 0.10424252083333334 0.509825048828125 0.08295473437499999 0.215161564453125 0.20272968489583332
0 0.23276045703125 0.2576821796875 0.240551953125 0.2862247890625 0.5246829140625 0.15641878125 0.51664851171875 0.126986328125 0.23276045703125 0.2576821796875
0 0.244864078125 0.29567634895833333 0.252655572265625 0.32421895572916665 0.526218509765625 0.19376944270833332 0.520064455078125 0.16805274479166665 0.244864078125 0.29567634895833333
0 0.249040142578125 0.32366466145833334 0.25787462890625 0.3528555364583333 0.535539453125 0.2215698229166667 0.529387330078125 0.195860203125 0.249040142578125 0.32366466145833334
0 0.254399357421875 0.3591597447916666 0.261285970703125 0.38121496614583333 0.553272357421875 0.24528792968750002 0.54580076953125 0.2179172421875 0.254399357421875 0.3591597447916666
0 0.263095734375 0.3941897421875 0.2726949453125 0.4230095026041667 0.56349818359375 0.27957569791666664 0.5555425546875 0.2536043515625 0.263095734375 0.3941897421875
0 0.273808015625 0.42708701822916667 0.28159951171875 0.4556296276041667 0.56962212109375 0.3146996640625 0.562155158203125 0.2873459166666667 0.273808015625 0.42708701822916667
0 0.28021022265625 0.46323036458333333 0.287931638671875 0.48834372135416665 0.57692716015625 0.34463276562499995 0.5689758125 0.31867709895833335 0.28021022265625 0.46323036458333333
0 0.2859858125 0.49390569791666666 0.29266423828125 0.5183707942708333 0.606269033203125 0.35694501562500003 0.599710953125 0.33609331770833334 0.2859858125 0.49390569791666666
0 0.292942505859375 0.519390171875 0.2995508515625 0.5404260130208333 0.613782259765625 0.3844682447916667 0.60766037109375 0.36204190885416665 0.292942505859375 0.519390171875
0 0.300385654296875 0.5434841484375 0.307272267578125 0.5655393697916666 0.6196959609375 0.40930445833333334 0.61341973828125 0.38948528645833336 0.300385654296875 0.5434841484375
0 0.3057428203125 0.5662816015625 0.313394158203125 0.5879657083333333 0.62665265234375 0.43478893229166665 0.620029671875 0.41052694270833334 0.3057428203125 0.5662816015625
0 0.31269951171875 0.5917660755208333 0.3248732109375 0.6331894947916666 0.64522241015625 0.4742628046875 0.6347054765625 0.43573608593749996 0.31269951171875 0.5917660755208333
0 0.322649119140625 0.6377320937500001 0.333988015625 0.6760973802083333 0.655518314453125 0.5119798229166667 0.646882005859375 0.4771698723958333 0.322649119140625 0.6377320937500001
0 0.653424806640625 0.5423810390625 0.648556146484375 0.5308907239583334 0.64451476171875 0.5192584375 0.34368951171875 0.6752970052083334 0.339708296875 0.679747796875 0.340809001953125 0.6855104713541667 0.344686623046875 0.7025994999999999 0.348398119140625 0.7133117161458333 0.352267880859375 0.7208543541666667 0.6570443359375 0.5683305963541666 0.656555830078125 0.5570234609375 0.653424806640625 0.5423810390625
0 0.675840052734375 0.6371850078125 0.65858337890625 0.5707960520833334 0.3524196640625 0.7214103776041667 0.37092548828125 0.7955478932291666 0.673686041015625 0.6451568619791667 0.675840052734375 0.6371850078125
0 0.733068525390625 0.6913762499999999 0.7263901015625 0.6669111536458333 0.719643646484375 0.6517144375 0.7154034609375 0.6425264114583333 0.368008802734375 0.8165884921875 0.36641132421875 0.8265991015625 0.368012900390625 0.8419837552083332 0.373299986328125 0.8613519531249999 0.3804648671875 0.8844265520833333 0.38547163671875 0.8900777421875 0.7364798671875 0.7197356796875001 0.737869154296875 0.7121349401041667 0.733068525390625 0.6913762499999999
0 0.710070052734375 0.7340271015625 0.39138123828125 0.8895186927083333 0.38938498828125 0.8980684713541667 0.391017486328125 0.9092402239583333 0.391814623046875 0.9138908489583333 0.396948642578125 0.9226038984375 0.716673275390625 0.7709068281250001 0.718270751953125 0.76089621875 0.71430492578125 0.7431956588541667 0.710070052734375 0.7340271015625
0 0.39833998046875 0.9277007942708333 0.41086202734375 0.9735728463541666 0.738720353515625 0.8167741249999999 0.724956853515625 0.7695267838541667 0.39833998046875 0.9277007942708333
0 0.497574205078125 1 0.7532603515625 0.8732110807291668 0.740543708984375 0.8266261614583333 0.4121853359375 0.9879381171875 0.41569769140625 1 0.497574205078125 1