0 0.133450693359375 0.31991708854166667 0.08450700390625 0.33752974218750004 0.086082408203125 0.34103185416666665 0.2264853671875 0.9304385182291667 0.271959015625 0.9099535989583334 0.133450693359375 0.31991708854166667
0 0.1838971875 0.2991209557291667 0.1378086171875 0.31578446354166667 0.138896044921875 0.3221326848958333 0.275984546875 0.9099573072916667 0.32240551171875 0.8891574661458334 0.1838971875 0.2991209557291667
0 0.1933796328125 0.27449752083333334 0.183537669921875 0.28045324479166667 0.183904125 0.2830153125 0.325719974609375 0.8907395052083333 0.336376740234375 0.8885387447916666 0.349164396484375 0.8869715390625 0.35342848828125 0.8828701067708334 0.36385131640625 0.8740373880208333 0.2189572578125 0.26599456250000003 0.20474746484375 0.2707184270833333 0.1933796328125 0.27449752083333334
0 0.251640935546875 0.25244539843749997 0.241220421875 0.2559095651041667 0.22712771875 0.2605945052083333 0.2265358125 0.26347516666666665 0.37024398828125 0.8759380598958333 0.37876986328125 0.8731037421875 0.390373951171875 0.8705880546875 0.399610892578125 0.86617540625 0.40837533203125 0.8592359453124999 0.265614474609375 0.24645812760416666 0.262772517578125 0.24740290104166665 0.251640935546875 0.25244539843749997
0 0.289049650390625 0.2641643515625 0.27567905859375 0.2672672890625 0.2741287890625 0.270466546875 0.41382299609375 0.8560829921875 0.426849216796875 0.8504106458333333 0.289049650390625 0.2641643515625
0 0.306576216796875 0.2556539765625 0.2927350390625 0.2615972447916667 0.291891609375 0.263219578125 0.428982419921875 0.8456756536458333 0.44792880859375 0.8393771666666666 0.306576216796875 0.2556539765625
0 0.309080703125 0.2575052473958333 0.4514818359375 0.8368540625 0.48606015234375 0.8226750494791667 0.347547205078125 0.24337563541666665 0.309080703125 0.2575052473958333
0 0.3844926640625 0.23109358593749998 0.3517196640625 0.2433305 0.34896702734375 0.2455875234375 0.491033001953125 0.8223638359375 0.52537506640625 0.8069214166666666 0.3844926640625 0.23109358593749998
0 0.52963684765625 0.8081885286458333 0.563267845703125 0.7943244401041666 0.42309651171875 0.21691828125 0.386779177734375 0.23167540625000002 0.52963684765625 0.8081885286458333
0 0.567293375 0.7943281484375001 0.592634748046875 0.7845617864583333 0.45388092578125 0.21473605989583333 0.43178419140625 0.22476572916666668 0.567293375 0.7943281484375001
0 0.595004203125 0.7810902005208334 0.620345576171875 0.7713238385416666 0.48703710546875 0.20371370833333333 0.4635285390625 0.21152883333333336 0.595004203125 0.7810902005208334
0 0.624607357421875 0.772590953125 0.660607810546875 0.7552552786458334 0.54149294921875 0.22050111718749998 0.503600169921875 0.23309809375 0.502414287109375 0.2375181588541667 0.498625009765625 0.23877785677083332 0.624607357421875 0.772590953125
0 0.582466248046875 0.20285422916666665 0.543344080078125 0.21854378906250002 0.541256697265625 0.21923771354166666 0.660610123046875 0.7498867291666667 0.698266650390625 0.7360263489583333 0.582466248046875 0.20285422916666665
0 0.6137509140625 0.13877624479166667 0.578904115234375 0.15036062239583334 0.577989025390625 0.15200677604166665 0.702528431640625 0.7372934635416667 0.733556033203125 0.7202690052083334 0.6137509140625 0.13877624479166667
0 0.74231816015625 0.71869809375 0.769554173828125 0.7083018802083334 0.65472190234375 0.12649790364583333 0.62106901171875 0.13902732552083333 0.61635430859375 0.14193661458333334 0.734030849609375 0.7174272708333334 0.74231816015625 0.71869809375
0 0.79228983984375 0.7007436953125 0.80910533984375 0.6938116510416666 0.702796630859375 0.11454190364583333 0.66607657421875 0.12674902083333334 0.665137791015625 0.13377083072916665 0.77310719921875 0.7057787760416666 0.79228983984375 0.7007436953125
0 0.746373326171875 0.1000553828125 0.7087165234375 0.11257391145833334 0.809343904296875 0.6897065104166668 0.8299463671875 0.6868833151041667 0.846289361328125 0.6774244609375 0.746373326171875 0.1000553828125