0 0.552702810546875 1 0.664118841796875 0.957402625 0.791246482421875 0.8529959114583333 0.7811584609375 0.8168264401041667 0.55057024609375 1 0.552702810546875 1
0 0.5472718984375 1 0.7807505625 0.8149297604166666 0.78094450390625 0.8015134817708334 0.7764626171875 0.787832265625 0.770638478515625 0.7792308151041666 0.482560560546875 1 0.5472718984375 1
0 0.479491703125 1 0.7713738828125 0.7784883229166667 0.763832740234375 0.7505819140625 0.417204453125 1 0.479491703125 1
0 0.414486244140625 1 0.76240508984375 0.7439435026041666 0.750183123046875 0.7085898984375 0.401541408203125 0.9564681666666667 0.414073064453125 1 0.414486244140625 1
0 0.753535767578125 0.7062818098958333 0.7440596328125 0.6729573125 0.390779970703125 0.914301875 0.40201778125 0.9545979869791666 0.753535767578125 0.7062818098958333
0 0.742940390625 0.6713325989583333 0.736617947265625 0.6419339635416667 0.3143754765625 0.9193427343749999 0.3203863515625 0.9570184270833333 0.742940390625 0.6713325989583333
0 0.73621005078125 0.6400372838541667 0.72958420703125 0.61280728125 0.30459087890625 0.8810045572916666 0.31417151953125 0.9183943619791667 0.73621005078125 0.6400372838541667
0 0.73232499609375 0.6076541432291667 0.72274436328125 0.5702643333333334 0.35927793359375 0.7875039114583333 0.37184823046875 0.8357902213541667 0.73232499609375 0.6076541432291667
0 0.7210133125 0.5657945520833333 0.709502646484375 0.5301689947916667 0.34799612890625 0.7391987526041667 0.360618171875 0.785862703125 0.7210133125 0.5657945520833333
0 0.70756765234375 0.52475090625 0.7000265234375 0.4968445598958333 0.422341720703125 0.6553531848958333 0.429965673828125 0.6871062552083332 0.70756765234375 0.52475090625
0 0.700329921875 0.4946759322916667 0.692992736328125 0.4677178932291666 0.4103236875 0.6209479609375 0.4212225 0.6537284635416667 0.700329921875 0.4946759322916667
0 0.680153896484375 0.4223368489583333 0.342404484375 0.5914940911458334 0.356047193359375 0.6465106744791667 0.6923808828125 0.46487284375 0.680153896484375 0.4223368489583333
0 0.681168654296875 0.41989631510416664 0.6706677265625 0.3746478411458333 0.328692146484375 0.5350591614583333 0.342707921875 0.5893255182291667 0.681168654296875 0.41989631510416664
0 0.67097116015625 0.3724791302083333 0.66403687890625 0.3402355104166667 0.319467630859375 0.4955789817708333 0.32904827734375 0.5329687864583333 0.67097116015625 0.3724791302083333
0 0.6622063515625 0.3388828072916667 0.65323754296875 0.30433792708333335 0.27675320703125 0.46162031770833334 0.2874219140625 0.5045572083333333 0.6622063515625 0.3388828072916667
0 0.654252302734375 0.3018973932291667 0.645283521484375 0.26735263541666665 0.265111115234375 0.4126242890625 0.275226087890625 0.4580989166666667 0.654252302734375 0.3018973932291667
0 0.64467166796875 0.2645075859375 0.636409181640625 0.2225085546875 0.28155299609375 0.3479164973958333 0.294799732421875 0.39519415625000004 0.64467166796875 0.2645075859375
0 0.26514755078125 0.2895307161458333 0.277691708984375 0.34121535677083337 0.6381352578125 0.21979592708333331 0.635478919921875 0.20028521354166665 0.628654095703125 0.17928924479166666 0.26514755078125 0.2895307161458333
0 0.62854964453125 0.175223921875 0.622127697265625 0.1489422421875 0.2423121640625 0.2633093515625 0.249393947265625 0.29144848697916664 0.62854964453125 0.175223921875
0 0.621212458984375 0.1482658828125 0.614283154296875 0.12320446354166666 0.23664458984375 0.22858590625 0.2436783515625 0.25771251041666665 0.621212458984375 0.1482658828125
0 0.59603715625 0.04910133333333333 0.17203807421875 0.13936543489583333 0.1945537578125 0.22625762760416668 0.614890001953125 0.11886718750000001 0.59603715625 0.04910133333333333
0 0.4586708125 0 0.44008535546875 0.002757278645833333 0.26401415625 0.07007408333333333 0.27345395703125 0.10264394791666666 0.598370080078125 0.04205143229166666 0.586641529296875 0 0.4586708125 0