0 0.531712765625 1 0.219399501953125 0.8775368229166666 0.21352955859375 0.9016245937499999 0.4406058359375 1 0.531712765625 1
0 0.637725646484375 1 0.647865765625 0.9583892291666666 0.32435657421875 0.8301119218749999 0.3120835078125 0.8803460260416666 0.625238982421875 1 0.637725646484375 1
0 0.660141451171875 0.8952435286458332 0.6639571171875 0.8668139609375 0.336757171875 0.7932705364583333 0.331414716796875 0.8233689791666667 0.660141451171875 0.8952435286458332
0 0.34509794140625 0.7608330598958334 0.340596318359375 0.7920774036458332 0.669780322265625 0.8620753958333333 0.673385193359375 0.8377038203125 0.34509794140625 0.7608330598958334
0 0.684627703125 0.839462421875 0.6918731328125 0.796958765625 0.299679697265625 0.69962575 0.2900285546875 0.7473488359374999 0.684627703125 0.839462421875
0 0.6953741640625 0.795363484375 0.70260178125 0.7497401588541667 0.31227316796875 0.6514588255208333 0.303097146484375 0.7001065963541667 0.6953741640625 0.795363484375
0 0.33014891015625 0.60186909375 0.31966676171875 0.651269140625 0.70633146484375 0.747206578125 0.714966576171875 0.7021930156249999 0.33014891015625 0.60186909375
0 0.720561095703125 0.6983926718750001 0.727084919921875 0.6524644479166667 0.337440568359375 0.5516937786458334 0.329673794921875 0.6006258984375 0.720561095703125 0.6983926718750001
0 0.35158832421875 0.5043121223958333 0.34344615234375 0.553688546875 0.73408698046875 0.6492738880208333 0.741085943359375 0.6045888697916667 0.35158832421875 0.5043121223958333
0 0.746451822265625 0.6017267630208333 0.752061041015625 0.5595516927083334 0.364968958984375 0.4597970364583333 0.357200689453125 0.5036315286458334 0.746451822265625 0.6017267630208333
0 0.755808541015625 0.5601377734375 0.7616642734375 0.5201440807291667 0.37502810546875 0.4185185390625 0.368193607421875 0.4617140885416667 0.755808541015625 0.5601377734375
0 0.782037958984375 0.5227466015625 0.788790435546875 0.4758800729166666 0.3772294375 0.36397016666666665 0.37187361328125 0.40688374479166667 0.782037958984375 0.5227466015625
0 0.390051548828125 0.3145465546875 0.381873708984375 0.3576835598958333 0.79440280078125 0.47519947916666666 0.797936373046875 0.431737984375 0.390051548828125 0.3145465546875
0 0.799008306640625 0.4211787838541667 0.802188423828125 0.3634285625 0.41870698046875 0.25123566145833337 0.409685876953125 0.31060458854166667 0.799008306640625 0.4211787838541667
0 0.43520528515625 0.18991930729166664 0.42665929296875 0.2505315 0.80521434765625 0.3605901588541667 0.815207771484375 0.3011703567708333 0.43520528515625 0.18991930729166664
0 0.82626780078125 0.277388640625 0.82924020703125 0.26519113802083333 0.831015900390625 0.24832573697916668 0.8311910546875 0.23802826822916667 0.433441193359375 0.12691510416666665 0.425419033203125 0.18364456770833334 0.822116447265625 0.2880381015625 0.82626780078125 0.277388640625
0 0.848307109375 0.20291284375 0.8468282578125 0.18982423177083332 0.448092470703125 0.06998531510416667 0.439528658203125 0.12747776822916665 0.837507212890625 0.23765257552083333 0.8470065234375 0.22102136979166667 0.848307109375 0.20291284375
0 0.860918390625 0.15754720833333333 0.85822499609375 0.13667109375 0.4617662265625 0.013422872395833334 0.4527724140625 0.0699380625 0.84890394921875 0.1844994375 0.857488673828125 0.1716213203125 0.860918390625 0.15754720833333333
0 0.506236623046875 0 0.50326262109375 0.019198585937500002 0.50164426171875 0.02264678125 0.5009583125 0.025461630208333332 0.84977970703125 0.133012375 0.850793416015625 0.12624180729166667 0.607023666015625 0.0206343515625 0.542531732421875 0 0.506236623046875 0