0 0.185187568359375 1 0.043265599609375 0.5182700286458334 0.009921859375 0.5324306640625 0.1459848046875 1 0.185187568359375 1
0 0.22532349609375 1 0.077113662109375 0.502730265625 0.04538562109375 0.516149125 0.186974490234375 1 0.22532349609375 1
0 0.286118603515625 1 0.327123966796875 0.9743691171875 0.1088258203125 0.44226742708333333 0.068370376953125 0.4688738046875 0.285510541015625 1 0.286118603515625 1
0 0.333329298828125 0.9784057786458332 0.3428255390625 0.9751936119791668 0.356142578125 0.9667845286458333 0.36404912890625 0.9574166458333333 0.144477380859375 0.42704726302083335 0.135246091796875 0.43128538020833335 0.1221684296875 0.4372893802083333 0.113731984375 0.4446053567708333 0.333329298828125 0.9784057786458332
0 0.1497536875 0.4303628515625 0.36664746875 0.9608141041666666 0.37898142578125 0.9585943177083333 0.390255591796875 0.95227071875 0.3986408984375 0.9380926692708332 0.181188736328125 0.41593091145833333 0.1752483515625 0.41292020312500005 0.167820556640625 0.417477921875 0.155512169921875 0.4231287447916667 0.1497536875 0.4303628515625
0 0.213472681640625 0.3976664635416667 0.205779939453125 0.4011982291666667 0.197317923828125 0.4050831692708334 0.189890130859375 0.4096408880208333 0.185678974609375 0.41616461197916665 0.41703773046875 0.9405487421875001 0.427206322265625 0.9387492864583334 0.43795058984375 0.9303737786458334 0.445352814453125 0.9223850234375001 0.454293587890625 0.9136899166666667 0.458353765625 0.9060879140625001 0.22650200390625 0.38766808593749996 0.22063552734375 0.39208279427083337 0.213472681640625 0.3976664635416667
0 0.51845943359375 0.892264296875 0.52153653125 0.8908515911458333 0.530237923828125 0.8845615677083334 0.540956623046875 0.8727550234375 0.54910255078125 0.8609820546875001 0.554171380859375 0.8506217942708334 0.2851174609375 0.3785451979166667 0.243831451171875 0.4147136276041667 0.51845943359375 0.892264296875
0 0.56934305859375 0.8493943854166667 0.590036751953125 0.8295655130208334 0.306213203125 0.34361304947916665 0.286402751953125 0.35959364843749997 0.56934305859375 0.8493943854166667
0 0.60660987890625 0.8437609765624999 0.62473080078125 0.8239656796875 0.335761708984375 0.3380803697916666 0.317110890625 0.3558237604166667 0.60660987890625 0.8437609765624999
0 0.64817625390625 0.828120484375 0.665527904296875 0.8086783619791666 0.389276318359375 0.3720388125 0.3729333203125 0.3887226744791667 0.64817625390625 0.828120484375
0 0.675605177734375 0.8143801796875 0.692956826171875 0.7949380572916667 0.418269357421875 0.36102319270833333 0.401056099609375 0.376959 0.675605177734375 0.8143801796875
0 0.706906041015625 0.8023050260416666 0.73749801953125 0.7641607135416667 0.43446818359375 0.29046870052083335 0.404038875 0.3159148203125 0.706906041015625 0.8023050260416666
0 0.756669486328125 0.7817536380208333 0.786996515625 0.7425833723958334 0.4852147109375 0.263728015625 0.45457159375 0.2950102578125 0.756669486328125 0.7817536380208333
0 0.80744158203125 0.7584439921875 0.839042212890625 0.7175414192708334 0.572756373046875 0.30616395052083334 0.5431474765625 0.33811896874999997 0.80744158203125 0.7584439921875
0 0.878067396484375 0.7317573958333333 0.907360203125 0.6919143515625 0.632347400390625 0.2833958697916667 0.607089203125 0.312205875 0.878067396484375 0.7317573958333333
0 0.916428826171875 0.7003744270833333 0.947260181640625 0.6598250286458334 0.63491309765625 0.21336243749999997 0.6151927109375 0.23963001302083334 0.916428826171875 0.7003744270833333
0 0.969748123046875 0.6736001666666667 0.984313193359375 0.6600277395833333 0.997818470703125 0.6423515052083334 0.997476814453125 0.6310324401041667 0.693326796875 0.179658953125 0.674197220703125 0.20221251041666666 0.967175353515625 0.6736337447916667 0.969748123046875 0.6736001666666667