0 0.484905041015625 0 0.174279142578125 0.17749313541666667 0.177462359375 0.1937486927083333 0.5210888359375 0 0.484905041015625 0
0 0.6023010859375 0 0.202373412109375 0.21615113541666667 0.205767486328125 0.23646472395833332 0.208950705078125 0.25272027864583335 0.218150126953125 0.28089211458333335 0.6460289453125 0.0571425390625 0.6463150859375 0.056648111979166665 0.63155872265625 0 0.6023010859375 0
0 0.66974013671875 0.12570735677083333 0.64998728125 0.060614359375 0.218343125 0.2880698359375 0.220522642578125 0.31617086197916666 0.227592888671875 0.3483771328125 0.66974013671875 0.12570735677083333
0 0.685974146484375 0.19232488281250001 0.6690363671875 0.12601225 0.20950561328125 0.36036232812499996 0.225300171875 0.4219835598958333 0.685974146484375 0.19232488281250001
0 0.265373287109375 0.4938332447916667 0.6645012890625 0.30536055989583333 0.64603412890625 0.24159717447916665 0.25543758984375 0.4307111614583334 0.265373287109375 0.4938332447916667
0 0.2681170859375 0.5050926328124999 0.277738083984375 0.5413803880208333 0.649401166015625 0.3679182421875 0.638865513671875 0.3278772916666667 0.2681170859375 0.5050926328124999
0 0.279356466796875 0.5448285755208333 0.288273748046875 0.5814213359375 0.660014283203125 0.4078179453125 0.65101952734375 0.3713664401041667 0.279356466796875 0.5448285755208333
0 0.29288236328125 0.5939474218749999 0.29117487109375 0.6060977942708333 0.29273973828125 0.6189050807291666 0.296133765625 0.6392186875 0.3042077890625 0.6595793880208333 0.73755633984375 0.4614682083333333 0.731100681640625 0.4445555625 0.7283925546875 0.4270568229166667 0.71574025 0.3836759921875 0.29288236328125 0.5939474218749999
0 0.6995138359375 0.5256663697916667 0.69536252734375 0.515016890625 0.6933046796875 0.5065723489583334 0.68802796484375 0.4881118020833333 0.315168158203125 0.6662417083333333 0.318826544921875 0.6812541848958333 0.324314080078125 0.7037727135416666 0.33163082421875 0.7337975390625 0.7085716875 0.55791803125 0.6995138359375 0.5256663697916667
0 0.327969322265625 0.7602796666666666 0.33595733203125 0.7547444661458332 0.342959390625 0.7579350260416667 0.34412046484375 0.7595066041666666 0.7285191328125 0.5800808333333333 0.722717388671875 0.5602192578124999 0.324310966796875 0.7452673177083334 0.327969322265625 0.7602796666666666
0 0.34387398046875 0.7616881145833333 0.34543884765625 0.7744954010416666 0.34325619921875 0.7878889166666667 0.34642163671875 0.8072642630208334 0.34939404296875 0.819461765625 0.35722158203125 0.8420039739583333 0.73075793359375 0.6840746015625 0.7042766640625 0.5931041328125001 0.34387398046875 0.7616881145833333
0 0.381268384765625 0.8927887890625 0.380721947265625 0.9065108880208333 0.367932400390625 0.892342390625 0.369304267578125 0.8979719583333333 0.373859400390625 0.9198572708333334 0.378943140625 0.9311400885416666 0.756111576171875 0.777076875 0.74997374609375 0.745504015625 0.74469698828125 0.7270433489583333 0.741706728515625 0.7179654583333334 0.737098142578125 0.7054395000000001 0.7313641171875 0.68510234375 0.357661046875 0.847000328125 0.36126588671875 0.8713717786458334 0.366331861328125 0.8857744531249999 0.375673896484375 0.8889885703124999 0.381268384765625 0.8927887890625