0 0.0519163046875 0.6338654895833333 0.07750980859375 0.6441450234375 0.19766623828125 0.09920707291666668 0.171888259765625 0.089465078125 0.0519163046875 0.6338654895833333
0 0.080712509765625 0.6430353125 0.10558225 0.6531096588541666 0.222614271484375 0.11049713802083333 0.198236111328125 0.10037727343750001 0.080712509765625 0.6430353125
0 0.252625828125 0.11982658333333333 0.2247071953125 0.10989680208333334 0.106152166015625 0.6542799036458333 0.137535673828125 0.6662003098958333 0.252625828125 0.11982658333333333
0 0.284009330078125 0.13174702604166666 0.256968322265625 0.12105728385416666 0.140168447265625 0.6639204140625 0.172583431640625 0.674115765625 0.284009330078125 0.13174702604166666
0 0.301728103515625 0.21040346354166664 0.27209985546875 0.196963078125 0.17486301953125 0.6787965911458334 0.208309423828125 0.6872669348958333 0.301728103515625 0.21040346354166664
0 0.3328494375 0.21922352343749998 0.3036372109375 0.20791842708333333 0.2100191328125 0.69077759375 0.243635375 0.698842734375 0.3328494375 0.21922352343749998
0 0.2440354140625 0.7004181041666667 0.281932689453125 0.7141845703124999 0.383841458984375 0.16508380729166666 0.3465739921875 0.15228426822916666 0.2440354140625 0.7004181041666667
0 0.42044508203125 0.1774749765625 0.38528895703125 0.16549403906250001 0.28699895703125 0.7156203958333333 0.323525650390625 0.7248122708333334 0.42044508203125 0.1774749765625
0 0.328406625 0.7263470286458333 0.367181470703125 0.739353546875 0.46123734375 0.1920619583333333 0.423340078125 0.1782954453125 0.328406625 0.7263470286458333
0 0.499288462890625 0.20486336197916666 0.4619611171875 0.19226708072916665 0.3745900625 0.7437216145833333 0.412931642578125 0.7513108203125 0.499288462890625 0.20486336197916666
0 0.421987208984375 0.7609381276041667 0.46701365625 0.7726902916666667 0.547580484375 0.22460191666666665 0.501721904296875 0.20857909895833335 0.421987208984375 0.7609381276041667
0 0.574376509765625 0.24631789322916667 0.547597720703125 0.23872854947916666 0.470016958984375 0.7775762916666666 0.497753763671875 0.7852831484374999 0.574376509765625 0.24631789322916667
0 0.498243296875 0.7855758802083334 0.524868240234375 0.7941302812500001 0.6019652890625 0.2568344036458333 0.57654778125 0.24693325 0.498243296875 0.7855758802083334
0 0.526731806640625 0.7966758177083334 0.558576865234375 0.8057009869791667 0.642931337890625 0.24514902083333334 0.621032556640625 0.23835801041666668 0.616644474609375 0.24215786979166667 0.61298021484375 0.2461628671875 0.526731806640625 0.7966758177083334
0 0.674544599609375 0.25856727083333336 0.643115658203125 0.25167742187500003 0.563905296875 0.8102372213541668 0.596410087890625 0.818789765625 0.674544599609375 0.25856727083333336
0 0.59993905078125 0.8214581614583333 0.627749271484375 0.8273224375 0.70412481640625 0.27358489062499997 0.676516478515625 0.26517829427083334 0.59993905078125 0.8214581614583333
0 0.729196482421875 0.2811169609375 0.703865240234375 0.2739378645833333 0.6290429609375 0.8286978072916668 0.6565454765625 0.8364922604166667 0.729196482421875 0.2811169609375
0 0.6613040390625 0.8398582656250001 0.690977826171875 0.8482680755208333 0.754451017578125 0.3388760625 0.72626241796875 0.33273759114583334 0.6613040390625 0.8398582656250001
0 0.766946318359375 0.3432590703125 0.75650617578125 0.3423176276041667 0.695890236328125 0.8506690208333333 0.7042675234375 0.8550606015625001 0.714553916015625 0.8569671302083334 0.723392751953125 0.8584634739583333 0.78271499609375 0.34873674479166666 0.766946318359375 0.3432590703125
0 0.736329310546875 0.8722167343749999 0.775303494140625 0.8792275885416667 0.842056193359375 0.31814586979166665 0.80896298046875 0.30271479166666665 0.736329310546875 0.8722167343749999
0 0.777474767578125 0.8798429453125 0.812368677734375 0.8887234609375 0.886313375 0.3347235286458334 0.852604751953125 0.3231528072916667 0.777474767578125 0.8798429453125