0 0.7373858359375 1 0.74041280859375 0.9437107239583334 0.3774598203125 0.9212663619791667 0.370187224609375 0.98250290625 0.477064017578125 1 0.7373858359375 1
0 0.747215984375 0.9281257760416667 0.74716885546875 0.89949175 0.3842985390625 0.8754515286458333 0.383165185546875 0.9078872083333334 0.747215984375 0.9281257760416667
0 0.3881881484375 0.8144812421875001 0.3853136484375 0.8748415911458333 0.749333021484375 0.8759907812500001 0.750011955078125 0.8200420286458333 0.3881881484375 0.8144812421875001
0 0.3941536171875 0.6914104635416667 0.38815675 0.7953918697916667 0.751542599609375 0.8131360572916666 0.75590455859375 0.7185191197916666 0.3941536171875 0.6914104635416667
0 0.758652951171875 0.7164935052083333 0.763567732421875 0.624262625 0.40429148828125 0.583555734375 0.398776865234375 0.6897818307291667 0.758652951171875 0.7164935052083333
0 0.41468348828125 0.5170497630208334 0.4098298125 0.5794716145833333 0.7756747734375 0.6190881458333334 0.77536410546875 0.5641701015625 0.41468348828125 0.5170497630208334
0 0.4166766484375 0.4565451276041667 0.4132453828125 0.5132360078125 0.77227147265625 0.5588927604166667 0.776151302734375 0.5070463541666667 0.4166766484375 0.4565451276041667
0 0.424282634765625 0.39338106770833337 0.418872212890625 0.4521335338541667 0.779336408203125 0.5016040390625 0.783567119140625 0.4501805885416667 0.424282634765625 0.39338106770833337
0 0.77726306640625 0.44639742447916664 0.781282505859375 0.4124653098958333 0.427278181640625 0.3446245234375 0.424823671875 0.3875058828125 0.77726306640625 0.44639742447916664
0 0.432583271484375 0.2838130625 0.42870347265625 0.33565947395833334 0.786987802734375 0.3990862239583333 0.787682453125 0.3526822838541666 0.432583271484375 0.2838130625
0 0.787790671875 0.35150711979166666 0.788918154296875 0.30040300000000003 0.412418279296875 0.2113315 0.40864668359375 0.26200290625 0.787790671875 0.35150711979166666
0 0.792103333984375 0.29496053385416665 0.792797923828125 0.2485565859375 0.4406579375 0.1565950078125 0.438302619140625 0.2119907760416667 0.792103333984375 0.29496053385416665
0 0.448582396484375 0.10036134375 0.44272345703125 0.15426918229166667 0.794885287109375 0.24531999479166666 0.795688154296875 0.19774088802083334 0.448582396484375 0.10036134375
0 0.428694724609375 0 0.420022568359375 0.0801797421875 0.798100140625 0.190979125 0.80367783984375 0.08221609375 0.547245685546875 0.003979807291666667 0.52293598828125 0 0.428694724609375 0