0 0.58046025 1 0.326130037109375 0.9385788177083333 0.320947546875 0.9681454921875 0.39414158984375 0.9864245416666666 0.477064017578125 1 0.58046025 1
0 0.73207048046875 1 0.73270425390625 0.99311778125 0.334035681640625 0.8972481380208334 0.32915168359375 0.9235734531249999 0.636396451171875 1 0.73207048046875 1
0 0.73845755859375 0.9929667265625 0.739603857421875 0.9538082942708334 0.299542435546875 0.8533480078125 0.2957788828125 0.8853133567708333 0.73845755859375 0.9929667265625
0 0.73838499609375 0.9492369635416668 0.740750154296875 0.9146498619791666 0.30695231640625 0.8174008984375 0.3022826875 0.8503019140625 0.73838499609375 0.9492369635416668
0 0.74337166796875 0.9128931432291667 0.74473078515625 0.8803272369791667 0.316686251953125 0.7829272135416666 0.3137116640625 0.8152286484375 0.74337166796875 0.9128931432291667
0 0.74492908984375 0.8781738072916667 0.7497730703125 0.8166688463541667 0.319914759765625 0.7211577812500001 0.313065439453125 0.7777283515625001 0.74492908984375 0.8781738072916667
0 0.755016099609375 0.8131554114583334 0.7579471484375 0.7546161197916667 0.32828714453125 0.6569516223958333 0.320608830078125 0.71362078125 0.755016099609375 0.8131554114583334
0 0.75733771875 0.752330453125 0.7618842421875 0.6940556354166666 0.334349986328125 0.6000179921875001 0.3269691328125 0.6534570078125 0.75733771875 0.752330453125
0 0.76461457421875 0.6911172578125 0.772575833984375 0.6224720026041667 0.34433299609375 0.5272254088541667 0.335778126953125 0.5934131901041667 0.76461457421875 0.6911172578125
0 0.782452458984375 0.6131594609375001 0.789833314453125 0.5597204505208333 0.319588197265625 0.457597546875 0.3133125390625 0.5079386536458333 0.782452458984375 0.6131594609375001
0 0.78942219140625 0.5552813541666667 0.79457814453125 0.499292203125 0.32535358203125 0.4038940598958333 0.32000373046875 0.4530852369791667 0.78942219140625 0.5552813541666667
0 0.795073908203125 0.4939086302083333 0.80054183203125 0.4434352890625 0.329290673828125 0.343333578125 0.32343199609375 0.38914661979166665 0.795073908203125 0.4939086302083333
0 0.80143420703125 0.433744859375 0.804890048828125 0.38731389843749997 0.3368698359375 0.2877411354166667 0.3304030546875 0.3312540911458333 0.80143420703125 0.433744859375
0 0.7970109921875 0.3838381041666667 0.798186314453125 0.36217157812499995 0.375399326171875 0.2700040703125 0.372532109375 0.2922359921875 0.7970109921875 0.3838381041666667
0 0.7984837734375 0.35894143229166664 0.797830806640625 0.3304179114583333 0.38069796875 0.23917605989583335 0.376627017578125 0.26557592708333333 0.7984837734375 0.35894143229166664
0 0.797929958984375 0.32934119791666666 0.79859500390625 0.3043122916666667 0.401046138671875 0.21409069270833334 0.3970750078125 0.23940663541666665 0.797929958984375 0.32934119791666666
0 0.801003701171875 0.2959630494791667 0.801767896484375 0.2698574296875 0.405125921875 0.17869135156250002 0.401056423828125 0.20507546614583336 0.801003701171875 0.2959630494791667
0 0.80417659375 0.2615081875 0.80815722265625 0.2271855625 0.390315802734375 0.1347347578125 0.38504279296875 0.16528441145833334 0.80417659375 0.2615081875
0 0.39540162890625 0.09731422395833333 0.390102984375 0.128142234375 0.807037515625 0.22153751562500001 0.809035087890625 0.20874917708333332 0.810918994140625 0.18829160416666668 0.39540162890625 0.09731422395833333
0 0.818072517578125 0.11951411458333333 0.81553564453125 0.11144816666666667 0.4351620546875 0.030596062500000003 0.42539993359375 0.09208646875 0.811301091796875 0.17523879427083333 0.815409900390625 0.15733135677083335 0.818072517578125 0.11951411458333333