0 0.1024174453125 0.8657921770833333 0.126521615234375 0.8602321484375 0.100761072265625 0.388146015625 0.077380978515625 0.3925135208333333 0.1024174453125 0.8657921770833333
0 0.1266066796875 0.8613112734375 0.151605056640625 0.8567169791666666 0.124396357421875 0.38701588281250004 0.10399764453125 0.38769244531249997 0.1266066796875 0.8613112734375
0 0.154756564453125 0.8551842864583333 0.208969166015625 0.8475869869791667 0.18440158203125 0.36987844010416665 0.13162579296875 0.37400124739583335 0.154756564453125 0.8551842864583333
0 0.213099345703125 0.8480992343749999 0.26901530078125 0.8413542760416667 0.242744966796875 0.3627933020833333 0.19006869140625 0.3679932109375 0.213099345703125 0.8480992343749999
0 0.272166806640625 0.839821578125 0.32637941015625 0.8322242812499999 0.29963959375 0.3580932864583333 0.248596654296875 0.36306429947916663 0.272166806640625 0.839821578125
0 0.330425125 0.8316573177083333 0.3749280078125 0.8254207291666668 0.35018825 0.36628409895833336 0.307165927734375 0.3690400651041667 0.330425125 0.8316573177083333
0 0.3862124609375 0.8336587552083333 0.428032716796875 0.82452496875 0.40090908203125 0.3559029947916667 0.36186105859375 0.35701095833333335 0.3862124609375 0.8336587552083333
0 0.42709699609375 0.8126545885416667 0.44813472265625 0.8097063854166667 0.4209219375 0.3814656171875 0.404965287109375 0.38479281249999997 0.42709699609375 0.8126545885416667
0 0.451456361328125 0.8103319401041666 0.474836451171875 0.8059644322916667 0.44689958984375 0.3789161822916667 0.426817576171875 0.3817304557291667 0.451456361328125 0.8103319401041666
0 0.491784908203125 0.8134087083333333 0.502857716796875 0.8085838385416667 0.4691779140625 0.3190597109375 0.4658562734375 0.31843415625 0.45525234765625 0.31882913541666663 0.448123046875 0.3198282291666667 0.47794440625 0.8142572552083333 0.491784908203125 0.8134087083333333
0 0.506648236328125 0.8047795 0.534159111328125 0.8009241536458332 0.500516732421875 0.3637650052083334 0.475421970703125 0.3650996692708333 0.506648236328125 0.8047795
0 0.5388887734375 0.3420218932291667 0.521811697265625 0.34332401041666666 0.5066048125 0.3454550859375 0.542377119140625 0.8117739973958332 0.5475722421875 0.8154101458333334 0.55736702734375 0.8151285625 0.57938402734375 0.8142252135416667 0.5937784765625 0.8100258984375 0.599017150390625 0.8038365234375 0.563248138671875 0.33969924218750003 0.559202421875 0.3402662057291667 0.5388887734375 0.3420218932291667
0 0.598805509765625 0.790773625 0.6159676484375 0.7905506354166666 0.627040458984375 0.7857257630208333 0.59659314453125 0.33720840104166666 0.5955288046875 0.3340844166666667 0.584924875 0.3344793932291667 0.571254505859375 0.3374861927083333 0.5658570546875 0.3393336328125 0.598805509765625 0.790773625
0 0.628573681640625 0.7844198515624999 0.663536974609375 0.7817022239583333 0.633602095703125 0.31892944791666666 0.60061753515625 0.32355186979166667 0.628573681640625 0.7844198515624999
0 0.664304603515625 0.7706841875 0.681211548828125 0.7672238177083334 0.65442205078125 0.36510884375 0.63835286328125 0.3662697161458333 0.664304603515625 0.7706841875
0 0.68202069140625 0.7671104270833333 0.7062949921875 0.7637086510416666 0.681932921875 0.3612534973958333 0.658671529296875 0.3645133255208333 0.68202069140625 0.7671104270833333
0 0.707998345703125 0.7645609921875001 0.736488490234375 0.7627505026041667 0.711871224609375 0.3570579765625 0.682657 0.3600609791666667 0.707998345703125 0.7645609921875001
0 0.737212568359375 0.761557984375 0.766256662109375 0.7563967291666667 0.74189459375 0.353941578125 0.715325609375 0.3565738828125 0.737212568359375 0.761557984375
0 0.76885422265625 0.7582148020833334 0.788273662109375 0.7554933828125 0.763017384765625 0.35207249739583335 0.74535640234375 0.3534564453125 0.76885422265625 0.7582148020833334
0 0.79061602734375 0.7540740781249999 0.810120533203125 0.7524317838541666 0.786652671875 0.3509423671875 0.76567506640625 0.3517000520833333 0.79061602734375 0.7540740781249999
0 0.817104072265625 0.7579993958333334 0.837332654296875 0.7551645833333334 0.812034865234375 0.3408390520833333 0.79511040234375 0.3410287369791667 0.817104072265625 0.7579993958333334
0 0.835587791015625 0.7434075989583334 0.85177065625 0.7411397473958333 0.824172013671875 0.3391381666666667 0.8128440078125 0.34072566145833333 0.835587791015625 0.7434075989583334
0 0.85257980078125 0.7410263541666667 0.87110503125 0.7373392005208333 0.8437615859375 0.3385749947916667 0.826854640625 0.34203536458333333 0.85257980078125 0.7410263541666667
0 0.86965212890625 0.35567660156249997 0.84788544921875 0.3565448671875 0.87361752734375 0.7380781484375 0.8945701875 0.7340508177083334 0.894273478515625 0.7199087942708333 0.86965212890625 0.35567660156249997
0 0.897721693359375 0.7325181223958334 0.919568564453125 0.7294565234375 0.8947355703125 0.35216143229166663 0.873869521484375 0.3539945338541666 0.897721693359375 0.7325181223958334
0 0.920541048828125 0.3681839140625 0.8986941796875 0.3712455104166667 0.92101671875 0.7270714895833333 0.926935919921875 0.7295151171875 0.942948654296875 0.7250890182291667 0.920541048828125 0.3681839140625
0 0.94797364453125 0.7265669114583333 0.971523865234375 0.7243576536458334 0.9463485703125 0.3634762265625 0.92485575 0.3675792552083333 0.94797364453125 0.7265669114583333