0 0.09572398828125 0.9247074296875 0.123107458984375 0.9193713098958334 0.04444287890625 0.3120383958333333 0.017324794921875 0.3184139296875 0.09572398828125 0.9247074296875
0 0.1249925703125 0.921131734375 0.15355457421875 0.9122131119791667 0.075832546875 0.30576040885416667 0.048580900390625 0.31106553645833335 0.1249925703125 0.921131734375
0 0.110564412109375 0.35599070312500003 0.114146666015625 0.35184308072916665 0.10844740625 0.3024998046875 0.08011963671875 0.3058543125 0.15397851953125 0.9154188671875 0.180938044921875 0.9068769947916667 0.110564412109375 0.35599070312500003
0 0.23561032421875 0.9017360572916666 0.238815283203125 0.9009825625 0.163304927734375 0.34248945833333333 0.112453939453125 0.35664827604166666 0.183671046875 0.9150489244791666 0.21011196484375 0.9088325963541667 0.23561032421875 0.9017360572916666
0 0.181559517578125 0.335994140625 0.16492494140625 0.34100677864583334 0.240983025390625 0.9048801536458333 0.2891040703125 0.9001776197916667 0.211724 0.32669877343750003 0.181559517578125 0.335994140625
0 0.33102586328125 0.8980343541666667 0.3515061171875 0.8910157760416667 0.243815732421875 0.18914053385416665 0.2230197109375 0.19292792447916665 0.33102586328125 0.8980343541666667
0 0.3576800546875 0.8939715 0.378088345703125 0.8858680312499999 0.2654492109375 0.1840544453125 0.247062869140625 0.18727531249999999 0.3576800546875 0.8939715
0 0.38120000390625 0.8719147708333334 0.424844251953125 0.85834846875 0.3302961875 0.255851609375 0.28868144140625 0.26453354166666665 0.38120000390625 0.8719147708333334
0 0.3772867109375 0.2426003984375 0.3375691953125 0.2530399010416667 0.43007563671875 0.8604239817708333 0.47093887109375 0.8508169270833333 0.4737198828125 0.8468576770833334 0.3772867109375 0.2426003984375
0 0.477254126953125 0.8548412369791666 0.50421365234375 0.8462993619791667 0.411080099609375 0.23575729427083333 0.384052634765625 0.24211152083333332 0.477254126953125 0.8548412369791666
0 0.506476056640625 0.8446656588541667 0.532916970703125 0.8384493307291666 0.440026876953125 0.228951828125 0.4153297578125 0.23585999479166667 0.506476056640625 0.8446656588541667
0 0.551500841796875 0.8406910625 0.565923158203125 0.8373003385416666 0.5775178125 0.8312689791666666 0.484337609375 0.2141270234375 0.46911405078125 0.21770612239583334 0.445716953125 0.22100322656250002 0.5375971328125 0.8417562447916667 0.551500841796875 0.8406910625
0 0.531752076171875 0.20408156770833333 0.513842169921875 0.20608861458333336 0.502624810546875 0.20872584635416666 0.490738830078125 0.21152027083333333 0.581947955078125 0.8335328671875 0.622811189453125 0.8239258125000001 0.531752076171875 0.20408156770833333
0 0.671638810546875 0.8245662005208333 0.68417601953125 0.8194150546875 0.59321020703125 0.21277057552083334 0.583454013671875 0.21396247135416668 0.56167922265625 0.21797997395833335 0.544853185546875 0.2219358203125 0.63520572265625 0.8364371406250001 0.671638810546875 0.8245662005208333
0 0.712972642578125 0.8247647838541666 0.7349834140625 0.8162845677083334 0.74803923046875 0.8088078776041666 0.654152451171875 0.18632299739583333 0.627570220703125 0.19147074479166667 0.6040516328125 0.19479640885416669 0.69586397265625 0.8265834609375 0.712972642578125 0.8247647838541666
0 0.66299971875 0.18314117447916667 0.753411931640625 0.8119519739583333 0.766655712890625 0.8121437526041667 0.781879271484375 0.8085646536458334 0.7984226796875 0.8024716380208333 0.804503314453125 0.7922275963541666 0.7138681484375 0.17558910416666665 0.702886767578125 0.173763625 0.68045205078125 0.1790380859375 0.66299971875 0.18314117447916667
0 0.774526400390625 0.16573542447916667 0.76967230859375 0.16026578385416665 0.7605760390625 0.16020072395833332 0.72645468359375 0.16932455208333333 0.817840404296875 0.8056191380208334 0.8666693828125 0.7875284635416667 0.774526400390625 0.16573542447916667
0 0.81831196484375 0.15323770572916667 0.777166099609375 0.16070758854166667 0.869733029296875 0.7857063880208334 0.9173834765625 0.7711982161458333 0.824344587890625 0.15512484635416665 0.81831196484375 0.15323770572916667
0 0.9384036796875 0.7739689661458334 0.9832264609375 0.7568201614583333 0.8886797578125 0.13559224218750002 0.8452089140625 0.1425069296875 0.9384036796875 0.7739689661458334
0 0.990201640625 0.7595875130208333 0.99741280078125 0.7578921510416667 0.90164091015625 0.1336468515625 0.89720755859375 0.13579095052083334 0.990201640625 0.7595875130208333
0 1 0.695151703125 0.911255791015625 0.1313863671875 0.906023384765625 0.133718328125 1 0.7368584947916667 1 0.695151703125