0 0.60156936328125 0.016165919270833332 0.557943205078125 0.005909294270833334 0.35146457421875 0.0660141484375 0.3505569375 0.09370631770833333 0.600652123046875 0.03133548697916667 0.60156936328125 0.016165919270833332
0 0.34606339453125 0.09852472916666666 0.344527279296875 0.12680349999999999 0.595911955078125 0.0713450390625 0.599016962890625 0.03536855208333333 0.34606339453125 0.09852472916666666
0 0.6034005546875 0.13552595833333334 0.60703656640625 0.08720263020833334 0.605436732421875 0.08680276302083334 0.348174841796875 0.14087947135416667 0.34773983984375 0.17749504166666666 0.6034005546875 0.13552595833333334
0 0.347426451171875 0.18403057552083335 0.347337369140625 0.22219618489583334 0.601050990234375 0.19078468489583333 0.602548052734375 0.141972328125 0.347426451171875 0.18403057552083335
0 0.34516937109375 0.22609262500000002 0.343071537109375 0.28361360416666664 0.566931546875 0.2738233567708333 0.5724851640625 0.20683384635416668 0.34516937109375 0.22609262500000002
0 0.56332842578125 0.3552242135416666 0.57003511328125 0.2878470859375 0.343355798828125 0.29396143229166666 0.341442935546875 0.32508905208333333 0.3390574375 0.34729327604166665 0.56332842578125 0.3552242135416666
0 0.3342813359375 0.354248328125 0.332746921875 0.39501156249999997 0.61472148828125 0.416508765625 0.61916556640625 0.36624082552083337 0.3342813359375 0.354248328125
0 0.33592184765625 0.40016413802083334 0.330741572265625 0.4393358619791667 0.6115242421875 0.47817740885416665 0.617286580078125 0.43043849739583334 0.33592184765625 0.40016413802083334
0 0.323764943359375 0.44210178125000005 0.318396296875 0.48269793489583335 0.581800748046875 0.532140953125 0.587843779296875 0.48227953124999995 0.323764943359375 0.44210178125000005
0 0.3172026953125 0.4875578151041667 0.31255671484375 0.5268551536458334 0.57451753515625 0.5913802630208334 0.580652837890625 0.5408211145833334 0.3172026953125 0.4875578151041667
0 0.315637451171875 0.5327199427083333 0.310362990234375 0.5726038828125 0.572608076171875 0.6474768177083333 0.577044490234375 0.5972668203125 0.315637451171875 0.5327199427083333
0 0.30970368359375 0.577589375 0.3038007421875 0.6180599166666666 0.573496794921875 0.7115747994791667 0.580633609375 0.6576082838541667 0.30970368359375 0.577589375
0 0.567503068359375 0.777726484375 0.57253153515625 0.7188738098958334 0.570952046875 0.7183200911458334 0.301853650390625 0.6286174999999999 0.294787935546875 0.6695490286458333 0.567503068359375 0.777726484375
0 0.300983646484375 0.7018486432291667 0.29765798046875 0.7436594635416666 0.56663306640625 0.8509576223958333 0.57109393359375 0.796396953125 0.300983646484375 0.7018486432291667
0 0.29595276171875 0.75655384375 0.29234453515625 0.8005013046874999 0.565629892578125 0.9418588776041666 0.56912334765625 0.886281953125 0.29595276171875 0.75655384375
0 0.559826681640625 1 0.563002294921875 0.9575622317708333 0.293005544921875 0.8080002786458333 0.291466025390625 0.8113101145833334 0.28986655078125 0.8359022057291666 0.289585693359375 0.8505233125 0.5339548984375 1 0.559826681640625 1
0 0.505054205078125 1 0.506520318359375 0.9889136718749999 0.50777727734375 0.9877404765625001 0.29232051171875 0.8548380572916666 0.290657681640625 0.87574346875 0.480853240234375 1 0.505054205078125 1
0 0.37080708203125 0.9773397109375 0.45963830078125 0.9982241640625 0.286227498046875 0.8842485598958333 0.28343272265625 0.9012160651041666 0.284126259765625 0.916800609375 0.37080708203125 0.9773397109375