0 0.026599908203125 0.7498775807291667 0.0611586171875 0.757453203125 0.15041986328125 0.275795703125 0.11802915234375 0.26550658072916666 0.026599908203125 0.7498775807291667
0 0.06434190234375 0.7583553723958333 0.097308970703125 0.76547990625 0.197724529296875 0.250376390625 0.16136398828125 0.23896218229166666 0.06434190234375 0.7583553723958333
0 0.099865630859375 0.7650951770833333 0.137896244140625 0.7769826927083333 0.230980212890625 0.26091065104166666 0.19948537109375 0.2497661171875 0.099865630859375 0.7650951770833333
0 0.142213748046875 0.7759876927083332 0.176722283203125 0.7890956432291666 0.269010431640625 0.2727980572916667 0.23647815234375 0.263578125 0.142213748046875 0.7759876927083332
0 0.180413166015625 0.7868137421875 0.22464075390625 0.8015668463541666 0.3118214375 0.33817797916666664 0.266565494140625 0.325352046875 0.180413166015625 0.7868137421875
0 0.23117651953125 0.8023098307291666 0.2751158828125 0.8136533203125 0.357809865234375 0.35232081249999997 0.31353058984375 0.3386623671875 0.23117651953125 0.8023098307291666
0 0.278299169921875 0.8145554921875 0.306948732421875 0.8226750286458334 0.406969859375 0.2630873046875 0.37765402734375 0.2547789401041667 0.278299169921875 0.8145554921875
0 0.30576433984375 0.8301045364583333 0.33600554296875 0.83867515625 0.437599634765625 0.264002875 0.41067916015625 0.2563733776041667 0.30576433984375 0.8301045364583333
0 0.334821150390625 0.8461046614583334 0.352329216796875 0.8510666015625 0.466444033203125 0.19785382291666667 0.452433396484375 0.19277377864583334 0.334821150390625 0.8461046614583334
0 0.3580691640625 0.8515840442708332 0.373020568359375 0.8569307109375001 0.4863395625 0.203492390625 0.47375669921875 0.199926296875 0.3580691640625 0.8515840442708332
0 0.3832285390625 0.8398561484374999 0.406814953125 0.8432128125 0.502706451171875 0.29909437499999997 0.479952044921875 0.291536265625 0.3832285390625 0.8398561484374999
0 0.408864015625 0.8460121588541667 0.43273865234375 0.8527784401041667 0.527207708984375 0.30714755729166665 0.505882259765625 0.3011037395833333 0.408864015625 0.8460121588541667
0 0.43285767578125 0.8572494140625001 0.474409578125 0.8679162760416667 0.563683642578125 0.34965516145833336 0.52468840234375 0.33860357031250005 0.43285767578125 0.8572494140625001
0 0.477762060546875 0.8677570885416667 0.543357794921875 0.8841288723958334 0.63198655859375 0.34904521614583334 0.570598208984375 0.3283192890625 0.477762060546875 0.8677570885416667
0 0.69946216015625 0.369277703125 0.63871740625 0.349843484375 0.602921693359375 0.5626700859375 0.5513160078125 0.8863842994791667 0.61146001953125 0.9056482578125 0.69946216015625 0.369277703125
0 0.62197489453125 0.9075189557291666 0.6515894765625 0.9148026770833333 0.736847078125 0.3643425651041667 0.710170607421875 0.3556729114583333 0.62197489453125 0.9075189557291666
0 0.6587518671875 0.9168325624999999 0.685013966796875 0.9242754713541667 0.769644943359375 0.3725284609375 0.742011349609375 0.3646968567708333 0.6587518671875 0.9168325624999999
0 0.690923111328125 0.9237315520833334 0.713832728515625 0.9313336484375 0.78829308984375 0.4277324817708333 0.767999375 0.4208717526041667 0.690923111328125 0.9237315520833334
0 0.7168468125 0.9332971770833334 0.7424822890625 0.9394531848958333 0.815351009765625 0.4354009322916667 0.7958600234375 0.4287677057291666 0.7168468125 0.9332971770833334
0 0.746749619140625 0.943990515625 0.761820048828125 0.9538081588541667 0.773588166015625 0.9582526588541667 0.7809699296875 0.9536888515625 0.8679696953125 0.387082828125 0.864328986328125 0.38383239583333334 0.8476167421875 0.37909600000000004 0.8317003203125 0.37458514583333336 0.746749619140625 0.943990515625
0 0.78984298828125 0.960640796875 0.804286794921875 0.9691715390625001 0.816105087890625 0.9680837057291667 0.82331765234375 0.9645812552083334 0.911790033203125 0.39395534114583336 0.90240937890625 0.39018747135416665 0.887288775390625 0.38590216145833334 0.87643550390625 0.38615417968750004 0.78984298828125 0.960640796875