0 0.079601248046875 0.8385364817708334 0.13971777734375 0.8340191901041667 0.08687170703125 0.292911359375 0.022617638671875 0.29563897916666665 0.079601248046875 0.8385364817708334
0 0.1421526328125 0.8337921744791666 0.200532388671875 0.8272613776041666 0.152783103515625 0.29002921875 0.09115687109375 0.296862703125 0.1421526328125 0.8337921744791666
0 0.26372508984375 0.8191941171875 0.26685802734375 0.8167265781249999 0.2340017109375 0.28354445833333336 0.16972730859375 0.28518625520833335 0.20772341796875 0.8244154765624999 0.21119696484375 0.8284424947916667 0.26372508984375 0.8191941171875
0 0.266836255859375 0.36532519270833336 0.241846388671875 0.37091829947916666 0.27480390625 0.8127225807291666 0.28616656640625 0.8116631770833332 0.29828407421875 0.8094456718749999 0.266836255859375 0.36532519270833336
0 0.2946015859375 0.36599962760416666 0.270404080078125 0.369343421875 0.310685421875 0.8126402994791667 0.32680425390625 0.8089620104166667 0.3346933671875 0.8038755859375 0.2946015859375 0.36599962760416666
0 0.343905009765625 0.8084553255208333 0.363270314453125 0.8044743489583334 0.32189590625 0.37324429427083333 0.300083732421875 0.37527796875 0.343905009765625 0.8084553255208333
0 0.346000517578125 0.3818740729166667 0.3267999453125 0.38692741145833337 0.383844615234375 0.8079946848958333 0.400775064453125 0.8042407239583333 0.40315315234375 0.8029312812499999 0.346000517578125 0.3818740729166667
0 0.37040583984375 0.3806863463541667 0.34796436328125 0.38821728906249997 0.40766538671875 0.8112123333333333 0.419028044921875 0.8101529270833333 0.427144228515625 0.8093962083333334 0.37040583984375 0.3806863463541667
0 0.393886005859375 0.3774094348958333 0.3739422578125 0.38361978125 0.4312023203125 0.8090178489583333 0.43926173828125 0.8071787057291666 0.44964247265625 0.8029476927083333 0.393886005859375 0.3774094348958333
0 0.39373256640625 0.35893251822916666 0.39459542578125 0.3729924140625 0.45468248828125 0.8057409401041666 0.470858087890625 0.8031450755208334 0.410549482421875 0.353013703125 0.39373256640625 0.35893251822916666
0 0.426027 0.3526583645833334 0.412343021484375 0.35610963802083334 0.472140716796875 0.7964991744791666 0.47718073046875 0.799292421875 0.485938228515625 0.7952127526041667 0.426027 0.3526583645833334
0 0.49375370703125 0.8042735416666668 0.53086108203125 0.7964629348958333 0.46744710546875 0.27156847395833333 0.425546984375 0.27873822135416665 0.49375370703125 0.8042735416666668
0 0.573933625 0.7935347500000001 0.51793775 0.27012409895833334 0.50982156640625 0.27088081770833333 0.49457112109375 0.275565859375 0.48303816015625 0.27337798697916665 0.478315265625 0.27381833072916667 0.5360146328125 0.8014210338541666 0.573933625 0.7935347500000001
0 0.5331314296875 0.26435663020833333 0.52441868359375 0.2662566848958333 0.577407171875 0.7975617682291666 0.57903040625 0.7974104244791667 0.583900119140625 0.7969563932291667 0.5331314296875 0.26435663020833333
0 0.587958208984375 0.7965780338541667 0.595206009765625 0.7948145598958334 0.546117322265625 0.26314588020833335 0.5375213359375 0.2672104895833333 0.587958208984375 0.7965780338541667
0 0.596602171875 0.7903335130208333 0.611966154296875 0.7878133203125 0.572385287109375 0.35967920052083335 0.556209685546875 0.3622750651041667 0.596602171875 0.7903335130208333
0 0.595978986328125 0.35856714322916666 0.579048537109375 0.3623211041666667 0.6153261640625 0.7896754869791667 0.625179123046875 0.7909322786458333 0.631672068359375 0.7903269036458332 0.595978986328125 0.35856714322916666
0 0.635786927734375 0.79103096875 0.64947090625 0.7875796953125 0.61781905078125 0.37067121875000003 0.601007634765625 0.373326359375 0.635786927734375 0.79103096875
0 0.63799597265625 0.3666145677083333 0.621303126953125 0.37143409375 0.651094142578125 0.7874283515624999 0.66657166015625 0.7870730130208333 0.669647830078125 0.7835230468750001 0.63799597265625 0.3666145677083333
0 0.672536828125 0.7919554401041666 0.70802096875 0.7842961744791667 0.677548904296875 0.29657595833333333 0.640400927734375 0.3000394791666667 0.672536828125 0.7919554401041666
0 0.70975773828125 0.7863096848958334 0.745241876953125 0.7786504166666667 0.723056302734375 0.29342076041666665 0.688355060546875 0.29665615625 0.70975773828125 0.7863096848958334
0 0.7479038046875 0.7827531067708334 0.7834447109375 0.7761762682291667 0.770885021484375 0.2878736953125 0.730474404296875 0.29490456770833334 0.7479038046875 0.7827531067708334
0 0.7910898828125 0.7819897786458333 0.82749917578125 0.7764196901041666 0.824071326171875 0.26007273177083334 0.784524529296875 0.26375990625 0.7910898828125 0.7819897786458333
0 0.834945056640625 0.7779009088541667 0.86973111328125 0.7724821640625 0.87290974609375 0.25769468229166664 0.834215833984375 0.2623900572916667 0.834945056640625 0.7779009088541667
0 0.869220201171875 0.762740328125 0.876467998046875 0.7609768567708333 0.88660605859375 0.34778609635416663 0.872155416015625 0.3480456953125 0.869220201171875 0.762740328125
0 0.899478416015625 0.34441049739583335 0.887523220703125 0.3455251484375 0.8800151796875 0.7508566614583333 0.885753275390625 0.7514093828125 0.891661677734375 0.7552093854166667 0.899478416015625 0.34441049739583335