0 0.275765001953125 0.9830102291666667 0.321427412109375 0.9594440494791666 0.1071481953125 0.38937136718750004 0.054815357421875 0.41398732552083334 0.275765001953125 0.9830102291666667
0 0.324942982421875 0.9666775494791667 0.371194896484375 0.9416329427083333 0.165406728515625 0.36809898177083333 0.112361974609375 0.39591260677083334 0.324942982421875 0.9666775494791667
0 0.218830251953125 0.35003560156249997 0.172318771484375 0.373947921875 0.378956017578125 0.9471357838541666 0.418151822265625 0.9207954427083332 0.218830251953125 0.35003560156249997
0 0.4238884296875 0.9325336901041666 0.46726312890625 0.9111381927083334 0.270181408203125 0.32891846875 0.22293533203125 0.3557906979166667 0.4238884296875 0.9325336901041666
0 0.352806056640625 0.33504020052083333 0.289831615234375 0.368139671875 0.4733260390625 0.9173332916666667 0.531135529296875 0.8900535052083334 0.352806056640625 0.33504020052083333
0 0.6001728359375 0.8631491927083333 0.42458005859375 0.3119726145833333 0.394531421875 0.3266978255208333 0.39432068359375 0.3379264765625 0.395927412109375 0.3570808072916667 0.387885349609375 0.36654951302083333 0.37769598046875 0.3707031171875 0.3742293515625 0.37583049479166664 0.545268083984375 0.8962092109375001 0.6001728359375 0.8631491927083333
0 0.61236886328125 0.8717964973958333 0.656003271484375 0.8515330885416666 0.479891154296875 0.298092140625 0.43396912109375 0.32052607552083334 0.61236886328125 0.8717964973958333
0 0.71070348046875 0.8552348177083333 0.72605773828125 0.8452615182291666 0.503238484375 0.26628931770833336 0.485336990234375 0.2773009322916667 0.71070348046875 0.8552348177083333
0 0.530788662109375 0.26496340885416664 0.5282413203125 0.26600180729166667 0.521448484375 0.26877084635416665 0.512505345703125 0.2723462291666667 0.7320013828125 0.8428386458333333 0.751411724609375 0.8262596041666667 0.530788662109375 0.26496340885416664
0 0.755327404296875 0.8271396536458333 0.782899015625 0.8097099036458334 0.55958658203125 0.2327303255208333 0.530480158203125 0.25147026302083336 0.755327404296875 0.8271396536458333
0 0.7967931953125 0.8176649713541666 0.82691203515625 0.7991968671874999 0.6025455859375 0.2152184765625 0.575152955078125 0.23573596093750002 0.7967931953125 0.8176649713541666
0 0.83623088671875 0.8114931822916667 0.87550049609375 0.7843425364583334 0.657335841796875 0.20922266145833335 0.61614838671875 0.23635768489583334 0.83623088671875 0.8114931822916667
0 0.927155673828125 0.7707143255208333 0.71060999609375 0.18670852083333334 0.6724490859375 0.21464529166666668 0.884749146484375 0.8003817447916667 0.927155673828125 0.7707143255208333