0 0.643466958984375 1 0.711751302734375 0.9863368958333334 0.71337890625 0.9104008697916667 0.324381509765625 0.9809128932291666 0.325042380859375 1 0.643466958984375 1
0 0.715006509765625 0.8257864375 0.3203125 0.8897896614583334 0.319498697265625 0.8995528645833333 0.324381509765625 0.9753044973958334 0.716634115234375 0.9038920651041668 0.717447916015625 0.8312104401041666 0.715006509765625 0.8257864375
0 0.714192708984375 0.7737160182291666 0.28125 0.8442280442708333 0.28369140625 0.8865352604166666 0.285319009765625 0.8928392213541666 0.716634115234375 0.8171080338541666 0.716634115234375 0.7889032239583332 0.714192708984375 0.7737160182291666
0 0.719075521484375 0.7693768151041667 0.71826171875 0.7259848020833334 0.279622396484375 0.796496828125 0.28369140625 0.8418409557291667 0.719075521484375 0.7693768151041667
0 0.284505208984375 0.74442640625 0.287760416015625 0.7854173437499999 0.720703125 0.7216455989583334 0.720703125 0.6891015885416666 0.717447916015625 0.6836775859375 0.284505208984375 0.74442640625
0 0.316243490234375 0.6891015885416666 0.313802083984375 0.6869319869791667 0.282063802734375 0.6934407890625001 0.2861328125 0.7344190807291667 0.719889322265625 0.6782535833333333 0.71826171875 0.6413703697916667 0.316243490234375 0.6891015885416666
0 0.72314453125 0.63811596875 0.720703125 0.5968935520833333 0.314615884765625 0.6413703697916667 0.317057291015625 0.6866760260416668 0.72314453125 0.63811596875
0 0.27880859375 0.5882151510416667 0.279622396484375 0.6345926927083333 0.723958333984375 0.5936391536458333 0.723958333984375 0.57085834375 0.723958333984375 0.5502471380208334 0.27880859375 0.5882151510416667
0 0.2763671875 0.5307207291666667 0.27880859375 0.5781690807291667 0.723958333984375 0.5480775364583333 0.724772134765625 0.5242119270833333 0.724772134765625 0.5046855182291666 0.2763671875 0.5307207291666667
0 0.73291015625 0.49926151822916665 0.731282552734375 0.4623783046875 0.3203125 0.47539590885416666 0.321126302734375 0.5206604010416667 0.73291015625 0.49926151822916665
0 0.75 0.460208703125 0.75244140625 0.41681668749999995 0.318684896484375 0.42441028906249995 0.318684896484375 0.47322630989583336 0.75 0.460208703125
0 0.734537759765625 0.4103078854166667 0.73291015625 0.37884867447916665 0.317057291015625 0.3821030755208333 0.319498697265625 0.4208340104166666 0.734537759765625 0.4103078854166667
0 0.316243490234375 0.34521986197916665 0.318684896484375 0.37960137239583336 0.729654947265625 0.3745094713541666 0.73046875 0.3625766692708334 0.73046875 0.3430502604166667 0.316243490234375 0.34521986197916665
0 0.740234375 0.33424836458333335 0.744303384765625 0.19864831510416667 0.260091146484375 0.16935870572916667 0.264973958984375 0.328603109375 0.740234375 0.33424836458333335
0 0.254047212890625 0 0.258463541015625 0.152821859375 0.743489583984375 0.18454591145833332 0.744303384765625 0.048945859375000005 0.3733843125 0 0.254047212890625 0