0 0.35284246875 0 0.349421099609375 0.03512512239583333 0.6847237578125 0.08788488281250001 0.684967119140625 0.0402278515625 0.402369388671875 0 0.35284246875 0
0 0.685249349609375 0.15744411458333332 0.685577216796875 0.10763711197916666 0.351777654296875 0.05810186197916667 0.348232498046875 0.08609765364583333 0.34832131640625 0.10457077604166666 0.685249349609375 0.15744411458333332
0 0.6858564453125 0.20419696875 0.68507303515625 0.16192980468749998 0.348065833984375 0.11107065885416667 0.345588849609375 0.13262335677083334 0.3447798203125 0.15320631510416668 0.6858564453125 0.20419696875
0 0.34007767578125 0.16917208072916667 0.33939638671875 0.1865051015625 0.342221330078125 0.19756538802083334 0.754984716796875 0.24922014583333332 0.75866126953125 0.23861416145833333 0.757153525390625 0.21477515364583333 0.34225659765625 0.15520258072916668 0.34007767578125 0.16917208072916667
0 0.757046865234375 0.30041983072916667 0.7584520234375 0.2646704791666667 0.34046821484375 0.20070175520833333 0.336536177734375 0.21780762239583332 0.33559940625 0.2416405234375 0.757046865234375 0.30041983072916667
0 0.3318875859375 0.29460932031250003 0.3327039296875 0.31530585677083334 0.754236548828125 0.37191853645833334 0.75541765625 0.32113659375 0.3365860703125 0.2580038046875 0.3344923125 0.2698066796875 0.3318875859375 0.29460932031250003
0 0.327753615234375 0.3790510026041667 0.328868021484375 0.3921643411458333 0.751468814453125 0.4423339270833333 0.7527770078125 0.388318703125 0.333005650390625 0.3283624088541667 0.32881812890625 0.3519681588541667 0.327753615234375 0.3790510026041667
0 0.331313396484375 0.43361420312500004 0.328705013671875 0.4377770963541667 0.325465234375 0.49946918749999997 0.326835125 0.5060826458333333 0.70118567578125 0.5398451770833333 0.704049541015625 0.52918240625 0.706948673828125 0.47615682291666667 0.70633991015625 0.4709119375 0.331313396484375 0.43361420312500004
0 0.326664802734375 0.5104159010416667 0.321459005859375 0.5806609270833333 0.700856 0.6104309348958333 0.70344371484375 0.5445955442708333 0.326664802734375 0.5104159010416667
0 0.319492990234375 0.5892138619791667 0.315603533203125 0.6052364166666667 0.314066978515625 0.6235959583333334 0.31616439453125 0.6324328333333333 0.7029181484375 0.6616306197916667 0.703343953125 0.6507974817708333 0.704152982421875 0.6302145234375 0.702172892578125 0.6183927213541667 0.319492990234375 0.5892138619791667
0 0.315096224609375 0.6388759270833334 0.31424461328125 0.6605422057291667 0.31189537109375 0.6788449583333334 0.31121408203125 0.6961779791666666 0.697069986328125 0.7274856067708333 0.699284173828125 0.6711532916666667 0.31441127734375 0.6355691979166667 0.315096224609375 0.6388759270833334
0 0.6638812265625 0.7425470963541666 0.66515076171875 0.7309809296875001 0.31442224609375 0.6974884479166666 0.313354078125 0.7039315390625 0.31468138671875 0.7116283124999999 0.6638812265625 0.7425470963541666
0 0.31288106640625 0.7159656718749999 0.308998921875 0.7732677239583333 0.69977353125 0.8038327630208334 0.70271524609375 0.7497238645833333 0.31288106640625 0.7159656718749999
0 0.69974191796875 0.8668353229166667 0.701186 0.8093629088541667 0.3093858046875 0.7841576484375 0.30656817578125 0.8143768567708333 0.304690974609375 0.8414029114583333 0.69974191796875 0.8668353229166667
0 0.30315441796875 0.8597624557291667 0.300127544921875 0.9160379791666666 0.69368085546875 0.9381068776041667 0.695716322265625 0.8863215130208334 0.30315441796875 0.8597624557291667
0 0.649948099609375 1 0.652961353515625 0.93743409375 0.306543876953125 0.9186589140625 0.302913560546875 0.9488213333333334 0.301593564453125 0.9824040598958333 0.301570625 0.986820515625 0.490180287109375 1 0.649948099609375 1