0 0.55297727734375 0 0.292365177734375 0.04445514583333333 0.143378125 0.0830686796875 0.146468298828125 0.104265421875 0.61091519140625 0.021185229166666666 0.6114194921875 0.011409981770833334 0.60918503515625 0 0.55297727734375 0
0 0.64096756640625 0.059690263020833335 0.641833158203125 0.0523932578125 0.63873709375 0.022333127604166666 0.636971216796875 0.019043226562499998 0.150015978515625 0.13742335416666665 0.158804880859375 0.17565259635416666 0.64096756640625 0.059690263020833335
0 0.154647529296875 0.17801601302083334 0.162919587890625 0.22152296614583333 0.66349305078125 0.09950310416666668 0.6585171953125 0.05654873177083333 0.154647529296875 0.17801601302083334
0 0.17334684765625 0.27540183333333335 0.635395166015625 0.15822291666666666 0.6362607578125 0.15092591145833334 0.630692140625 0.117139984375 0.164016005859375 0.23345522656249998 0.17174612890625 0.27324481770833337 0.17334684765625 0.27540183333333335
0 0.635329935546875 0.16659843229166668 0.632058587890625 0.1618048828125 0.17195186328125 0.2834790104166667 0.17858556640625 0.3113363385416667 0.638491232421875 0.188283046875 0.635329935546875 0.16659843229166668
0 0.178246861328125 0.34871636979166665 0.1816289453125 0.35426951822916664 0.655685166015625 0.222405015625 0.658164021484375 0.22176255989583335 0.65275719921875 0.18908647135416667 0.6509069140625 0.18521757552083332 0.173098462890625 0.31340142187500003 0.178246861328125 0.34871636979166665
0 0.197823244140625 0.469764265625 0.731487435546875 0.33209548697916663 0.729630796875 0.3017141302083333 0.726430103515625 0.26211333333333336 0.184854400390625 0.39404016666666664 0.196920015625 0.4635686588541667 0.197823244140625 0.469764265625
0 0.19712575390625 0.4738028541666666 0.206002474609375 0.5435148541666667 0.20885516796875 0.5498481796875 0.745075990234375 0.4076589713541667 0.742817921875 0.3921699609375 0.74240644921875 0.37170156770833335 0.7411946171875 0.350154671875 0.740020421875 0.34210038541666665 0.19712575390625 0.4738028541666666
0 0.21699676171875 0.61010615625 0.217731888671875 0.6195601770833333 0.701793857421875 0.4857454192708333 0.698093130859375 0.42948024218749997 0.208416099609375 0.5512479140625001 0.21448026953125 0.5972560026041667 0.21699676171875 0.61010615625
0 0.7080474609375 0.4977610234375 0.220584580078125 0.6258935026041667 0.219575978515625 0.645444 0.22391147265625 0.6751829010416667 0.22841506640625 0.7016633880208333 0.230788548828125 0.7267670338541666 0.233666330078125 0.7420954322916667 0.23429858984375 0.7464323541666666 0.723215404296875 0.6062155911458333 0.7080474609375 0.4977610234375
0 0.2396401796875 0.7874839609375001 0.241446634765625 0.7998751692708334 0.7965699921875 0.6373556458333333 0.791612798828125 0.5989407630208333 0.23547278515625 0.754486640625 0.23638855859375 0.76517978125 0.2396401796875 0.7874839609375001
0 0.25502990625 0.9018713125 0.256372203125 0.9066671822916667 0.794685501953125 0.752362203125 0.7958220625 0.7469238749999999 0.79392528515625 0.733913109375 0.7917575390625 0.7190436562500001 0.789951083984375 0.7066524479166666 0.7891256328125 0.6965788671875001 0.78768046875 0.6866658984375 0.787306630859375 0.6796901197916667 0.785680822265625 0.6685380312500001 0.783538166015625 0.6626636536458334 0.781501119140625 0.6575136874999999 0.245922359375 0.8129300416666667 0.243197623046875 0.8207088880208334 0.2443718203125 0.8287631744791667 0.24403562109375 0.8352800052083333 0.243699419921875 0.8417968411458333 0.24595748828125 0.8572858515625 0.248408748046875 0.8785115182291667 0.251208755859375 0.8977178958333334 0.25502990625 0.9018713125
0 0.268309861328125 0.9620835026041666 0.764030984375 0.8156024479166667 0.7650395859375 0.7960519505208333 0.762246150390625 0.7724791666666667 0.262516658203125 0.91793409375 0.2652514296875 0.9455159817708334 0.268309861328125 0.9620835026041666
0 0.3159076171875 1 0.771244259765625 0.86066975 0.7729227578125 0.8589487864583334 0.77020052734375 0.8358644348958334 0.7663624921875 0.8183607526041666 0.270530294921875 0.9640799010416666 0.2702969609375 0.9757138307291666 0.273837525390625 1 0.3159076171875 1
0 0.53610839453125 1 0.719988326171875 0.9523431484375 0.718124478515625 0.9374480390625001 0.716793771484375 0.9283201796874999 0.492909892578125 1 0.53610839453125 1