0 0.43724651953125 0 0.160154068359375 0.127214109375 0.16963958203125 0.157948671875 0.18097916015625 0.1951930026041667 0.186731025390625 0.20746729687499998 0.498185759765625 0 0.43724651953125 0
0 0.509966146484375 0 0.18702108984375 0.21192335677083332 0.18837068359375 0.2204822109375 0.21791159765625 0.3182086901041667 0.224168044921875 0.32910402083333334 0.635428900390625 0.08522197656250001 0.640235025390625 0.07383700781250001 0.631493908203125 0.03998894270833333 0.620380263671875 0 0.509966146484375 0
0 0.613405880859375 0.16658509895833332 0.599661650390625 0.11336357812499999 0.220398611328125 0.3378376510416667 0.230148892578125 0.3689277890625 0.23667022265625 0.38084881770833334 0.613405880859375 0.16658509895833332
0 0.628743876953125 0.22264527864583336 0.616542189453125 0.16873121875 0.237729751953125 0.38495161197916666 0.24647087109375 0.4187996770833333 0.248854810546875 0.42803096874999996 0.628743876953125 0.22264527864583336
0 0.586359875 0.26849198958333337 0.5821217578125 0.2520808046875 0.250658623046875 0.42835014062500004 0.252008216796875 0.43690899479166667 0.255161623046875 0.44578702343750004 0.586359875 0.26849198958333337
0 0.59242698828125 0.28865270312499997 0.5884922734375 0.27341638281249997 0.254417341796875 0.44957064583333334 0.25680128125 0.45880193750000003 0.25918522265625 0.4680332265625 0.59242698828125 0.28865270312499997
0 0.2672706640625 0.48267808854166666 0.274901888671875 0.5055626380208333 0.278875123046875 0.5209481197916667 0.283567458984375 0.5291196197916667 0.660769458984375 0.3433244869791667 0.641472685546875 0.268601953125 0.263802013671875 0.4659136432291667 0.2672706640625 0.48267808854166666
0 0.2876162421875 0.5547961874999999 0.297101642578125 0.584860625 0.3005199296875 0.5947643515625 0.680635634765625 0.42025190625000003 0.679790623046875 0.4103140859375 0.6626431484375 0.3472470963541667 0.283327759765625 0.53152428125 0.2876162421875 0.5547961874999999
0 0.30080999609375 0.5992204088541667 0.31477321484375 0.6432913697916667 0.70547208984375 0.47309861458333335 0.6922777265625 0.42200633072916666 0.30080999609375 0.5992204088541667
0 0.718236806640625 0.5291928854166666 0.705575888671875 0.48016624479166664 0.31607244140625 0.6449895026041667 0.323224265625 0.672683375 0.327702083984375 0.6866898958333333 0.718236806640625 0.5291928854166666
0 0.7695885625 0.5480674869791667 0.76143419140625 0.5164914635416666 0.326957802734375 0.6904735208333334 0.32883716015625 0.7010837734375 0.335383671875 0.7164351640625001 0.7695885625 0.5480674869791667
0 0.777270150390625 0.5778127552083333 0.77094694140625 0.5499946588541667 0.3343745078125 0.7191930911458333 0.337553095703125 0.7315014791666666 0.34253549609375 0.7441290364583333 0.777270150390625 0.5778127552083333
0 0.342295794921875 0.7465336979166667 0.34920791796875 0.7766322291666666 0.766560125 0.6263274427083333 0.757854880859375 0.5892854375 0.342295794921875 0.7465336979166667
0 0.350507146484375 0.7783303645833333 0.35948796484375 0.8097737682291667 0.776385953125 0.6677086640625 0.769158583984375 0.6297237083333334 0.350507146484375 0.7783303645833333
0 0.3607871953125 0.8114719010416667 0.3695283125 0.8453199635416667 0.8044392421875 0.7030162083333332 0.796467591796875 0.6688148802083332 0.3607871953125 0.8114719010416667
0 0.370613025390625 0.8528531223958334 0.38163735546875 0.8822110312500001 0.7806483125 0.7575363854166667 0.7709165390625 0.7198522187499999 0.370613025390625 0.8528531223958334
0 0.7948008671875 0.7923419635416667 0.787165662109375 0.7594434557291666 0.385825107421875 0.8917614947916667 0.391362455078125 0.9098708098958334 0.3983883671875 0.9204128776041666 0.7948008671875 0.7923419635416667
0 0.794623650390625 0.8383156171875 0.786221609375 0.8057805494791667 0.396105154296875 0.92490303125 0.399283744140625 0.9372114192708333 0.403736380859375 0.9477875781249999 0.794623650390625 0.8383156171875
0 0.407634068359375 0.9528819791666666 0.413940880859375 0.97063803125 0.8025197578125 0.8622258645833334 0.79753823828125 0.839603171875 0.407634068359375 0.9528819791666666
0 0.434386861328125 1 0.70371496875 0.9352840885416667 0.841361447265625 0.8720901093750001 0.412717197265625 0.9792309817708333 0.41881744140625 1 0.434386861328125 1
0 0.562753478515625 1 0.6897666796875 0.941687796875 0.45129744140625 1 0.562753478515625 1