0 0.509305369140625 1 0.851140986328125 0.8244698723958334 0.85743155078125 0.8185024817708334 0.855117435546875 0.8046990416666667 0.4797911015625 1 0.509305369140625 1
0 0.486255513671875 0.9663160677083332 0.485971859375 0.96879028125 0.831682134765625 0.7915648932291667 0.83271886328125 0.777529875 0.8273563984375 0.7615659661458333 0.8202641953125 0.741769703125 0.4746831640625 0.9121362057291668 0.475094291015625 0.9176404453125001 0.48032751171875 0.9404632421875 0.486255513671875 0.9663160677083332
0 0.4727155546875 0.9072664479166667 0.811530271484375 0.7407925390625 0.81375637109375 0.7319445234374999 0.812998740234375 0.71750659375 0.808717013671875 0.6988333984375 0.80352780078125 0.6873363333333334 0.4612976171875 0.8574712604166667 0.461946615234375 0.8640129010416667 0.46670408984375 0.8847608958333333 0.4727155546875 0.9072664479166667
0 0.796867337890625 0.6582891380208333 0.791093748046875 0.636820984375 0.429947861328125 0.8135323619791667 0.441167158203125 0.8587499791666667 0.44244653515625 0.860618265625 0.8008465703125 0.6793543776041666 0.796867337890625 0.6582891380208333
0 0.785925029296875 0.610568234375 0.78289729296875 0.59365259375 0.7783130703125 0.5773714427083333 0.7718698671875 0.5641168177083333 0.415070447265625 0.7560724609374999 0.427604994140625 0.7996035260416666 0.429665978515625 0.801169234375 0.785925029296875 0.610568234375
0 0.76838699609375 0.5303712083333333 0.75973830859375 0.5112094296874999 0.43223011328125 0.678746171875 0.445886337890625 0.7308803020833333 0.447950392578125 0.7324593854166667 0.775998955078125 0.563568 0.76838699609375 0.5303712083333333
0 0.7598029296875 0.5077799869791667 0.746050263671875 0.45893652864583334 0.41681233203125 0.6226409140625 0.4312435546875 0.6744436484374999 0.7598029296875 0.5077799869791667
0 0.74486089453125 0.45374952864583334 0.73551919921875 0.4167203802083333 0.400531072265625 0.585037515625 0.411088625 0.6236579166666667 0.74486089453125 0.45374952864583334
0 0.731757228515625 0.41144771093750004 0.72157266796875 0.37816524999999995 0.3900000078125 0.5428213697916667 0.399776900390625 0.5817484661458333 0.731757228515625 0.41144771093750004
0 0.3486417265625 0.5109029244791666 0.3588919453125 0.5518942708333333 0.72451238671875 0.37242943229166664 0.72202501953125 0.3541591510416667 0.716186806640625 0.3361204427083333 0.3486417265625 0.5109029244791666
0 0.71415457421875 0.33468012760416666 0.703796759765625 0.29693082552083333 0.337872787109375 0.467649375 0.3488987734375 0.5083126744791667 0.71415457421875 0.33468012760416666
0 0.329849705078125 0.4289483411458333 0.339921775390625 0.46545148697916666 0.33865103125 0.46733213281249997 0.706671859375 0.29462445052083336 0.698648775390625 0.2559234140625 0.329849705078125 0.4289483411458333
0 0.317092541015625 0.39558020833333335 0.327529427734375 0.4262518359375 0.700572376953125 0.24946744270833332 0.694516904296875 0.21563616145833334 0.31542742578125 0.3883184088541667 0.317092541015625 0.39558020833333335
0 0.37165198828125 0.31435247135416666 0.382723421875 0.3552139765625 0.38475565625 0.3566542864583333 0.688355583984375 0.21474466927083333 0.678840634765625 0.17324867708333333 0.37165198828125 0.31435247135416666
0 0.35725032421875 0.2589673697916667 0.370645193359375 0.3099616953125 0.372494853515625 0.3106057864583333 0.675251916015625 0.17244285156250003 0.66573696875 0.13094686197916666 0.35725032421875 0.2589673697916667
0 0.331412888671875 0.20937832291666666 0.342122927734375 0.252375 0.34367369140625 0.25542682552083334 0.66508796875 0.12440521875 0.653129662109375 0.075964671875 0.331412888671875 0.20937832291666666
0 0.3147411171875 0.15151551041666667 0.327956009765625 0.19801366145833332 0.3295098984375 0.201079125 0.652480662109375 0.06942302864583333 0.640760228515625 0.0220198828125 0.3147411171875 0.15151551041666667
0 0.5442937734375 0 0.3020251796875 0.08863703385416666 0.315172087890625 0.13854996614583334 0.316491466796875 0.14059269270833333 0.63831687109375 0.015075328125 0.63486012890625 0 0.5442937734375 0