0 0.1120815859375 0.9003223541666667 0.173106517578125 0.9006573776041668 0.195603244140625 0.30104614583333333 0.13470968359375 0.2985437109375 0.1120815859375 0.9003223541666667
0 0.1836817109375 0.9009034973958333 0.24310809375 0.8990308489583333 0.26305076953125 0.3080420546875 0.204643396484375 0.3034270104166667 0.1836817109375 0.9009034973958333
0 0.2520563359375 0.8992391041666666 0.274833673828125 0.8997692109375 0.286236544921875 0.898949359375 0.300517208984375 0.367516703125 0.26961930859375 0.3657123671875 0.265687578125 0.3656208619791667 0.247218083984375 0.895870796875 0.2520563359375 0.8992391041666666
0 0.287693064453125 0.9120060755208333 0.3283810859375 0.9118677916666668 0.341276244140625 0.3619538958333333 0.302374109375 0.3610485104166667 0.287693064453125 0.9120060755208333
0 0.34065424609375 0.9067272526041666 0.38134226953125 0.9065889713541666 0.39601325 0.9047599427083334 0.405597689453125 0.3591099375 0.398333212890625 0.3545999270833333 0.345612671875 0.3533729401041667 0.33585860546875 0.900104234375 0.34065424609375 0.9067272526041666
0 0.435901998046875 0.9035178229166667 0.448132548828125 0.9016320000000001 0.46174176171875 0.35933136458333337 0.416388466796875 0.3561053697916667 0.401707583984375 0.90489246875 0.415522478515625 0.9062992239583334 0.435901998046875 0.9035178229166667
0 0.45051616796875 0.9060284114583333 0.4968843203125 0.9071075572916666 0.507282236328125 0.361476484375 0.4643670703125 0.35939246614583337 0.45051616796875 0.9060284114583333
0 0.49912591015625 0.922353015625 0.550374921875 0.9235457552083334 0.56464775 0.2683961536458333 0.518491794921875 0.2662367109375 0.49912591015625 0.922353015625
0 0.61993573828125 0.27185336197916665 0.57297982421875 0.2696753046875 0.555312591796875 0.9193197317708334 0.561763591796875 0.9238108072916668 0.60733247265625 0.9237861171875 0.61993573828125 0.27185336197916665
0 0.690051150390625 0.3928610104166667 0.620224 0.39123589322916663 0.608521802734375 0.9021091015625 0.641902740234375 0.9007155208333333 0.68340423828125 0.9005961692708334 0.690051150390625 0.3928610104166667
0 0.699978662109375 0.39200682291666666 0.69316595703125 0.9008233567708334 0.702927671875 0.9010505442708333 0.728973119140625 0.9005714765625 0.75419088671875 0.9011583802083334 0.778595177734375 0.9017263515625 0.78996964453125 0.9030763098958333 0.795803080078125 0.39532221875 0.75024840234375 0.39426200781250004 0.699978662109375 0.39200682291666666
0 0.809393658203125 0.911125015625 0.83706605859375 0.9106838125 0.8393292109375 0.3648634140625 0.812663923828125 0.36424282031250005 0.809393658203125 0.911125015625
0 0.846000095703125 0.9119769713541667 0.874485970703125 0.9115547031250001 0.8742660859375 0.36893221875 0.846636294921875 0.3661187083333333 0.846000095703125 0.9119769713541667