0 0.7210929140625 1 0.723528154296875 0.9614516536458333 0.3189993515625 0.9383522760416666 0.31694780859375 0.9675757369791667 0.47048686328125 1 0.7210929140625 1
0 0.7240837578125 0.9567743984375 0.730012712890625 0.8992936744791667 0.3574309609375 0.8721531796875 0.350807470703125 0.9354804843750001 0.7240837578125 0.9567743984375
0 0.729552388671875 0.895600546875 0.73492575 0.8427969973958334 0.363732982421875 0.8039635651041667 0.35724840625 0.8661214583333333 0.729552388671875 0.895600546875
0 0.348664205078125 0.726466296875 0.339687361328125 0.7868992864583334 0.727960908203125 0.8257439869791666 0.73082511328125 0.7671061927083334 0.348664205078125 0.726466296875
0 0.74466451171875 0.7154016093750001 0.741850798828125 0.7088142395833333 0.369971400390625 0.6530549609374999 0.36297490234375 0.7270911666666667 0.737675880859375 0.7666654583333333 0.744057337890625 0.7356500677083333 0.74466451171875 0.7154016093750001
0 0.748129041015625 0.7089414088541667 0.758137703125 0.6019797786458333 0.4060218203125 0.5312161276041667 0.392795970703125 0.6495804609375 0.748129041015625 0.7089414088541667
0 0.76451909375 0.5709644505208333 0.76452705859375 0.5481920390625 0.367915478515625 0.4584428098958333 0.36226428125 0.5135850182291667 0.756522490234375 0.60044009375 0.7625745234375 0.587334484375 0.76451909375 0.5709644505208333
0 0.37440005859375 0.3962849192708333 0.368054373046875 0.45727355729166663 0.76406665625 0.5444990546875 0.7689796953125 0.488002375 0.37440005859375 0.3962849192708333
0 0.7702734765625 0.4846796770833333 0.778928849609375 0.41938413020833337 0.4076645625 0.3206042135416667 0.397759080078125 0.39642335416666663 0.7702734765625 0.4846796770833333
0 0.77726999609375 0.4106435546875 0.786342068359375 0.34184008854166664 0.41429596875 0.2345046484375 0.4077598046875 0.3122339036458333 0.77726999609375 0.4106435546875
0 0.788790662109375 0.3363640911458334 0.789274783203125 0.27174028125 0.424435587890625 0.14914594010416668 0.418455015625 0.2221980260416667 0.788790662109375 0.3363640911458334
0 0.782536150390625 0.26792004947916664 0.784115564453125 0.23948640364583332 0.452048896484375 0.12860744531249999 0.448715314453125 0.1566706484375 0.782536150390625 0.26792004947916664
0 0.455616611328125 0.09100467968749999 0.451449650390625 0.12608356510416666 0.785730818359375 0.2410262578125 0.788140048828125 0.20969828385416667 0.455616611328125 0.09100467968749999