0 0.4770640234375 0 0.10889502734375 0.06027395833333333 0.10992462109375 0.07678207031249999 0.11169703515625 0.08221497135416667 0.112900533203125 0.08837690625 0.681422470703125 0.011200028645833334 0.680654931640625 0 0.4770640234375 0
0 0.111935763671875 0.09171433333333334 0.114597427734375 0.12752468229166666 0.69485183984375 0.04651936197916667 0.69231434375 0.012057369791666666 0.111935763671875 0.09171433333333334
0 0.1159739921875 0.1355659765625 0.11846258984375 0.16949697135416666 0.698313177734375 0.084106484375 0.69594965234375 0.05153363541666667 0.1159739921875 0.1355659765625
0 0.7117213125 0.09156724479166667 0.1202429765625 0.1819234296875 0.12486606640625 0.2390331484375 0.125781119140625 0.24206282812500002 0.12481634765625 0.24540025260416667 0.126612677734375 0.27181382291666667 0.12924245703125 0.2796499479166667 0.720825521484375 0.19043101822916667 0.72087523828125 0.1840639140625 0.7117213125 0.09156724479166667
0 0.13946137890625 0.397525515625 0.141349171875 0.40421132291666667 0.729890662109375 0.2957775442708333 0.720335359375 0.19892228125 0.131830490234375 0.30084673437500004 0.12915896484375 0.30637126822916666 0.13946137890625 0.397525515625
0 0.140687927734375 0.41775178385416667 0.148048203125 0.47695697916666663 0.149251703125 0.4831189166666667 0.1495978359375 0.48687762760416664 0.69808616796875 0.3786420989583333 0.69066865234375 0.31190830989583335 0.1425100625 0.41681758333333335 0.140687927734375 0.41775178385416667
0 0.148294904296875 0.4934498984375 0.15714712109375 0.5619492916666667 0.70495115625 0.4531898932291667 0.697582912109375 0.38699114322916667 0.148294904296875 0.4934498984375
0 0.148159802734375 0.574866765625 0.15769631640625 0.6438900260416667 0.751869302734375 0.5275394375 0.745766251953125 0.46126562239583335 0.148159802734375 0.574866765625
0 0.156566451171875 0.6523416536458333 0.16428083203125 0.7222991145833334 0.7585691953125 0.6072014322916667 0.7524679609375 0.5409473463541666 0.156566451171875 0.6523416536458333
0 0.176457841796875 0.7992748697916667 0.731896544921875 0.690537375 0.732119330078125 0.6860496276041667 0.7264706796875 0.6247102083333333 0.166921328125 0.7302516145833334 0.1755427890625 0.7962451953124999 0.176457841796875 0.7992748697916667
0 0.741102869140625 0.7697890312500001 0.736420833984375 0.7051322291666667 0.172936923828125 0.8093897369791666 0.1800167265625 0.8724562291666667 0.180247482421875 0.8749620364583334 0.741102869140625 0.7697890312500001
0 0.74593280078125 0.8084238932291666 0.743460634765625 0.7815783359375 0.177122416015625 0.8824685104166666 0.179998892578125 0.9067975572916667 0.182224849609375 0.9102485182291667 0.74593280078125 0.8084238932291666
0 0.7498476796875 0.8440290755208334 0.747434033203125 0.8178189817708333 0.178646244140625 0.9197369296875001 0.181695787109375 0.9459453333333333 0.1824377734375 0.9470956536458334 0.7498476796875 0.8440290755208334
0 0.338812259765625 1 0.7471484609375 0.9252298255208333 0.73965686328125 0.8507846145833334 0.1841525 0.9519021041666668 0.183814337890625 0.9551369479166666 0.18710472265625 1 0.338812259765625 1