0 0.60352394921875 0.9024013671875001 0.29670484765625 0.8795595937499999 0.2985530703125 0.8748129322916666 0.29300547265625 0.8747918020833333 0.285714470703125 0.9609799036458333 0.291416884765625 0.9621841354166666 0.59195845703125 0.9727329010416667 0.600108171875 0.9581868541666667 0.6017636328125 0.9388447135416667 0.60352394921875 0.9024013671875001
0 0.591963140625 1 0.592840060546875 0.99774784375 0.59264726953125 0.9831523567708333 0.592814529296875 0.976338390625 0.295540001953125 0.9630548541666667 0.470486861328125 1 0.591963140625 1
0 0.61610805859375 0.852238296875 0.6151272421875 0.8280585338541666 0.306862447265625 0.7903566848958333 0.297500810546875 0.8785660807291666 0.60817666015625 0.90278934375 0.612834013671875 0.8798002994791667 0.61610805859375 0.852238296875
0 0.615654513671875 0.8290260703125 0.61827086328125 0.7961882057291666 0.328876095703125 0.7571271067708333 0.32512924609375 0.7933580625 0.615654513671875 0.8290260703125
0 0.626729578125 0.7466046536458334 0.326744921875 0.6986650807291667 0.326478466796875 0.7063142916666667 0.326739267578125 0.714930984375 0.324494197265625 0.7230185442708333 0.320137896484375 0.7533984739583334 0.622854572265625 0.7954438697916667 0.626729578125 0.7466046536458334
0 0.626499943359375 0.7431315130208334 0.6311318125 0.6987329661458334 0.33514122265625 0.6387944088541667 0.32755805859375 0.6909330651041666 0.626499943359375 0.7431315130208334
0 0.330772896484375 0.5890705026041666 0.324568986328125 0.6328610104166666 0.63749569140625 0.6992206953125 0.639610380859375 0.6868248255208332 0.6420283046875 0.6556573776041666 0.330772896484375 0.5890705026041666
0 0.642598056640625 0.6292366067708334 0.387495162109375 0.5710833307291666 0.383402013671875 0.5953777265625 0.63774227734375 0.6538960677083333 0.642598056640625 0.6292366067708334
0 0.642598056640625 0.6292366067708334 0.6454752421875 0.6050154973958334 0.391436248046875 0.5396335677083334 0.38809044140625 0.5660720729166667 0.642598056640625 0.6292366067708334
0 0.656422873046875 0.6047588984375 0.658772787109375 0.5795702500000001 0.342908123046875 0.4923181953125 0.33853634765625 0.5152790677083333 0.656422873046875 0.6047588984375
0 0.346051763671875 0.460447875 0.343044505859375 0.4832732473958334 0.658146298828125 0.5794379479166667 0.659895349609375 0.5755264192708334 0.661749201171875 0.5545137890624999 0.346051763671875 0.460447875
0 0.662350107421875 0.5332366822916667 0.661363658203125 0.5253228255208333 0.36253852734375 0.42618254427083335 0.359077205078125 0.45891768489583334 0.658815271484375 0.5521819375 0.661258759765625 0.542424015625 0.662350107421875 0.5332366822916667
0 0.66562415234375 0.5056746770833334 0.6667155 0.49648734375 0.368608603515625 0.3869733463541667 0.36311376171875 0.41953050520833335 0.661363658203125 0.5253228255208333 0.66360871484375 0.5172353776041666 0.66562415234375 0.5056746770833334
0 0.42665915234375 0.4089773385416667 0.663948841796875 0.4873414114583334 0.666193912109375 0.4792538515625 0.66554253515625 0.46757103645833337 0.664351330078125 0.46773466666666663 0.42904028125 0.38893219270833335 0.42665915234375 0.4089773385416667
0 0.664445486328125 0.4648588203125 0.667580640625 0.446875515625 0.43077174609375 0.367637671875 0.427060658203125 0.38609411458333337 0.664445486328125 0.4648588203125
0 0.671584466796875 0.4383984401041667 0.67626294921875 0.40742289843749996 0.40131466796875 0.3196703411458333 0.3970912734375 0.35246309635416667 0.671584466796875 0.4383984401041667
0 0.678525033203125 0.39258480208333335 0.682383326171875 0.36010438281249996 0.407349955078125 0.27871630989583335 0.402672607421875 0.3082387604166667 0.678525033203125 0.39258480208333335
0 0.690313833984375 0.3437996380208333 0.698647759765625 0.2736418515625 0.382738068359375 0.17896020312500002 0.372990890625 0.2568104713541667 0.690313833984375 0.3437996380208333
0 0.392079556640625 0.08770619270833334 0.38194654296875 0.16880447395833334 0.69621590234375 0.2604761067708333 0.703548572265625 0.19380513802083332 0.392079556640625 0.08770619270833334
0 0.39763110546875 0.05358561979166667 0.392566806640625 0.08780908854166668 0.70260083203125 0.18990664062499998 0.706465802734375 0.1599985546875 0.39763110546875 0.05358561979166667
0 0.3965551875 0.05002882552083333 0.70630480078125 0.15872539322916665 0.709179796875 0.15134169010416668 0.712266439453125 0.12535730208333332 0.40142435546875 0.013551705729166667 0.400640583984375 0.028250817708333334 0.39786700390625 0.03898551822916667 0.3965551875 0.05002882552083333
0 0.40279187109375 0 0.40149380859375 0.008453856770833334 0.71473137109375 0.11722103385416667 0.7172293359375 0.08778283593750001 0.47033884375 0 0.40279187109375 0