0 0.341043888671875 0.9929036119791667 0.489507546875 0.9998162317708333 0.7578202421875 0.9845100234375 0.756232150390625 0.9518722317708334 0.34199355078125 0.9738323984375 0.341043888671875 0.9929036119791667
0 0.75471911328125 0.9474599348958334 0.753074234375 0.916990421875 0.34211725390625 0.9380179244791668 0.3412938203125 0.9694579739583333 0.75471911328125 0.9474599348958334
0 0.754842818359375 0.9116454609375001 0.753548794921875 0.8366883567708333 0.3410219921875 0.8554718463541667 0.340608833984375 0.9334294140625 0.754842818359375 0.9116454609375001
0 0.7575503984375 0.7771742864583334 0.75456284765625 0.735787640625 0.34715117578125 0.8079969140625001 0.35098559765625 0.8481398307291667 0.7575503984375 0.7771742864583334
0 0.384110943359375 0.7337354817708334 0.387775451171875 0.7803660286458333 0.752662419921875 0.7150753854166667 0.750346203125 0.6791473046875001 0.390589001953125 0.7351225703125 0.384110943359375 0.7337354817708334
0 0.769194220703125 0.6745975807291668 0.76646221875 0.6234536796875 0.38474574609375 0.6784064973958334 0.388968306640625 0.7348208723958334 0.769194220703125 0.6745975807291668
0 0.76070414453125 0.5634851875 0.755209759765625 0.5556311328125 0.346927994140625 0.6299708125 0.349159025390625 0.6691513124999999 0.762320630859375 0.5950388385416666 0.76181966015625 0.5830754375 0.76070414453125 0.5634851875
0 0.3491326171875 0.5768858437500001 0.352212037109375 0.6147648046874999 0.76045872265625 0.5417645260416667 0.757329201171875 0.5057985807291666 0.75337624609375 0.5012726796875 0.3491326171875 0.5768858437500001
0 0.368530251953125 0.5202595494791666 0.37225294140625 0.5646685781249999 0.75941012109375 0.48852808333333336 0.752270857421875 0.450204515625 0.37587840234375 0.5195162265625001 0.368530251953125 0.5202595494791666
0 0.370678087890625 0.469342859375 0.374457912109375 0.5115704322916667 0.376077162109375 0.51192725 0.758134365234375 0.4439647552083333 0.753520203125 0.402502375 0.370678087890625 0.469342859375
0 0.76019701953125 0.396300484375 0.756698373046875 0.3744283515625 0.357703705078125 0.4361749114583333 0.358770140625 0.4576391822916666 0.76019701953125 0.396300484375
0 0.357657044921875 0.40686527604166667 0.3595369765625 0.4283601536458333 0.760850087890625 0.3713652734375 0.758921263671875 0.3517371588541667 0.755810009765625 0.3461649869791667 0.357657044921875 0.40686527604166667
0 0.7633001328125 0.3400009635416667 0.759158544921875 0.311586125 0.354612705078125 0.3676469088541667 0.356492888671875 0.389132109375 0.7633001328125 0.3400009635416667
0 0.765863755859375 0.30430009375 0.76166537890625 0.2780535338541667 0.35406507421875 0.3263738671875 0.357458533203125 0.3522622213541667 0.765863755859375 0.30430009375
0 0.76677237109375 0.2696076276041667 0.759643232421875 0.19980614322916668 0.380877775390625 0.23535805729166667 0.3878452109375 0.3113335520833333 0.76677237109375 0.2696076276041667
0 0.763468849609375 0.17810273958333334 0.7620044609375 0.10965047395833333 0.38767664453125 0.0379483046875 0.384119224609375 0.11159405989583333 0.763468849609375 0.17810273958333334
0 0.38752840625 0 0.386425181640625 0.023548763020833335 0.764227353515625 0.08695928125 0.765397166015625 0.012052393229166666 0.506545630859375 0 0.38752840625 0