0 0.52293598828125 1 0.820492833984375 0.9512861510416667 0.81557740625 0.8979088880208334 0.4232986171875 1 0.52293598828125 1
0 0.80823765234375 0.8805303958333334 0.8050647578125 0.8460755338541667 0.402640453125 0.9545824583333333 0.406899572265625 0.9919292421875 0.80823765234375 0.8805303958333334
0 0.803860412109375 0.8419009140624999 0.79978062890625 0.8065015729166666 0.400998390625 0.9100404557291667 0.403442673828125 0.9454867994791667 0.803860412109375 0.8419009140624999
0 0.7769536328125 0.7544983411458334 0.378497880859375 0.8437754635416667 0.37102994921875 0.8428121640625 0.378282625 0.9126663671875 0.80724855859375 0.8074648723958333 0.802503732421875 0.7470366249999999 0.7769536328125 0.7544983411458334
0 0.821011533203125 0.7254265598958334 0.813292119140625 0.6326968828125 0.809381615234375 0.6169428723958333 0.80384112890625 0.6101992942708333 0.363525787109375 0.6811915807291666 0.375366087890625 0.845381125 0.81684467578125 0.7425029348958333 0.821011533203125 0.7254265598958334
0 0.790634404296875 0.600338984375 0.7842886171875 0.5314292578125 0.35872534375 0.5934487630208333 0.36461924609375 0.6752585026041666 0.790634404296875 0.600338984375
0 0.791161630859375 0.5259322708333333 0.78491499609375 0.45809926041666665 0.350580291015625 0.5139041302083334 0.357591958984375 0.5900447291666667 0.791161630859375 0.5259322708333333
0 0.77926637890625 0.4501814947916667 0.77369930078125 0.3986314348958333 0.3507720546875 0.4536617057291667 0.355708619140625 0.5072684791666667 0.77926637890625 0.4501814947916667
0 0.7684562734375 0.395118 0.766615904296875 0.3484225677083333 0.40295085546875 0.397029703125 0.407999830078125 0.4429536171875 0.7684562734375 0.395118
0 0.766318447265625 0.34519242447916665 0.77018784765625 0.3248859088541667 0.768700552734375 0.30873519010416667 0.762352328125 0.30212384635416667 0.333884595703125 0.35041053645833337 0.335272736328125 0.36548453906249995 0.337057490234375 0.38486539843749995 0.3384220625 0.39968347916666663 0.766318447265625 0.34519242447916665
0 0.7592205390625 0.30372950520833336 0.757776783203125 0.26134093229166666 0.356573771484375 0.3029781458333333 0.36041601171875 0.34470153385416663 0.7592205390625 0.30372950520833336
0 0.760001685546875 0.25879079427083335 0.759167357421875 0.21411655468750002 0.35323159765625 0.24887794791666665 0.3568599375 0.29718211197916666 0.760001685546875 0.25879079427083335
0 0.779474427734375 0.2031413984375 0.779689681640625 0.13425049479166667 0.324511041015625 0.15958642447916668 0.33023288671875 0.239527765625 0.779474427734375 0.2031413984375
0 0.776671556640625 0.12818691927083334 0.77451921484375 0.08700729427083333 0.316619908203125 0.10950978906249999 0.320556826171875 0.15226129427083332 0.776671556640625 0.12818691927083334
0 0.771798548828125 0.08417386197916667 0.7696462109375 0.04299423958333334 0.30994763671875 0.05486182552083333 0.313472275390625 0.10203987239583334 0.771798548828125 0.08417386197916667
0 0.477064025390625 0 0.314831587890625 0.026559518229166666 0.315698162109375 0.037175596354166666 0.769759875 0.035325 0.768725794921875 0 0.477064025390625 0