0 0.519652919921875 1 0.749846666015625 0.9677408828125 0.74844161328125 0.9499166484375 0.74595258984375 0.942612921875 0.387293181640625 0.9801208802083333 0.384735814453125 0.9881318020833333 0.38567136328125 1 0.519652919921875 1
0 0.38398051171875 0.9219156901041666 0.38291576171875 0.9407710885416667 0.385667978515625 0.9675944270833333 0.3870280078125 0.9767569270833333 0.7424008046875 0.9380089947916667 0.73878878125 0.8840971796875 0.38398051171875 0.9219156901041666
0 0.37771272265625 0.8666754921875 0.37714618359375 0.8837605182291667 0.379267587890625 0.9106722552083334 0.381648251953125 0.9209926249999999 0.739353306640625 0.8831677578125 0.73504421484375 0.8285033802083334 0.37771272265625 0.8666754921875
0 0.73497791796875 0.8276623645833333 0.73322216796875 0.7972983255208334 0.376455162109375 0.8345410807291667 0.377894265625 0.8644725677083334 0.73497791796875 0.8276623645833333
0 0.394686173828125 0.7988251979166666 0.393790197265625 0.7955496458333333 0.37227663671875 0.7977142864583334 0.37389980859375 0.8263963437499999 0.731928404296875 0.7889767890625 0.729409244140625 0.7570191770833333 0.394686173828125 0.7988251979166666
0 0.731235373046875 0.7559129583333334 0.728350560546875 0.7274076484375 0.39192503515625 0.7755343333333333 0.393989080078125 0.7980726380208334 0.731235373046875 0.7559129583333334
0 0.72828426953125 0.7265666875 0.726229162109375 0.7004959661458333 0.388496015625 0.7498297604166666 0.39150205078125 0.7746132552083332 0.72828426953125 0.7265666875
0 0.72337448828125 0.69664459375 0.7204575625 0.6596409947916667 0.3795193046875 0.7071341692708333 0.3839364765625 0.7433628411458333 0.72337448828125 0.69664459375
0 0.71969415234375 0.6580474244791666 0.71657834765625 0.6185208880208334 0.376376966796875 0.6636455 0.380323443359375 0.6995400156249999 0.71969415234375 0.6580474244791666
0 0.715814984375 0.6169273072916667 0.713926595703125 0.5848812447916667 0.359738861328125 0.6341563932291666 0.362931228515625 0.66297890625 0.715814984375 0.6169273072916667
0 0.35795353125 0.6026103802083334 0.357294240234375 0.6076503098958334 0.35915046875 0.63119809375 0.715188197265625 0.5847044453125 0.71203825390625 0.5528351744791666 0.35795353125 0.6026103802083334
0 0.71064406640625 0.5513299947916667 0.7070300234375 0.5135737838541666 0.37464458984375 0.5563177317708333 0.37787969140625 0.5937118359375 0.71064406640625 0.5513299947916667
0 0.706200365234375 0.5111392447916666 0.702154419921875 0.4759943671875 0.37318841796875 0.5200496796874999 0.375527275390625 0.5557788802083333 0.706200365234375 0.5111392447916666
0 0.704346158203125 0.4714358567708334 0.7005011171875 0.42265836458333333 0.367097017578125 0.46946828385416667 0.371149869140625 0.516429140625 0.704346158203125 0.4714358567708334
0 0.699538830078125 0.4185418541666666 0.69556120703125 0.3680824453125 0.363707599609375 0.4175730494791667 0.36793562890625 0.46756325260416665 0.699538830078125 0.4185418541666666
0 0.6940344296875 0.3648952916666666 0.69068762109375 0.31434736458333334 0.35719199609375 0.3636339661458334 0.360339947265625 0.4116588958333333 0.6940344296875 0.3648952916666666
0 0.35427101953125 0.35894158072916665 0.691119517578125 0.31173597395833336 0.68670999609375 0.2638879557291667 0.349151974609375 0.31300204947916666 0.35427101953125 0.35894158072916665
0 0.687308658203125 0.2553012135416667 0.684889927734375 0.21652730208333335 0.345652138671875 0.26860375 0.346874208984375 0.30556021875 0.687308658203125 0.2553012135416667
0 0.682997548828125 0.2167924973958333 0.680345796875 0.18315285416666668 0.344341794921875 0.23418562499999998 0.3471775859375 0.268955578125 0.682997548828125 0.2167924973958333
0 0.675673072265625 0.11578516927083334 0.312097841796875 0.17183795833333335 0.316557447265625 0.22872746875000002 0.679550263671875 0.17306088020833332 0.675673072265625 0.11578516927083334
0 0.6708596796875 0.11135798177083334 0.6670488203125 0.05492322135416666 0.3074432890625 0.11310689843749999 0.311334439453125 0.17024432552083335 0.6708596796875 0.11135798177083334
0 0.663569427734375 0.0026933776041666666 0.313572474609375 0.061094684895833334 0.315805474609375 0.103518390625 0.66651847265625 0.048195315104166664 0.663569427734375 0.0026933776041666666
0 0.48034708203125 0 0.33706090234375 0.020079979166666668 0.338302560546875 0.050800994791666665 0.661478123046875 0.0004355859375 0.661449021484375 0 0.48034708203125 0