0 0.440605837890625 0 0.26724437109375 0.07510473958333333 0.142025357421875 0.14833737760416668 0.1427204375 0.1617237734375 0.14618109765625 0.18645893489583332 0.1514805625 0.20469434635416664 0.157090611328125 0.21367019010416666 0.504106087890625 0.015427658854166667 0.5026173125 0.0058069947916666665 0.50120220703125 0 0.440605837890625 0
0 0.159274466796875 0.23667724999999998 0.164766181640625 0.266235640625 0.1711107578125 0.28173703125 0.522789787109375 0.07805223958333334 0.5132162421875 0.04227781770833333 0.50616883984375 0.02038096354166667 0.159353359375 0.2229555520833333 0.159274466796875 0.23667724999999998
0 0.175893966796875 0.30136529687499997 0.185990064453125 0.33577270833333334 0.5165204375 0.1401094453125 0.505448501953125 0.10169760677083334 0.175893966796875 0.30136529687499997
0 0.1915015 0.36190067187499997 0.204614595703125 0.4086885625 0.531876556640625 0.19961311458333333 0.51368869140625 0.14604594270833335 0.1915015 0.36190067187499997
0 0.20327862109375 0.4172517265625 0.222657400390625 0.4932627005208334 0.5648762421875 0.27884816927083333 0.538355623046875 0.19810960416666668 0.20327862109375 0.4172517265625
0 0.218728375 0.5052305 0.24066076171875 0.5846976901041666 0.588317126953125 0.3645055963541666 0.55947983203125 0.2847944427083333 0.218728375 0.5052305
0 0.23982762109375 0.5953242682291667 0.2541583515625 0.6541315390625 0.604619744140625 0.43842736718750003 0.58213244921875 0.3742398619791667 0.23982762109375 0.5953242682291667
0 0.251274435546875 0.6633653151041666 0.2645600546875 0.7249066041666666 0.62403796875 0.5075774947916667 0.600258447265625 0.4451099609375 0.251274435546875 0.6633653151041666
0 0.26194727734375 0.7317416614583333 0.2767611171875 0.7960427682291668 0.640380029296875 0.5746384140624999 0.62065121875 0.5147478567708333 0.26194727734375 0.7317416614583333
0 0.6439934921875 0.6175574088541667 0.632389111328125 0.5874947213541667 0.276973087890625 0.8039353255208334 0.285328994140625 0.8276903671875 0.288134021484375 0.8321782890625 0.6439934921875 0.6175574088541667
0 0.6588270546875 0.6784280911458334 0.639894400390625 0.6253159765624999 0.28194224609375 0.8348607291666666 0.290431232421875 0.8802300208333333 0.296061005859375 0.8857754401041666 0.6588270546875 0.6784280911458334
0 0.29892021875 0.9255993151041667 0.30425912890625 0.9369738776041667 0.7212426484375 0.6992943359375 0.704575921875 0.6554806302083334 0.294241923828125 0.8888447682291667 0.29366019921875 0.9005030546875 0.29892021875 0.9255993151041667
0 0.30062096484375 0.9431125338541667 0.314448861328125 0.9998563906250001 0.747858314453125 0.7698888489583333 0.72461855859375 0.7061249270833333 0.30062096484375 0.9431125338541667
0 0.434932193359375 1 0.758822015625 0.8324360572916666 0.7429038984375 0.7811602447916667 0.32014749609375 1 0.434932193359375 1
0 0.555891806640625 1 0.774178134765625 0.8919397265625001 0.75806522265625 0.843375921875 0.448363103515625 1 0.555891806640625 1