0 0.776081751953125 0.809473265625 0.7731392421875 0.7882287786458333 0.310428544921875 0.78834115625 0.310047474609375 0.8949147786458332 0.77539077734375 0.8923730338541667 0.776655107421875 0.8532698645833333 0.776081751953125 0.809473265625
0 0.348641763671875 0.7223288932291667 0.347067513671875 0.7377582135416666 0.347237970703125 0.750778828125 0.3492771015625 0.77086025 0.76039936328125 0.7648442161458333 0.760605416015625 0.7127410911458334 0.349421142578125 0.7140223697916667 0.348641763671875 0.7223288932291667
0 0.756170740234375 0.6453532942708333 0.7523249140625 0.6229457421875 0.34997835546875 0.6384552395833333 0.349549685546875 0.6560007630208333 0.347975431640625 0.6714300833333334 0.348145888671875 0.6844506979166667 0.34755246484375 0.7069615651041666 0.349390150390625 0.7116549947916666 0.753316662109375 0.6987020546874999 0.755809724609375 0.6856194479166667 0.75817887890625 0.6630673359375 0.75802391796875 0.6512303697916667 0.756170740234375 0.6453532942708333
0 0.349239763671875 0.6323269114583333 0.7522319375 0.615843609375 0.751049630859375 0.5933740703125 0.7508636796875 0.5791698072916667 0.75159659765625 0.5673121770833334 0.747735216796875 0.5437210572916666 0.34737566015625 0.5577749921875 0.349239763671875 0.6323269114583333
0 0.384154111328125 0.5178452864583333 0.385475849609375 0.5509680651041667 0.74837516015625 0.524761375 0.745246697265625 0.48931246874999995 0.384154111328125 0.5178452864583333
0 0.747863791015625 0.48569953125000004 0.74559221484375 0.44786266145833337 0.38635277734375 0.48227255468749997 0.387674517578125 0.5153953333333333 0.747863791015625 0.48569953125000004
0 0.350389302734375 0.448772 0.34869108203125 0.45473172916666665 0.3487995546875 0.46301759114583335 0.349811373046875 0.47246643489583334 0.351838806640625 0.48213813802083333 0.74648003515625 0.447842 0.74819375390625 0.44306591666666667 0.748771708984375 0.4193713203125 0.74772887109375 0.4075551770833334 0.745782712890625 0.39457589062500004 0.353723755859375 0.43211762760416667 0.348427650390625 0.43460906250000003 0.35031182421875 0.44285359635416666 0.350389302734375 0.448772
0 0.746985060546875 0.3507379635416667 0.745988765625 0.342472765625 0.34758018359375 0.38065928125000004 0.348319177734375 0.426323203125 0.74751192578125 0.39098345833333337 0.74974161328125 0.3577780260416667 0.746985060546875 0.3507379635416667
0 0.74673712109375 0.33179878645833333 0.74420211328125 0.2738392526041667 0.3573773125 0.304154953125 0.356314400390625 0.3586460390625 0.74673712109375 0.33179878645833333
0 0.74328330078125 0.2714924583333333 0.7407637890625 0.2147165703125 0.35363602734375 0.246383328125 0.354667244140625 0.3006658385416667 0.74328330078125 0.2714924583333333
0 0.353794359375 0.18387012239583334 0.35244673046875 0.1988888802083333 0.352555203125 0.20717474218749998 0.3491277734375 0.21672705989583332 0.350217072265625 0.2320943125 0.353845951171875 0.2379300625 0.74074829296875 0.21353291927083332 0.740515853515625 0.19577754947916667 0.7402059296875 0.1721036171875 0.736468580078125 0.1579820078125 0.353794359375 0.18387012239583334
0 0.736468580078125 0.1579820078125 0.734119525390625 0.11422673437500001 0.3720305546875 0.13449435677083335 0.37352275 0.18063758854166667 0.736468580078125 0.1579820078125
0 0.372809931640625 0.12618783333333333 0.373775291015625 0.13208557291666667 0.73318515625 0.11069629427083333 0.7316929296875 0.06455305989583333 0.372252072265625 0.08357488281249999 0.372809931640625 0.12618783333333333
0 0.728982921875 0.0610639453125 0.73105758984375 0.016021546875 0.37157024609375 0.031492421875 0.37306247265625 0.07763581510416666 0.728982921875 0.0610639453125