0 0.661448533203125 1 0.274038228515625 0.9453356067708333 0.269731228515625 0.9797516666666667 0.48690471484375 1 0.661448533203125 1
0 0.698413173828125 1 0.701347970703125 0.9268454557291667 0.277487986328125 0.8625838203125 0.26903296875 0.9389350989583334 0.680167837890625 1 0.698413173828125 1
0 0.7024548828125 0.9235676848958333 0.70618978125 0.869324796875 0.28075931640625 0.8080105234375 0.276664103515625 0.8613202057291667 0.7024548828125 0.9235676848958333
0 0.28679144140625 0.7530822109374999 0.283118447265625 0.8061441484374999 0.70802336328125 0.868308953125 0.709162763671875 0.8126372734374999 0.28679144140625 0.7530822109374999
0 0.286673392578125 0.7044139296875 0.28166230078125 0.7490437526041666 0.711058283203125 0.8104404843749999 0.712853837890625 0.7634550911458334 0.286673392578125 0.7044139296875
0 0.714421615234375 0.7632835937500001 0.715889373046875 0.7183234088541667 0.29180834375 0.6574221380208333 0.28673533203125 0.7032329036458332 0.714421615234375 0.7632835937500001
0 0.3357337890625 0.6176073255208333 0.329960734375 0.6597925859375 0.71842299609375 0.7209331510416667 0.719638833984375 0.67141403125 0.3357337890625 0.6176073255208333
0 0.715709419921875 0.6708360781249999 0.715486203125 0.6411461484375 0.34125352734375 0.587840265625 0.3384531953125 0.6166740729166666 0.715709419921875 0.6708360781249999
0 0.341611984375 0.5564437135416667 0.3382919140625 0.5858032005208333 0.71921530078125 0.63793359375 0.720122361328125 0.60619596875 0.341611984375 0.5564437135416667
0 0.721011478515625 0.6036849088541667 0.722603109375 0.55636275 0.336709412109375 0.5064902916666667 0.332815671875 0.5544367838541667 0.721011478515625 0.6036849088541667
0 0.30977715625 0.4336124661458333 0.303898962890625 0.49477607812499996 0.72538448046875 0.5542485546875 0.728406033203125 0.48557885416666663 0.30977715625 0.4336124661458333
0 0.7302961796875 0.47756691145833335 0.733702720703125 0.41261253124999997 0.314139333984375 0.35819651041666667 0.30856294921875 0.42281829947916666 0.7302961796875 0.47756691145833335
0 0.36321057421875 0.29736942968749996 0.358156259765625 0.35979673697916664 0.730407177734375 0.4075582291666667 0.73562691796875 0.34789423177083334 0.36321057421875 0.29736942968749996
0 0.73539955078125 0.3463120260416667 0.73767255078125 0.28599899739583334 0.366738119140625 0.23257430989583336 0.361624734375 0.2936614140625 0.73539955078125 0.3463120260416667
0 0.33648617578125 0.16196033854166667 0.33180348828125 0.21730165625 0.74259718359375 0.27696407291666664 0.744114955078125 0.22338038281249997 0.33648617578125 0.16196033854166667
0 0.744746255859375 0.21901293229166666 0.7466475703125 0.16578588802083333 0.342859875 0.09134868750000001 0.33818001953125 0.14245905989583332 0.744746255859375 0.21901293229166666
0 0.35207687109375 0.017441971354166665 0.3458083359375 0.069075109375 0.74840661328125 0.14154895833333334 0.754031017578125 0.09289494010416667 0.35207687109375 0.017441971354166665
0 0.38106578515625 0 0.378527732421875 0.022281736979166664 0.75203609765625 0.063039828125 0.75416346484375 0.022476171875000003 0.51309529296875 0 0.38106578515625 0