0 0.138783095703125 0.8668198359375 0.1990699296875 0.8680898463541666 0.199684048828125 0.21877881770833332 0.13325098046875 0.21258488020833333 0.138783095703125 0.8668198359375
0 0.203128021484375 0.8684682057291666 0.262489701171875 0.8718273984375 0.270238083984375 0.2264446953125 0.20219888671875 0.22010101041666666 0.203128021484375 0.8684682057291666
0 0.266377490234375 0.8754530364583334 0.32585270703125 0.876647375 0.33778958203125 0.24470781770833336 0.271334166015625 0.23959951822916667 0.266377490234375 0.8754530364583334
0 0.329740494140625 0.8802730130208333 0.389913791015625 0.8837078802083332 0.40764553125 0.250133171875 0.340338841796875 0.2460332213541667 0.329740494140625 0.8802730130208333
0 0.3939718828125 0.8840862395833334 0.422435294921875 0.8856523255208333 0.441897642578125 0.29683545572916664 0.412812302734375 0.2952113828125 0.3939718828125 0.8840862395833334
0 0.4248133828125 0.8869617682291667 0.45246517578125 0.8884521848958333 0.473437224609375 0.3019515104166667 0.445171556640625 0.30040385937499997 0.4248133828125 0.8869617682291667
0 0.4562225625 0.8790130364583333 0.48863053125 0.8831223359374999 0.51443238671875 0.3133877578125 0.47790955859375 0.30998252604166665 0.4562225625 0.8790130364583333
0 0.57083143359375 0.31103213020833337 0.522294427734375 0.30759446614583336 0.49344347265625 0.8846587916666667 0.49489640625 0.8880574140625 0.540176732421875 0.8955423177083334 0.57083143359375 0.31103213020833337
0 0.628513109375 0.3153224088541667 0.57923534375 0.31072795833333333 0.5454438203125 0.8884193671874999 0.548463220703125 0.8930517578125 0.58806221875 0.9000069557291667 0.628513109375 0.3153224088541667
0 0.587307369140625 0.898848859375 0.63432446875 0.9043202526041667 0.681325072265625 0.3191586510416667 0.63094796484375 0.3155494244791667 0.587307369140625 0.898848859375
0 0.64087598828125 0.9060188072916667 0.701049287109375 0.909453671875 0.75709123046875 0.322959609375 0.688189486328125 0.31762322395833337 0.64087598828125 0.9060188072916667
0 0.708467390625 0.9079698645833334 0.771018775390625 0.9127141744791666 0.830477494140625 0.32327551822916667 0.7632742734375 0.31700977604166664 0.708467390625 0.9079698645833334
0 0.781285974609375 0.9191100390625001 0.846045142578125 0.9284110651041666 0.92612423046875 0.2723686640625 0.854186576171875 0.26348606510416667 0.781285974609375 0.9191100390625001
0 0.852708392578125 0.9257691614583333 0.916883015625 0.9306648098958333 0.99922665625 0.27809670572916667 0.9295410078125 0.2694240703125 0.852708392578125 0.9257691614583333