0 0.4199370546875 0 0.30525523828125 0.013141940104166666 0.30308838671875 0.045575609375 0.6051247734375 0.0134553515625 0.52293598828125 0 0.4199370546875 0
0 0.712633986328125 0.031055981770833335 0.626065662109375 0.016883643229166665 0.29936167578125 0.050430234375 0.2950134609375 0.10655162239583334 0.711631150390625 0.06983433072916666 0.712633986328125 0.031055981770833335
0 0.291995333984375 0.11261519791666667 0.28865316015625 0.1667153958333333 0.707311958984375 0.143447625 0.709208623046875 0.07833374739583333 0.291995333984375 0.11261519791666667
0 0.280179185546875 0.16969988541666667 0.277572185546875 0.18020255729166668 0.277601208984375 0.19769446093749998 0.279840625 0.20899055468750002 0.680942048828125 0.18940609895833335 0.679411216796875 0.17931895833333333 0.68109681640625 0.1610148125 0.68256868359375 0.14503162760416666 0.280179185546875 0.16969988541666667
0 0.676717208984375 0.2085735390625 0.281966375 0.21261740625 0.27573181640625 0.22689798958333332 0.275052259765625 0.24318094270833335 0.277192521484375 0.25555374999999997 0.293843009765625 0.25281490885416663 0.67761438671875 0.25225224739583335 0.6751766640625 0.24310958593749998 0.67524679296875 0.22454096614583333 0.676717208984375 0.2085735390625
0 0.276087328125 0.25865165625000003 0.272063158203125 0.2667364244791667 0.267656892578125 0.2878740026041667 0.26506440234375 0.307122625 0.263988232421875 0.3277124375 0.26734735546875 0.34465657552083334 0.674076341796875 0.37080425260416666 0.681564658203125 0.27168055989583334 0.276087328125 0.25865165625000003
0 0.260546904296875 0.3828893489583333 0.26591811328125 0.39579110156249997 0.67086234375 0.441319640625 0.676805171875 0.38568927604166664 0.27118773046875 0.3474711875 0.26192053515625 0.35906939322916664 0.260546904296875 0.3828893489583333
0 0.2595989140625 0.4198943515625 0.2582107734375 0.4349683541666667 0.2619665078125 0.4476056328125 0.66692525390625 0.501880125 0.669304923828125 0.47603897916666665 0.6719597890625 0.4472094583333333 0.2653231953125 0.4022513880208333 0.2595989140625 0.4198943515625
0 0.253789994140625 0.4473599791666667 0.245898861328125 0.4974366145833333 0.69084780078125 0.562629796875 0.6959046015625 0.5077173593750001 0.253789994140625 0.4473599791666667
0 0.238929130859375 0.5553147213541666 0.68540890234375 0.6305950442708333 0.689885296875 0.5908888463541667 0.690738142578125 0.572724140625 0.245006484375 0.5071270442708333 0.238602646484375 0.5410529583333333 0.238929130859375 0.5553147213541666
0 0.227224212890625 0.5577702630208333 0.22312991796875 0.5844236536458333 0.770888677734375 0.681749375 0.774545376953125 0.6509443255208334 0.227224212890625 0.5577702630208333
0 0.220820375 0.5916961822916667 0.2199570234375 0.618878515625 0.76954407421875 0.7230612343749999 0.771611771484375 0.6917042786458333 0.220820375 0.5916961822916667
0 0.21875267578125 0.6230531380208334 0.217081587890625 0.6501032343750001 0.766583998046875 0.7641086197916667 0.768722537109375 0.7319824114583334 0.21875267578125 0.6230531380208334
0 0.217492712890625 0.6545423307291667 0.214716431640625 0.6846903359375 0.764134201171875 0.8085183854166668 0.767277822265625 0.7743814010416666 0.217492712890625 0.6545423307291667
0 0.203125177734375 0.6948151171875 0.2007455078125 0.7206562630208334 0.723012220703125 0.8455040755208333 0.7266650625 0.8147409505208333 0.203125177734375 0.6948151171875
0 0.200448048828125 0.72388640625 0.197572615234375 0.755111125 0.720364115234375 0.8920672708333334 0.724001583984375 0.8525675416666667 0.200448048828125 0.72388640625
0 0.197176001953125 0.7594179843750001 0.193591984375 0.7894337526041667 0.71801347265625 0.9354003229166666 0.720034482421875 0.8956468020833334 0.197176001953125 0.7594179843750001
0 0.206019998046875 0.7969331119791666 0.203724966796875 0.8129515911458333 0.7330073828125 0.9684575338541667 0.734446958984375 0.94392146875 0.206019998046875 0.7969331119791666
0 0.732460740234375 1 0.733894841796875 0.9766276223958333 0.205042982421875 0.8164462083333334 0.201345296875 0.8387927369791667 0.721578845703125 1 0.732460740234375 1
0 0.225067376953125 0.8482980286458334 0.22219194140625 0.8795227473958334 0.596771123046875 0.9965864348958333 0.599725783203125 0.9645014010416667 0.225067376953125 0.8482980286458334
0 0.58618678125 1 0.222900525390625 0.8807316979166666 0.218934408203125 0.9238002760416667 0.423565205078125 0.9912415625 0.477064017578125 1 0.58618678125 1