0 0.041193150390625 0.6344614401041667 0.0745130078125 0.6472542994791667 0.16275423828125 0.14556101562499998 0.124975357421875 0.1282166015625 0.041193150390625 0.6344614401041667
0 0.075902953125 0.649144671875 0.111452333984375 0.6642132734375 0.199143107421875 0.16101507291666667 0.162465138671875 0.14668049218749998 0.075902953125 0.649144671875
0 0.12247730859375 0.6542484505208334 0.15217771875 0.6628751197916667 0.2314126875 0.2396926640625 0.1997718828125 0.22767066666666666 0.12247730859375 0.6542484505208334
0 0.1538290234375 0.667389890625 0.18095531640625 0.6823480703125 0.2577272265625 0.2505215598958333 0.231123587890625 0.240812140625 0.1538290234375 0.667389890625
0 0.293487376953125 0.19932004947916668 0.27053094921875 0.190032875 0.177802962890625 0.6909184296875001 0.197951681640625 0.7001687760416666 0.293487376953125 0.19932004947916668
0 0.318122861328125 0.20937808072916667 0.293487376953125 0.19932004947916668 0.197345728515625 0.7061516354166667 0.218334001953125 0.7157874244791667 0.318122861328125 0.20937808072916667
0 0.2222703125 0.7150901927083333 0.24412583984375 0.7213674921875 0.342837076171875 0.2261618984375 0.3169386640625 0.217599828125 0.2222703125 0.7150901927083333
0 0.3664709296875 0.24034026302083333 0.341285046875 0.22877733593750002 0.24438717578125 0.7239919635416667 0.26806684765625 0.7316618489583333 0.3664709296875 0.24034026302083333
0 0.26933951171875 0.7291866119791667 0.30153078125 0.7427134947916666 0.3963747734375 0.29480877083333334 0.359160123046875 0.27955884375 0.26933951171875 0.7291866119791667
0 0.431676560546875 0.3078425833333333 0.397228046875 0.29578375520833333 0.304021583984375 0.7476136770833333 0.338272509765625 0.7597621822916666 0.431676560546875 0.3078425833333333
0 0.341566919921875 0.7585898177083333 0.382731587890625 0.7737320963541667 0.481292181640625 0.31935142708333336 0.43769930859375 0.30276412760416666 0.341566919921875 0.7585898177083333
0 0.50633916015625 0.3496336979166667 0.483933244140625 0.34185146875 0.388374818359375 0.7700618723958333 0.409652203125 0.7785781484375001 0.50633916015625 0.3496336979166667
0 0.43302019140625 0.8080895468749999 0.4487654296875 0.805300625 0.554275724609375 0.36037168229166666 0.549238615234375 0.3580591276041667 0.536617875 0.3560215052083333 0.526543431640625 0.3513962942708333 0.508073767578125 0.3429168072916667 0.410408404296875 0.7901951848958334 0.41373870703125 0.7954807864583334 0.421266748046875 0.8026935000000001 0.43302019140625 0.8080895468749999
0 0.44821501953125 0.8037957682291667 0.480406234375 0.817322625 0.582942236328125 0.3948200520833333 0.549071919921875 0.38052227604166666 0.44821501953125 0.8037957682291667
0 0.626914681640625 0.4099991484375 0.590787056640625 0.3971694348958333 0.483475236328125 0.8199838567708334 0.515012732421875 0.8312644635416667 0.626914681640625 0.4099991484375
0 0.517923759765625 0.8320426458333333 0.556831193359375 0.8486529401041666 0.6717315703125 0.43637424739583336 0.6240514765625 0.4174500963541667 0.517923759765625 0.8320426458333333
0 0.774260376953125 0.45761075260416667 0.684981064453125 0.4178745546875 0.56288591796875 0.8652069505208333 0.64099008203125 0.89730828125 0.774260376953125 0.45761075260416667
0 0.858518849609375 0.4549713177083334 0.793875142578125 0.42529316666666667 0.6490129140625 0.9135136119791666 0.699701580078125 0.9317761484374999 0.858518849609375 0.4549713177083334
0 0.90240540234375 0.5229978645833333 0.84417491015625 0.4959698125 0.707107107421875 0.9176451354166667 0.73226529296875 0.9329519973958332 0.75273085546875 0.937339 0.90240540234375 0.5229978645833333
0 0.757478986328125 0.9407710416666667 0.770333228515625 0.9491768723958334 0.79022058984375 0.9558028255208333 0.805295533203125 0.9590258671875 0.96645723046875 0.5533622526041667 0.9076901328125 0.5263820729166667 0.757478986328125 0.9407710416666667