0 0.104878599609375 0.8094847343749999 0.130627779296875 0.8059327552083334 0.0835688984375 0.1867091796875 0.0540660625 0.18821022916666666 0.104878599609375 0.8094847343749999
0 0.114645548828125 0.18789315885416666 0.08800837890625 0.1867091796875 0.129739908203125 0.8094847343749999 0.1554891484375 0.8047487343749999 0.114645548828125 0.18789315885416666
0 0.1466100703125 0.19736504166666669 0.11819715625 0.19736504166666669 0.15637701953125 0.8047487343749999 0.1829723125 0.8040956458333333 0.1466100703125 0.19736504166666669
0 0.1839020625 0.8035647942708333 0.20698756640625 0.8011968333333334 0.1732066875 0.1934185625 0.148385875 0.19499705989583335 0.1839020625 0.8035647942708333
0 0.198108548828125 0.19736504166666669 0.175023044921875 0.19618103906249998 0.207875498046875 0.8023807734375 0.22887075 0.8001893958333333 0.198108548828125 0.19736504166666669
0 0.2300730703125 0.7976448515625 0.258486044921875 0.795276890625 0.2357066875 0.2637310625 0.207875498046875 0.2648521171875 0.2300730703125 0.7976448515625
0 0.2718046015625 0.26011617708333334 0.23717634375 0.26130015624999997 0.259373916015625 0.7964609114583333 0.2903941875 0.7962831458333333 0.2718046015625 0.26011617708333334
0 0.293114302734375 0.7940929505208333 0.33040629296875 0.7917249114583332 0.3138316875 0.24940814583333334 0.276244138671875 0.25182829427083336 0.293114302734375 0.7940929505208333
0 0.357043404296875 0.24709235416666667 0.316199806640625 0.24827633333333332 0.33218209765625 0.7976448515625 0.3704723125 0.7962831458333333 0.357043404296875 0.24709235416666667
0 0.3730256953125 0.8047487343749999 0.4085418828125 0.8011968333333334 0.399662865234375 0.19262909895833333 0.357777 0.19472064583333334 0.3730256953125 0.8047487343749999
0 0.443170138671875 0.19026111979166668 0.404990275390625 0.19144511979166667 0.410317685546875 0.8035647942708333 0.449573875 0.8014914791666666 0.443170138671875 0.19026111979166668
0 0.45116128515625 0.7881730104166667 0.48135000390625 0.7881730104166667 0.4818004375 0.2559185625 0.450273412109375 0.2553802369791667 0.45116128515625 0.7881730104166667
0 0.51775418359375 0.2589321953125 0.4857896015625 0.2589321953125 0.48401373828125 0.7834370885416666 0.515090447265625 0.7822530677083334 0.51775418359375 0.2589321953125
0 0.54705491015625 0.18552519791666666 0.51952992578125 0.18552519791666666 0.5159783203125 0.7846210286458333 0.543323875 0.7832623124999999 0.54705491015625 0.18552519791666666
0 0.55238237890625 0.7976448515625 0.57724374609375 0.795276890625 0.5833629375 0.17909564583333334 0.5541582421875 0.178421296875 0.55238237890625 0.7976448515625
0 0.623414755859375 0.2719560208333333 0.58523483203125 0.2719560208333333 0.579019490234375 0.7810691276041667 0.613636375 0.7780539791666666 0.623414755859375 0.2719560208333333
0 0.668697892578125 0.267220078125 0.63229383203125 0.26958805989583334 0.620751021484375 0.7834370885416666 0.654491345703125 0.779885109375 0.668697892578125 0.267220078125
0 0.68468018359375 0.3666747421875 0.66514628515625 0.3666747421875 0.656267208984375 0.7727812265625 0.67757696875 0.7692292447916667 0.68468018359375 0.3666747421875
0 0.75304882421875 0.26130015624999997 0.691783396484375 0.2624841380208333 0.6829043203125 0.7727812265625 0.7405895 0.7702414791666666 0.75304882421875 0.26130015624999997
0 0.745057619140625 0.7751491875 0.800107705078125 0.7727812265625 0.82262075 0.2559185625 0.757488302734375 0.2577482161458333 0.745057619140625 0.7751491875
0 0.8498303203125 0.17605331510416666 0.82674481640625 0.178421296875 0.801883568359375 0.7633093046875 0.8235973125 0.7624289791666666 0.8498303203125 0.17605331510416666
0 0.824081201171875 0.7621253619791667 0.847166705078125 0.76094134375 0.87730825 0.1738873125 0.85160618359375 0.1748693359375 0.824081201171875 0.7621253619791667
0 0.911983619140625 0.216308765625 0.879131166015625 0.217492765625 0.85160618359375 0.7585733828125 0.8826827734375 0.7538374609375 0.911983619140625 0.216308765625
0 0.8826827734375 0.7550214817708333 0.912871611328125 0.7538374609375 0.94762075 0.21425189583333334 0.914647353515625 0.216308765625 0.8826827734375 0.7550214817708333
0 0.98035226171875 0.21512478385416667 0.9510514140625 0.21394080468749999 0.912871611328125 0.7526534401041666 0.9446910625 0.7494081458333333 0.98035226171875 0.21512478385416667