0 0.22687810546875 0.15411556770833332 0.2394455234375 0.21398576302083336 0.5268461875 0.11646373177083334 0.518951189453125 0.06368258072916667 0.22687810546875 0.15411556770833332
0 0.241848974609375 0.21687467447916667 0.253811412109375 0.27157540104166666 0.536757375 0.17170963020833332 0.528097650390625 0.11875748958333333 0.241848974609375 0.21687467447916667
0 0.2768204609375 0.3643281484375 0.5434261015625 0.21850981770833333 0.533987849609375 0.1782274453125 0.261984349609375 0.3224047682291667 0.2768204609375 0.3643281484375
0 0.27338578515625 0.3695969192708333 0.287897388671875 0.4101050755208333 0.552792537109375 0.2618891067708333 0.542526865234375 0.21965008333333333 0.27338578515625 0.3695969192708333
0 0.2952288359375 0.44967155208333337 0.5800556796875 0.28714079947916665 0.572878806640625 0.255982375 0.28356344921875 0.4165141770833333 0.2952288359375 0.44967155208333337
0 0.2911011484375 0.4544490703125 0.303297302734375 0.48739013802083336 0.588273798828125 0.32033859375 0.579112453125 0.2906202005208333 0.2911011484375 0.4544490703125
0 0.297739630859375 0.4935243307291666 0.299967134765625 0.5057696796875 0.307694541015625 0.5242840598958333 0.61184805078125 0.34226899739583333 0.60714284375 0.3217489427083333 0.6028658515625 0.31439027604166664 0.599239439453125 0.31259102083333334 0.297739630859375 0.4935243307291666
0 0.61889901953125 0.3780812005208333 0.61586028515625 0.3622978828125 0.611834333984375 0.35233310677083335 0.60975535546875 0.35085937760416663 0.6067771484375 0.35052596354166665 0.605184927734375 0.35117501822916664 0.305321345703125 0.5291201276041667 0.30852231640625 0.5456110625 0.31393426171875 0.5565583046875 0.31776769921875 0.558090546875 0.61889901953125 0.3780812005208333
0 0.607836349609375 0.38895285156250003 0.315806990234375 0.5596635598958334 0.318771443359375 0.5700610520833334 0.321411435546875 0.5790433489583333 0.326454865234375 0.5909145130208333 0.615940138671875 0.4233898880208333 0.617414115234375 0.4196941302083333 0.615511115234375 0.4088638984375 0.611322912109375 0.39819156250000004 0.607836349609375 0.38895285156250003
0 0.6212943515625 0.44674033854166667 0.620246033203125 0.43750628124999996 0.61641315234375 0.43557673958333337 0.324612404296875 0.5955342864583334 0.32598465625 0.6065808177083333 0.330821859375 0.6200835 0.33542258203125 0.6274928776041667 0.62738553515625 0.4682428619791667 0.6266182890625 0.46236581250000003 0.623653818359375 0.45196833072916665 0.6212943515625 0.44674033854166667
0 0.337518052734375 0.6467556119791666 0.34089502734375 0.6538900338541667 0.6068984453125 0.5307552317708334 0.60121866796875 0.5048316432291667 0.33558482421875 0.6282004427083333 0.33577732421875 0.6366329843749999 0.337518052734375 0.6467556119791666
0 0.340482541015625 0.6571530859375 0.342547755859375 0.6686908411458333 0.34722271875 0.6814859583333334 0.3475472265625 0.6829011796875001 0.61384025 0.5626595442708333 0.612989650390625 0.5522578489583333 0.608520939453125 0.5378311510416667 0.340482541015625 0.6571530859375
0 0.3437880546875 0.6867547760416667 0.3511772265625 0.7139179973958334 0.639704392578125 0.5836027473958333 0.633911365234375 0.5599776328125 0.3437880546875 0.6867547760416667
0 0.35117719140625 0.7139180130208334 0.3575271171875 0.739399796875 0.35611894921875 0.7405315 0.645755482421875 0.6116315807291667 0.639914521484375 0.5861583489583333 0.35117719140625 0.7139180130208334
0 0.65090348046875 0.63661359375 0.646448515625 0.6121228776041666 0.35611894921875 0.7405315 0.363258333984375 0.7669253203125 0.65090348046875 0.63661359375
0 0.36172620703125 0.7877644401041667 0.37243462890625 0.8344653411458333 0.720122240234375 0.6810220208333333 0.7100688671875 0.6364809036458333 0.36172620703125 0.7877644401041667
0 0.3840725234375 0.8877508567708333 0.73029225390625 0.7373328151041667 0.722750650390625 0.6952683255208334 0.37475008984375 0.8420324765624999 0.3840725234375 0.8877508567708333
0 0.39293291796875 0.8833652942708333 0.395278634765625 0.8986574166666667 0.664211349609375 0.7795513541666667 0.662681771484375 0.766441015625 0.39293291796875 0.8833652942708333
0 0.39608987109375 0.902195328125 0.401312109375 0.9325630859374999 0.671960240234375 0.814498625 0.666401078125 0.7863176067708334 0.39608987109375 0.902195328125
0 0.693473203125 0.8374519166666667 0.689023359375 0.8153902135416667 0.40378983203125 0.9408378828125 0.404837576171875 0.9504691953125 0.408657294921875 0.962065546875 0.693473203125 0.8374519166666667
0 0.407551841796875 0.9648373802083333 0.413112267578125 0.9865562604166667 0.698027619140625 0.8602259192708334 0.692617955078125 0.836253046875 0.407551841796875 0.9648373802083333
0 0.454023751953125 1 0.70333276953125 0.8861458645833333 0.696542208984375 0.8609602083333333 0.415029013671875 0.9873224192708333 0.41793595703125 1 0.454023751953125 1
0 0.518525294921875 1 0.707924763671875 0.91287959375 0.70192155859375 0.8866987942708334 0.454156400390625 1 0.518525294921875 1