0 0.214566640625 1 0.047954337890625 0.5341540807291667 0 0.5594581223958334 0 0.5645824140625 0.16288209375 1 0.214566640625 1
0 0.274561310546875 1 0.105346984375 0.502101890625 0.057435431640625 0.5285029973958334 0.221594830078125 1 0.274561310546875 1
0 0.326269994140625 1 0.15654590625 0.4762054088541667 0.1351808125 0.48447381250000005 0.1177983515625 0.4929094088541666 0.107432849609375 0.5010896354166666 0.276492146484375 1 0.326269994140625 1
0 0.379365216796875 1 0.21482529296875 0.44526351822916665 0.163688 0.470639453125 0.329204931640625 1 0.379365216796875 1
0 0.419033322265625 1 0.42123377734375 0.9987382187499999 0.4334320546875 0.9886185885416667 0.406292912109375 0.9093912864583333 0.26224378515625 0.447655171875 0.22241570703125 0.4694385963541667 0.393407458984375 1 0.419033322265625 1
0 0.2902462421875 0.46697014322916663 0.2712841015625 0.47827228906249997 0.443989462890625 0.9897949739583334 0.4526501015625 0.9897919062499999 0.465229431640625 0.9868371848958333 0.476479333984375 0.9761277864583334 0.480587166015625 0.9709844062499999 0.48140761328125 0.9653363541666667 0.315908291015625 0.4513665807291667 0.2902462421875 0.46697014322916663
0 0.486591748046875 0.9670204114583334 0.494746205078125 0.9651630494791666 0.503089751953125 0.9611139791666666 0.51257085546875 0.9554629244791667 0.52495825 0.9431515 0.384442615234375 0.48320573958333335 0.36757323828125 0.42425242187499995 0.318942564453125 0.45094403906249997 0.486591748046875 0.9670204114583334
0 0.5608606796875 0.92467834375 0.569140216796875 0.9175103880208333 0.57350112890625 0.9132941250000001 0.57842940625 0.9025026901041667 0.418931896484375 0.3730205651041667 0.38390515625 0.3920778020833333 0.550873396484375 0.9284751041666667 0.5608606796875 0.92467834375
0 0.592588400390625 0.8966813567708334 0.600931947265625 0.8926322864583334 0.606113306640625 0.8827679739583334 0.4506441796875 0.35738036458333333 0.419374078125 0.3717560078125 0.57975603515625 0.8987089375 0.592588400390625 0.8966813567708334
0 0.61939642578125 0.9141208671875 0.674007896484375 0.8834183828125001 0.504634173828125 0.29468069270833336 0.44420725 0.32715540885416666 0.61939642578125 0.9141208671875
0 0.669577330078125 0.8614190625 0.699158064453125 0.8428638359375 0.546856 0.2910593671875 0.51013818359375 0.311959140625 0.669577330078125 0.8614190625
0 0.70200325390625 0.8446330286458333 0.72924498046875 0.8261629010416667 0.582241345703125 0.27157766666666666 0.5459765546875 0.29036712239583334 0.70200325390625 0.8446330286458333
0 0.7344291640625 0.8278469348958333 0.763756818359375 0.8083645911458334 0.617086025390625 0.2537581875 0.581436748046875 0.273158515625 0.7344291640625 0.8278469348958333
0 0.825385189453125 0.7774067265625 0.68440194921875 0.21479035416666667 0.622701421875 0.24847852864583334 0.772039181640625 0.8127449817708333 0.825385189453125 0.7774067265625
0 0.745143142578125 0.17481328906250002 0.68421003515625 0.20543371093749999 0.83227418359375 0.7709135911458334 0.884104470703125 0.741560796875 0.745143142578125 0.17481328906250002
0 0.904646294921875 0.7273920963541666 0.91785693359375 0.7209810572916666 0.9324582109375 0.7138951484375 0.943201935546875 0.7013314557291667 0.81555451953125 0.12699343229166668 0.7508918671875 0.15837380729166667 0.888779556640625 0.7298422317708333 0.904646294921875 0.7273920963541666
0 0.9621029375 0.6984587473958334 0.973355685546875 0.6992977578125 0.985617951171875 0.6922969505208334 0.988966408203125 0.6843721380208333 0.874287830078125 0.14888930989583335 0.841798001953125 0.16255645833333335 0.95527512890625 0.6965224166666667 0.9621029375 0.6984587473958334