0 0 0.6255179114583334 0.125295427734375 0.10693660416666667 0.0914372109375 0.0919999609375 0 0.45755932031249996 0 0.6255179114583334
0 0 0.7350058151041666 0.021136111328125 0.7429966145833333 0.17078875390625 0.13115478645833334 0.135623560546875 0.11455071875 0 0.6593015234375 0 0.7350058151041666
0 0.029566158203125 0.7396251588541666 0.072834763671875 0.7549939140625 0.081631244140625 0.7574450729166666 0.23645415234375 0.11934465104166668 0.2050299765625 0.10426557291666666 0.1870569375 0.09807367708333332 0.02950190625 0.7361950208333333 0.029566158203125 0.7396251588541666
0 0.124423984375 0.7748891432291667 0.134236451171875 0.7766198072916667 0.288647744140625 0.14402483854166667 0.239977447265625 0.11964624218749999 0.083727462890625 0.7594342239583334 0.109705291015625 0.7722931458333333 0.124423984375 0.7748891432291667
0 0.138493134765625 0.78402825 0.163088544921875 0.791785046875 0.317133404296875 0.1533674609375 0.293978578125 0.14392860677083333 0.138493134765625 0.78402825
0 0.16518476171875 0.7937742005208334 0.189304306640625 0.8036063125 0.3426353671875 0.1683016979166667 0.32385418359375 0.15837642447916667 0.16518476171875 0.7937742005208334
0 0.366516978515625 0.17917146875 0.348044154296875 0.17164119010416667 0.193130302734375 0.801762 0.20354713671875 0.8082776223958333 0.2118035 0.8093739609375 0.366516978515625 0.17917146875
0 0.214439833984375 0.8127179322916667 0.233588896484375 0.818254578125 0.385968224609375 0.18710059375 0.370310818359375 0.1784486953125 0.214439833984375 0.8127179322916667
0 0.431808912109375 0.20238318749999998 0.3912589296875 0.18358405729166669 0.234431197265625 0.8220018776041668 0.266871357421875 0.8363604635416667 0.276986005859375 0.840483609375 0.431808912109375 0.20238318749999998
0 0.4752060234375 0.22461221614583335 0.43879618359375 0.20636613281250002 0.2805740703125 0.839676953125 0.301581416015625 0.84824040625 0.320016677734375 0.8568900234375 0.4752060234375 0.22461221614583335
0 0.495481609375 0.24422385677083333 0.477966103515625 0.235949171875 0.323696208984375 0.8561206536458333 0.36229651953125 0.8695864218749999 0.520443455078125 0.2578032708333333 0.495481609375 0.24422385677083333
0 0.402755109375 0.8860789973958334 0.56228446484375 0.27939797135416666 0.545038865234375 0.26556007291666667 0.52403151953125 0.25699661979166666 0.36236076953125 0.8730165572916667 0.386480314453125 0.8828486692708334 0.402755109375 0.8860789973958334
0 0.605077205078125 0.2968420442708333 0.5644799453125 0.2780236432291667 0.40735915625 0.8845518515625 0.442911515625 0.9001790963541666 0.450389830078125 0.9009582682291667 0.605077205078125 0.2968420442708333
0 0.652602498046875 0.3196192421875 0.609682470703125 0.29985398697916665 0.45505812890625 0.9028612578124999 0.482289873046875 0.91396203125 0.4977866171875 0.9168751927083334 0.652602498046875 0.3196192421875
0 0.698031572265625 0.34040728645833335 0.6584738359375 0.3208779895833333 0.501201001953125 0.9205363307291666 0.528194814453125 0.9326747630208333 0.5450097265625 0.9372599114583333 0.698031572265625 0.34040728645833335
0 0.597917115234375 0.958827125 0.753273111328125 0.36292599739583337 0.7317256484375 0.3530077213541667 0.70547078125 0.34230516406249994 0.554410576171875 0.9444960260416666 0.580086220703125 0.9549624687499999 0.597917115234375 0.958827125
0 0.637186041015625 0.9805079895833333 0.6511266875 0.9827868229166666 0.8060710703125 0.3923911432291667 0.762346951171875 0.36889416145833337 0.604443697265625 0.9637569270833333 0.610970279296875 0.9686867239583333 0.637186041015625 0.9805079895833333
0 0.7093792265625 1 0.858408384765625 0.4352842890625 0.80631521484375 0.40724109114583334 0.655251017578125 0.9799294739583333 0.660459431640625 0.9831872864583334 0.687993361328125 0.9966805390625 0.705160216796875 1 0.7093792265625 1
0 0.732563494140625 1 0.87859250390625 0.45485864322916664 0.878464 0.44799837239583334 0.861223478515625 0.43870113281249995 0.711147134765625 1 0.732563494140625 1
0 0.78728105078125 1 0.929063341796875 0.44252782552083336 0.891059390625 0.42363191666666666 0.739460080078125 1 0.78728105078125 1
0 0.843899603515625 1 0.98748133203125 0.4697453333333333 0.94506051953125 0.44791428125000005 0.806254125 1 0.843899603515625 1