0 0.2692058984375 0.9630889713541667 0.289950732421875 0.950122171875 0.10439461328125 0.5647989557291667 0.076218044921875 0.5788825104166667 0.2692058984375 0.9630889713541667
0 0.29401091015625 0.9425201666666667 0.315046259765625 0.9340103567708334 0.1325672421875 0.5472744401041666 0.1085101953125 0.5606142942708333 0.29401091015625 0.9425201666666667
0 0.32067055859375 0.9291330390625 0.34297951171875 0.918890921875 0.164107482421875 0.5327942057291667 0.137749865234375 0.5471902604166666 0.32067055859375 0.9291330390625
0 0.344996814453125 0.9133744036458333 0.366271544921875 0.9024595078125 0.19254505859375 0.5162956380208333 0.168503083984375 0.5296285755208333 0.344996814453125 0.9133744036458333
0 0.368314419921875 0.9003740260416667 0.3944697421875 0.8883660260416667 0.226393123046875 0.500755875 0.196468771484375 0.5179370234375 0.368314419921875 0.9003740260416667
0 0.398341681640625 0.8900311796875 0.423462783203125 0.8773504036458334 0.2617541640625 0.4810787213541667 0.22953038671875 0.49931554687499996 0.398341681640625 0.8900311796875
0 0.26408755859375 0.4834502291666667 0.42656544921875 0.879368734375 0.45243025390625 0.8629037447916666 0.29560223046875 0.4655389557291667 0.26408755859375 0.4834502291666667
0 0.454789216796875 0.8687062864583334 0.481662673828125 0.8494830364583333 0.329689673828125 0.44759410677083333 0.298252341796875 0.4654698723958333 0.454789216796875 0.8687062864583334
0 0.486543267578125 0.8483899322916666 0.50935654296875 0.8367686848958332 0.36223856640625 0.4303556145833333 0.331493169921875 0.4479137083333333 0.486543267578125 0.8483899322916666
0 0.51269858984375 0.8363819322916667 0.5362555703125 0.8209764739583334 0.392479638671875 0.4141766484375 0.364546388671875 0.4292960833333333 0.51269858984375 0.8363819322916667
0 0.5411361640625 0.8198833671875 0.56522304296875 0.8065298151041667 0.428080060546875 0.39209441145833335 0.396932669921875 0.4109846536458333 0.5411361640625 0.8198833671875
0 0.568249 0.7982550364583334 0.593370099609375 0.7855742604166666 0.462141931640625 0.3707185286458334 0.430233853515625 0.38995800520833335 0.568249 0.7982550364583334
0 0.5956523515625 0.7810836953125001 0.60846506640625 0.7740537395833332 0.480843890625 0.35983721093750004 0.46430450390625 0.36857809114583334 0.5956523515625 0.7810836953125001
0 0.621303349609375 0.7704548255208333 0.54692041015625 0.5257394635416667 0.53878373046875 0.5042280182291666 0.538390931640625 0.48604688281249997 0.50007574609375 0.35100779947916666 0.482771662109375 0.36009975260416666 0.6102685625 0.7743733411458332 0.621303349609375 0.7704548255208333
0 0.679424353515625 0.8355786197916667 0.686587201171875 0.8299949479166666 0.596179529296875 0.5065672057291667 0.560446064453125 0.5275629296875001 0.65584180078125 0.8475530442708333 0.662525890625 0.8467795364583334 0.679424353515625 0.8355786197916667
0 0.69274139453125 0.8271695364583334 0.72452101171875 0.8102842161458333 0.63819908984375 0.4826855104166667 0.60067243359375 0.5033569036458333 0.69274139453125 0.8271695364583334
0 0.6014480234375 0.35037110677083333 0.58721893359375 0.35460854947916665 0.608745791015625 0.4319424765625 0.618079361328125 0.4414285052083333 0.62868653125 0.4491822265625 0.6014480234375 0.35037110677083333
0 0.70714597265625 0.7230110338541667 0.71918941015625 0.7163342552083334 0.620970396484375 0.34599868489583335 0.6065316953125 0.35607032031249997 0.70714597265625 0.7230110338541667
0 0.72565969140625 0.7213968723958333 0.73900230078125 0.7164188255208334 0.637313392578125 0.3293148255208333 0.622853892578125 0.33595323177083336 0.72565969140625 0.7213968723958333
0 0.65553659375 0.32324367187499997 0.642115896484375 0.3305527552083333 0.74075465625 0.7098763515625 0.746430095703125 0.7118611067708334 0.754627162109375 0.7069502109375 0.65553659375 0.32324367187499997
0 0.77628544140625 0.7475008645833333 0.790901650390625 0.7407905130208333 0.80294508984375 0.734113734375 0.8095780390625 0.7264781562499999 0.701472166015625 0.23788934635416667 0.651157599609375 0.2655793046875 0.772917826171875 0.7444565807291667 0.77628544140625 0.7475008645833333
0 0.820108501953125 0.7239387708333332 0.833160591796875 0.714503734375 0.840323435546875 0.7089200625 0.846691439453125 0.7002585312499999 0.758107939453125 0.207297296875 0.706327189453125 0.233365203125 0.813133892578125 0.7202552864583334 0.820108501953125 0.7239387708333332
0 0.84449514453125 0.6817577968749999 0.86627419921875 0.6694637708333334 0.78818633984375 0.20381652604166667 0.760447005859375 0.21884693489583332 0.84449514453125 0.6817577968749999
0 0.87065046875 0.669749796875 0.89627589453125 0.6556898880208334 0.825350880859375 0.18445897135416667 0.79454303515625 0.20089814583333332 0.87065046875 0.669749796875