0 0.53649048046875 0 0.351063353515625 0.027302093750000003 0.230843912109375 0.055566000000000004 0.23079603515625 0.055893130208333336 0.234152078125 0.07658404947916667 0.237013001953125 0.09821752604166667 0.657587201171875 0.03073317708333333 0.6591438359375 0.02375799739583333 0.65833275 0.008251807291666666 0.65724148828125 0 0.53649048046875 0
0 0.68405021484375 0.16991429427083335 0.682955931640625 0.15695314322916668 0.681154607421875 0.14333206510416666 0.679247326171875 0.12890974739583333 0.675536806640625 0.114911375 0.671119248046875 0.100253078125 0.252379138671875 0.20035228645833333 0.250716544921875 0.2065262265625 0.253789388671875 0.22976218229166667 0.258488232421875 0.25592046614583336 0.26248003515625 0.2814188307291667 0.2688780703125 0.29230690625 0.68510790234375 0.19197171875 0.684967259765625 0.1862217265625 0.68405021484375 0.16991429427083335
0 0.7184172265625 0.247014171875 0.711226142578125 0.20669677083333335 0.2613929609375 0.29663118489583334 0.274002220703125 0.39197873177083337 0.721380283203125 0.29753893489583333 0.7184172265625 0.247014171875
0 0.279510234375 0.4476882291666667 0.288979197265625 0.4958572864583333 0.729498791015625 0.39642072395833333 0.733213138671875 0.3823290494791667 0.729435169921875 0.344388140625 0.7216810234375 0.30918604947916667 0.275768861328125 0.4006510546875 0.279510234375 0.4476882291666667
0 0.689288208984375 0.4719664479166667 0.683095712890625 0.41576760156250003 0.681659078125 0.41427717708333334 0.2889426015625 0.5049535546875 0.295510216796875 0.568675453125 0.689288208984375 0.4719664479166667
0 0.29876221484375 0.574520109375 0.30617942578125 0.6306069010416667 0.695114103515625 0.5300796666666666 0.6887463671875 0.47724219531249995 0.29876221484375 0.574520109375
0 0.306955828125 0.6411643359375 0.315114759765625 0.7028598046875 0.7308860703125 0.5943709036458333 0.725370005859375 0.5339140286458334 0.306955828125 0.6411643359375
0 0.317052896484375 0.7503209270833334 0.322387501953125 0.7812866510416666 0.528997369140625 0.7220815703125 0.74823651171875 0.6646453958333333 0.747144142578125 0.6376392187500001 0.7407846171875 0.6036098489583334 0.313804728515625 0.71638621875 0.317052896484375 0.7503209270833334
0 0.34077689453125 0.8547309036458333 0.35243825390625 0.90073221875 0.73540448046875 0.7503867942708333 0.730071791015625 0.705376046875 0.34077689453125 0.8547309036458333
0 0.74741457421875 0.8318306328124999 0.749809228515625 0.7983868098958333 0.750672314453125 0.7955402187499999 0.3536693515625 0.9475334114583333 0.3653307109375 0.9935347291666666 0.74741457421875 0.8318306328124999
0 0.53280824609375 1 0.677615013671875 0.9659555468750001 0.769145978515625 0.9258596875 0.77062474609375 0.8901767135416666 0.493707001953125 1 0.53280824609375 1