0 0.48730135546875 1 0.800691240234375 0.8519481692708334 0.794461638671875 0.8203140572916667 0.476613109375 0.9676146171875 0.481220837890625 1 0.48730135546875 1
0 0.7966184375 0.8176619401041667 0.7931820078125 0.7887329348958333 0.47266758203125 0.9343998333333333 0.47716234375 0.9653019869791667 0.7966184375 0.8176619401041667
0 0.794521265625 0.7445172057291667 0.79164094921875 0.7341422447916667 0.448660734375 0.8779635182291666 0.456704037109375 0.9387384739583333 0.7992304453125 0.7841606588541666 0.798165232421875 0.7613208359375 0.794521265625 0.7445172057291667
0 0.789899228515625 0.7125436067708333 0.78959766796875 0.6961324505208334 0.786335525390625 0.68254315625 0.781171134765625 0.6737488645833333 0.440347720703125 0.8149180208333333 0.448828142578125 0.8724365494791666 0.78782957421875 0.722865578125 0.789899228515625 0.7125436067708333
0 0.78624150390625 0.654006625 0.7842051015625 0.6368635078125 0.780306583984375 0.6179169895833333 0.7751020625 0.615721109375 0.397813736328125 0.7689841875 0.4047078359375 0.8200847864583333 0.785652138671875 0.6629176640625 0.78624150390625 0.654006625
0 0.77751341015625 0.6152118828125 0.77589896484375 0.5946846901041667 0.770178462890625 0.5673363541666666 0.435865576171875 0.6939507526041666 0.426769412109375 0.6936750260416668 0.390686330078125 0.7089832838541666 0.390391646484375 0.7134388046875001 0.3969021875 0.761310453125 0.77751341015625 0.6152118828125
0 0.42922089453125 0.686567390625 0.434003458984375 0.6921473463541666 0.777961740234375 0.5634960416666667 0.771685126953125 0.5175936614583333 0.421758673828125 0.6376204192708333 0.42922089453125 0.686567390625
0 0.76195258984375 0.5119607135416667 0.75753809375 0.4678617395833333 0.4126017421875 0.5813430755208333 0.420167015625 0.6311575755208333 0.76195258984375 0.5119607135416667
0 0.7662524296875 0.46492313020833337 0.75798642578125 0.4161458984375 0.408180365234375 0.5163774244791667 0.4173513125 0.5658364973958333 0.7662524296875 0.46492313020833337
0 0.773974939453125 0.40508120052083335 0.764858140625 0.3422054453125 0.36669095703125 0.4306833854166667 0.37971833203125 0.5056709140625 0.773974939453125 0.40508120052083335
0 0.356254396484375 0.3428249192708333 0.35727259765625 0.35139647916666666 0.360581751953125 0.37925403906250005 0.36818084375 0.422416984375 0.764094490234375 0.3357767786458334 0.757516314453125 0.27346324479166667 0.356254396484375 0.3428249192708333
0 0.343547521484375 0.29828047916666667 0.349824134765625 0.344182859375 0.74359745703125 0.27420597135416663 0.741433779296875 0.2559914114583333 0.73833904296875 0.23687515104166668 0.343547521484375 0.29828047916666667
0 0.338322361328125 0.23348456770833334 0.3463864140625 0.287497953125 0.744936712890625 0.22999024739583332 0.740529095703125 0.20675794791666668 0.738110869140625 0.1864005 0.338322361328125 0.23348456770833334
0 0.73573965234375 0.1803113125 0.73370325 0.16316820052083333 0.731157748046875 0.14173930468749998 0.32933283984375 0.17168026041666665 0.333191224609375 0.19722519010416664 0.335914802734375 0.22708942708333335 0.72715258984375 0.1843213671875 0.73573965234375 0.1803113125
0 0.735203037109375 0.09255883072916667 0.32300921484375 0.11150961458333335 0.3269547421875 0.14472440104166667 0.33123691796875 0.15996441145833332 0.738050099609375 0.13039888020833332 0.737621263671875 0.11291628124999999 0.735203037109375 0.09255883072916667
0 0.740487822265625 0.081557890625 0.7376407578125 0.04371784114583333 0.319518896484375 0.047445666666666664 0.325588001953125 0.09853743229166667 0.740487822265625 0.081557890625
0 0.470486857421875 0 0.346001337890625 0.026288760416666668 0.736455150390625 0.040673247395833334 0.73325623828125 0 0.470486857421875 0