0 0.701733677734375 1 0.702732216796875 0.9891567369791666 0.262699822265625 0.9061883515625001 0.25725848828125 0.91185521875 0.25252651171875 0.9632403489583333 0.47706401171875 1 0.701733677734375 1
0 0.703948640625 0.9314296848958333 0.271611509765625 0.8628364791666666 0.269118171875 0.8810083880208334 0.271263583984375 0.8933252864583333 0.70046377734375 0.9603687395833332 0.70528116796875 0.9436702552083333 0.703948640625 0.9314296848958333
0 0.71050968359375 0.9314108645833333 0.719943724609375 0.8378689427083333 0.270431314453125 0.7599062421874999 0.262930603515625 0.8591645286458333 0.71050968359375 0.9314108645833333
0 0.72316015625 0.8296519375 0.728952130859375 0.7311419739583332 0.283067275390625 0.6494013619791666 0.269419056640625 0.7530913932291666 0.72316015625 0.8296519375
0 0.71894732421875 0.7240393255208333 0.722615982421875 0.684200890625 0.321964353515625 0.6098655364583333 0.31720123046875 0.6526853489583333 0.71894732421875 0.7240393255208333
0 0.72291344140625 0.6809707473958334 0.725972669921875 0.6388466484375 0.325930470703125 0.5667969583333333 0.321652380859375 0.6043497265625 0.72291344140625 0.6809707473958334
0 0.73121569921875 0.6353332083333333 0.733169732421875 0.5963070130208333 0.31293412890625 0.52095140625 0.30947659765625 0.5584971901041667 0.73121569921875 0.6353332083333333
0 0.726466 0.5711646953125 0.3027866328125 0.4886876145833334 0.2967358671875 0.4920688177083334 0.29425638671875 0.5100902864583333 0.724780400390625 0.5894688411458333 0.728095984375 0.5801751171875 0.726466 0.5711646953125
0 0.732601404296875 0.5579608255208334 0.740037875 0.4772072421875 0.3263633125 0.40183281249999997 0.3164190234375 0.483108484375 0.732601404296875 0.5579608255208334
0 0.73962675 0.4727681458333333 0.740702919921875 0.45217833333333335 0.34418912109375 0.3774274505208333 0.343030333984375 0.3989144244791667 0.73962675 0.4727681458333333
0 0.755326810546875 0.4447359296875 0.75898095703125 0.39615153906249995 0.331773185546875 0.3163756588541667 0.32732855078125 0.3646405182291667 0.755326810546875 0.4447359296875
0 0.758966443359375 0.38740559114583334 0.76433521484375 0.33800896093750005 0.288861583984375 0.24814545052083334 0.283709765625 0.29518613541666666 0.758966443359375 0.38740559114583334
0 0.294314994140625 0.18892615364583332 0.289773912109375 0.23823834895833332 0.762918048828125 0.3355910598958333 0.76667134765625 0.2859299557291667 0.76626022265625 0.2814908619791667 0.294314994140625 0.18892615364583332
0 0.330080279296875 0.14778466145833333 0.326992025390625 0.17241685677083332 0.326234498046875 0.18954650781250001 0.759387208984375 0.275993875 0.762107875 0.27316044270833334 0.76642950390625 0.2618455286458333 0.768214255859375 0.24246466666666666 0.77039562109375 0.21877695052083335 0.769360552734375 0.2033062369791667 0.3371781875 0.10632174479166667 0.334075421875 0.12220798958333333 0.330080279296875 0.14778466145833333
0 0.773880486328125 0.18983789583333333 0.78062288671875 0.1166213125 0.3445009921875 0.017898924479166665 0.334962119140625 0.09477213541666667 0.773880486328125 0.18983789583333333
0 0.355168326171875 0 0.353510384765625 0.018003799479166666 0.77930487109375 0.11312669531250001 0.783469294921875 0.06790468749999999 0.485523978515625 0 0.355168326171875 0