0 0.120855828125 0.9029997942708333 0.150256193359375 0.8931947916666667 0.088067126953125 0.36209881510416664 0.056359654296875 0.3663384036458333 0.120855828125 0.9029997942708333
0 0.118900083984375 0.35678627083333336 0.089682158203125 0.3605590130208333 0.14831981640625 0.8995974479166667 0.182758984375 0.8893824114583334 0.118900083984375 0.35678627083333336
0 0.14709371484375 0.3292550026041667 0.11875278515625 0.3328425234375 0.1813669765625 0.8902210963541667 0.212659705078125 0.8830680000000001 0.14709371484375 0.3292550026041667
0 0.212799046875 0.882384515625 0.241739150390625 0.8762729661458333 0.178646482421875 0.3220575677083333 0.147692890625 0.32673097395833334 0.212799046875 0.882384515625
0 0.221402087890625 0.3039726640625 0.1787517578125 0.308184578125 0.242338326171875 0.8737489531249999 0.290481859375 0.8639969453125 0.221402087890625 0.3039726640625
0 0.291448833984375 0.8633778333333333 0.338067255859375 0.8547317708333333 0.275453125 0.2973531822916667 0.22431085546875 0.3057558932291667 0.291448833984375 0.8633778333333333
0 0.342399109375 0.21009229166666665 0.26905473046875 0.2207861276041667 0.340750109375 0.8697488515625 0.412070728515625 0.8554579817708333 0.342399109375 0.21009229166666665
0 0.41787180859375 0.837878703125 0.45590296875 0.8250523567708333 0.3942839609375 0.23960661458333332 0.351828345703125 0.24406329687499997 0.41787180859375 0.837878703125
0 0.432605224609375 0.23539610677083334 0.396093708984375 0.23831160937499998 0.4575179921875 0.8235125182291667 0.493083064453125 0.813301890625 0.432605224609375 0.23539610677083334
0 0.496382619140625 0.8177025911458333 0.5311836640625 0.8079558567708333 0.47195334765625 0.2192495078125 0.43661689453125 0.22376023697916667 0.496382619140625 0.8177025911458333
0 0.506453333984375 0.21380720572916667 0.474005349609375 0.220659546875 0.534691662109375 0.8072150390625 0.568164369140625 0.7961279635416667 0.506453333984375 0.21380720572916667
0 0.567599857421875 0.7966693359375 0.616432474609375 0.78395934375 0.5596305703125 0.21655366666666667 0.511072509765625 0.2224216640625 0.567599857421875 0.7966693359375
0 0.611142845703125 0.20968007291666668 0.564845720703125 0.21346337239583335 0.6186032109375 0.7870971822916667 0.6693286328125 0.7751863281250001 0.611142845703125 0.20968007291666668
0 0.6710826328125 0.7748159192708334 0.70689958203125 0.7660533463541667 0.65481443359375 0.1938161796875 0.61630928515625 0.20019783854166665 0.6710826328125 0.7748159192708334
0 0.6943598359375 0.18371518229166664 0.657110294921875 0.18798529427083333 0.711284521484375 0.7651273385416667 0.748533236328125 0.7580378020833334 0.6943598359375 0.18371518229166664
0 0.79312077734375 0.7502426927083333 0.82459637890625 0.7352044895833334 0.7475339296875 0.177280890625 0.712686796875 0.18159473697916664 0.79312077734375 0.7502426927083333
0 0.78141450390625 0.1749209921875 0.74841087109375 0.17709570052083334 0.8292590234375 0.7366173125 0.86290305078125 0.7220204427083333 0.78141450390625 0.1749209921875
0 0.862766453125 0.7235475859374999 0.899781755859375 0.7097369869791667 0.822853962890625 0.17678611458333335 0.78575585546875 0.18119664322916665 0.862766453125 0.7235475859374999
0 0.860854173828125 0.17013238802083333 0.827529248046875 0.177169921875 0.902091283203125 0.7140442161458332 0.9396078984375 0.7018670286458333 0.860854173828125 0.17013238802083333