0 0.129802408203125 0.6236313333333333 0.142622248046875 0.6266453125 0.1440974140625 0.17194526041666666 0.13059186328125 0.1687700703125 0.129802408203125 0.6236313333333333
0 0.221532330078125 0.154892546875 0.17810900390625 0.14688722395833334 0.169109814453125 0.6262617578124999 0.20634414453125 0.6383210729166667 0.20917180859375 0.6356804401041667 0.221532330078125 0.154892546875
0 0.22665776953125 0.6408932421875 0.2409387734375 0.6453525520833333 0.26257225 0.650438640625 0.272469759765625 0.650561953125 0.29270000390625 0.1539953203125 0.234585244140625 0.14473961979166666 0.22038916796875 0.6383176692708333 0.22665776953125 0.6408932421875
0 0.301550375 0.6618061145833333 0.303246158203125 0.6489830989583333 0.330215603515625 0.14518640364583332 0.304591076171875 0.14026381510416666 0.2762879921875 0.6591722890625 0.29245410546875 0.6618711770833333 0.301550375 0.6618061145833333
0 0.303766126953125 0.670039703125 0.341565716796875 0.6778246796874999 0.381165671875 0.16597936458333332 0.33471666015625 0.15616088802083333 0.303766126953125 0.670039703125
0 0.345430599609375 0.6798351328125 0.38228763671875 0.6885003177083333 0.4247152578125 0.1740143723958333 0.385631236328125 0.16482561458333334 0.345430599609375 0.6798351328125
0 0.474610732421875 0.7157147630208334 0.4788995625 0.7145194635416666 0.529150255859375 0.19085465625 0.471950427734375 0.18071225 0.428562765625 0.7015833385416667 0.43454873828125 0.7062960833333333 0.474610732421875 0.7157147630208334
0 0.515897912109375 0.7221160625 0.519526818359375 0.7196638020833334 0.580380236328125 0.1720483229166667 0.538702095703125 0.1633514921875 0.485214818359375 0.7104951536458333 0.488655755859375 0.7157113593750001 0.515897912109375 0.7221160625
0 0.521082646484375 0.7266404322916666 0.5584582890625 0.7376311640625 0.62727609375 0.17976823958333332 0.586410919921875 0.1712625390625 0.521082646484375 0.7266404322916666
0 0.562181857421875 0.7407102005208334 0.60997362109375 0.7541497864583334 0.69203384765625 0.17736402604166668 0.634872771484375 0.16723072916666668 0.562181857421875 0.7407102005208334
0 0.615440982421875 0.7565369869791666 0.618363314453125 0.7594276510416668 0.6517327578125 0.7694765130208333 0.665636466796875 0.7705416927083334 0.7576875078125 0.18067947916666668 0.726957759765625 0.17565845312499997 0.7107916484375 0.17295956510416666 0.69771406640625 0.17319041666666668 0.615440982421875 0.7565369869791666
0 0.678456306640625 0.7735556718750001 0.6968848203125 0.7778882630208334 0.70781955078125 0.7826626666666666 0.71012860546875 0.7776964869791666 0.8100987421875 0.2029177760416667 0.76352689453125 0.19417222916666665 0.669406685546875 0.7670208489583333 0.678456306640625 0.7735556718750001
0 0.746373728515625 0.7972358958333333 0.752924962890625 0.7976742994791667 0.862744595703125 0.21088772135416667 0.815101595703125 0.20409395833333333 0.714512099609375 0.7820324843750001 0.72101668359375 0.7890707734375 0.746373728515625 0.7972358958333333
0 0.758440337890625 0.8121926796875 0.799303572265625 0.821799734375 0.91798485546875 0.2492164453125 0.8691774296875 0.2388435 0.758440337890625 0.8121926796875
0 0.805430859375 0.8254438932291667 0.84615277734375 0.83611953125 0.977181943359375 0.257624796875 0.924900640625 0.24863875 0.805430859375 0.8254438932291667