0 0.667357939453125 1 0.670233439453125 0.971586984375 0.297914646484375 0.9323090677083333 0.294714658203125 0.9499602473958334 0.457274142578125 1 0.667357939453125 1
0 0.30657042578125 0.8717927838541667 0.2965836640625 0.9294693411458333 0.665241822265625 0.9688353958333332 0.6703694609375 0.9181682708333333 0.30657042578125 0.8717927838541667
0 0.67356437890625 0.9155066744791666 0.67496427734375 0.8758421588541667 0.32733938671875 0.8150053125 0.318387314453125 0.8632179661458333 0.67356437890625 0.9155066744791666
0 0.3374587109375 0.7670897213541666 0.329868775390625 0.8109238828124999 0.676428669921875 0.8726479479166667 0.67924789453125 0.8339845911458333 0.3374587109375 0.7670897213541666
0 0.67909329296875 0.8309427265624999 0.685218763671875 0.7903028359375001 0.388226798828125 0.7203472369791667 0.3790568515625 0.7689595104166668 0.67909329296875 0.8309427265624999
0 0.682556810546875 0.7846232994791666 0.686951826171875 0.7434507369791666 0.392256283203125 0.6681342708333333 0.384584015625 0.7159853515625 0.682556810546875 0.7846232994791666
0 0.3555055 0.589177984375 0.345385298828125 0.6528884713541666 0.6910119296875 0.7410555468750001 0.69760408984375 0.687194171875 0.3555055 0.589177984375
0 0.366425513671875 0.5050584947916666 0.363826333984375 0.5674390651041666 0.708855517578125 0.627476890625 0.713517484375 0.5742364010416666 0.366425513671875 0.5050584947916666
0 0.720772458984375 0.5691795208333333 0.72243840234375 0.5332419713541666 0.38759308203125 0.46175878906249995 0.38486219921875 0.49858357812500004 0.720772458984375 0.5691795208333333
0 0.724302265625 0.5277407057291666 0.72536896875 0.49526359895833333 0.395494560546875 0.4179003984375 0.392252408203125 0.4559029036458333 0.724302265625 0.5277407057291666
0 0.391725572265625 0.3536797630208333 0.3899925078125 0.40053169791666665 0.734088439453125 0.48701261979166666 0.73439216015625 0.44605029166666665 0.391725572265625 0.3536797630208333
0 0.7358878203125 0.44504097395833336 0.73915158203125 0.3998751927083333 0.40355475390625 0.29610250781249997 0.399246591796875 0.3523498463541667 0.7358878203125 0.44504097395833336
0 0.742546169921875 0.39606009114583335 0.74860539453125 0.35053969010416663 0.41575918359375 0.23593153645833334 0.410697791015625 0.2914790104166667 0.742546169921875 0.39606009114583335
0 0.78002400390625 0.28488026041666664 0.417429431640625 0.12101940104166665 0.410809048828125 0.18474721093750002 0.776227322265625 0.338387265625 0.78002400390625 0.28488026041666664
0 0.78228740625 0.2770718828125 0.785019134765625 0.22445219010416664 0.42992355078125 0.03962543489583333 0.422621677734375 0.10682245572916667 0.78228740625 0.2770718828125
0 0.481010712890625 0 0.4741394453125 0.061930151041666666 0.766982765625 0.21282515104166666 0.76938133203125 0.16739304166666666 0.48470871484375 0 0.481010712890625 0
0 0.53286219140625 0 0.776436634765625 0.1634896640625 0.78748405078125 0.09891055729166666 0.72981976171875 0.05759204427083334 0.54272585546875 0 0.53286219140625 0