0 0.26016901953125 0.18015611458333333 0.27221937109375 0.24448742187500003 0.61265118359375 0.09473877604166665 0.59914753515625 0.022294226562500002 0.26016901953125 0.18015611458333333
0 0.628695392578125 0.16634578645833334 0.614181896484375 0.09305253645833333 0.27181990234375 0.2421803671875 0.2798851796875 0.31433927604166667 0.628695392578125 0.16634578645833334
0 0.280077046875 0.31618442708333333 0.2886665625 0.38158114583333336 0.64447173046875 0.24353703125 0.629228314453125 0.17468684895833334 0.280077046875 0.31618442708333333
0 0.65818815625 0.31035889583333337 0.643808111328125 0.24309965364583333 0.288466822265625 0.3804275833333333 0.300024033203125 0.45380039583333337 0.65818815625 0.31035889583333337
0 0.30637490625 0.45753593750000005 0.31396574609375 0.517164984375 0.657072359375 0.39734560156250004 0.643879611328125 0.33298859635416667 0.30637490625 0.45753593750000005
0 0.669444822265625 0.46484555468750005 0.656795232421875 0.39705363541666666 0.3113700390625 0.5179640052083333 0.316365169921875 0.5783920755208333 0.669444822265625 0.46484555468750005
0 0.3156333828125 0.58469234375 0.317831328125 0.61317615625 0.7252206953125 0.4816968203125 0.719585953125 0.45160074218749996 0.3156333828125 0.58469234375
0 0.7314787578125 0.512575734375 0.727150875 0.4823176328125 0.3159011484375 0.61255534375 0.3218499453125 0.6435228723958334 0.7314787578125 0.512575734375
0 0.320428787109375 0.6439669244791667 0.3252224140625 0.6716515625 0.740087671875 0.5468511588541667 0.734873375 0.516390828125 0.320428787109375 0.6439669244791667
0 0.74752296484375 0.5841827473958333 0.740865419921875 0.5509967005208333 0.321495462890625 0.676443875 0.327636859375 0.7058855260416667 0.74752296484375 0.5841827473958333
0 0.325623587890625 0.7055485026041667 0.330550708984375 0.7392672135416666 0.754951787109375 0.6211192994791667 0.748787689453125 0.5862235364583334 0.325623587890625 0.7055485026041667
0 0.763900380859375 0.662977328125 0.7564438984375 0.6251771744791667 0.330084935546875 0.7418406901041666 0.33634302734375 0.7727195989583334 0.763900380859375 0.662977328125
0 0.741542212890625 0.7549106302083333 0.7260300390625 0.6758497057291667 0.333681060546875 0.7783990520833334 0.34367708203125 0.8506173072916666 0.741542212890625 0.7549106302083333
0 0.347728771484375 0.8542657031249999 0.360712388671875 0.9450400234375 0.7606053046875 0.8679370338541667 0.74167565234375 0.7609445598958334 0.347728771484375 0.8542657031249999
0 0.5427258515625 1 0.778229283203125 0.9275063307291668 0.7677057890625 0.8744332994791667 0.36018035546875 0.9524939375 0.365337474609375 1 0.5427258515625 1