0 0.17392130859375 0.6246178098958334 0.2219625078125 0.6417536119791667 0.2887772890625 0.17215619791666667 0.234709515625 0.15278179427083333 0.17392130859375 0.6246178098958334
0 0.3435273515625 0.188161859375 0.28841327734375 0.16955363802083334 0.22025549609375 0.6411009765625 0.271499322265625 0.66667890625 0.3435273515625 0.188161859375
0 0.2728026953125 0.6673497083333334 0.31986491796875 0.6890379192708332 0.401810609375 0.2071871875 0.34925716015625 0.19158421354166666 0.2728026953125 0.6673497083333334
0 0.45229325390625 0.22358752864583334 0.4012019765625 0.20774902864583333 0.31901138671875 0.6887115911458334 0.3727444140625 0.7108058854166667 0.45229325390625 0.22358752864583334
0 0.37827376171875 0.7052107786458334 0.4210684296875 0.7252673828125 0.50881251953125 0.26706071875 0.46020062109375 0.25124467447916665 0.37827376171875 0.7052107786458334
0 0.55908840234375 0.28535708072916666 0.5084866484375 0.26724234635416666 0.420334134765625 0.7286817656250001 0.4623945078125 0.7521527552083334 0.55908840234375 0.28535708072916666
0 0.466172484375 0.7560605651041666 0.485922447265625 0.7673066354166668 0.59718291796875 0.2284831640625 0.574709173828125 0.2204633046875 0.466172484375 0.7560605651041666
0 0.6204723671875 0.23615565885416667 0.59852591796875 0.2265332421875 0.484579447265625 0.7692565572916666 0.507777087890625 0.7773326666666667 0.6204723671875 0.23615565885416667
0 0.507379380859375 0.7792052447916666 0.5278635234375 0.787036890625 0.6471295234375 0.24273334635416666 0.624620677734375 0.23404658854166668 0.507379380859375 0.7792052447916666
0 0.675222431640625 0.25216132291666665 0.650225912109375 0.24383616666666666 0.529200251953125 0.79370646875 0.551490345703125 0.8008182161458333 0.675222431640625 0.25216132291666665
0 0.55029321484375 0.8030026197916666 0.57480021875 0.8136039661458333 0.703053072265625 0.26140532552083334 0.677174267578125 0.25167584375 0.55029321484375 0.8030026197916666
0 0.73484883203125 0.27126301302083333 0.706438287109375 0.2616325807291667 0.576262517578125 0.8153947786458334 0.5995519765625 0.823067234375 0.73484883203125 0.27126301302083333
0 0.7843143828125 0.34190635416666665 0.724932751953125 0.32166652864583334 0.601986951171875 0.82892496875 0.65420575 0.8522801171875 0.7843143828125 0.34190635416666665
0 0.65856326953125 0.8493239765624999 0.724402607421875 0.8781912708333333 0.8676976953125 0.37447203385416666 0.788337123046875 0.3446760494791667 0.65856326953125 0.8493239765624999
0 0.957218890625 0.39692715625 0.8754013984375 0.36934118749999995 0.729034177734375 0.8824254348958332 0.799015578125 0.9178030442708334 0.957218890625 0.39692715625