0 0.11905577734375 0.3532395989583333 0.115069759765625 0.35017028385416665 0.10878273828125 0.3524164192708333 0.10336196875 0.3543530729166667 0.174632703125 0.8770836093750001 0.190350255859375 0.8714682682291667 0.11905577734375 0.3532395989583333
0 0.19857365234375 0.8662836380208333 0.2255041171875 0.85778565625 0.15603973046875 0.3905771015625 0.129895142578125 0.39879431770833335 0.19857365234375 0.8662836380208333
0 0.22885825390625 0.8577106848958334 0.25264520703125 0.8503357734375 0.180823189453125 0.3839695182291667 0.15691669921875 0.39026378906250003 0.22885825390625 0.8577106848958334
0 0.25442758984375 0.8508223333333333 0.27878979296875 0.8421185572916667 0.20361363671875 0.3758272760416667 0.180498873046875 0.38183869010416666 0.25442758984375 0.8508223333333333
0 0.2807828046875 0.8436532161458333 0.303573251953125 0.8355109739583333 0.227189962890625 0.367404265625 0.203403009765625 0.37477917968749996 0.2807828046875 0.8436532161458333
0 0.249835341796875 0.31662667968749997 0.222119001953125 0.3254054296875 0.303573251953125 0.8355109739583333 0.330503716796875 0.8270129895833334 0.3342224765625 0.8245610598958333 0.249835341796875 0.31662667968749997
0 0.337001365234375 0.825814953125 0.365082328125 0.8146592421875 0.2783375625 0.30756716666666667 0.253306302734375 0.3165099739583333 0.337001365234375 0.825814953125
0 0.306434427734375 0.3132559739583333 0.287543794921875 0.32337498697916667 0.368225837890625 0.8135361744791667 0.41165973046875 0.7991420859375 0.32770975390625 0.3101484192708333 0.306434427734375 0.3132559739583333
0 0.33530126953125 0.3018195 0.327920380859375 0.311196515625 0.414649244140625 0.8014440755208333 0.457297259765625 0.7873307552083334 0.370147140625 0.294987 0.33530126953125 0.3018195
0 0.460019515625 0.7841114921875 0.504449912109375 0.770484734375 0.41658644921875 0.2997394192708333 0.3762309140625 0.3119103671875 0.460019515625 0.7841114921875
0 0.424023970703125 0.2948355546875 0.41731730859375 0.29835496093749997 0.51157944140625 0.772430984375 0.552809697265625 0.7554541406249999 0.458237958984375 0.28485876822916667 0.424023970703125 0.2948355546875
0 0.561510982421875 0.7568388567708334 0.602530609375 0.7388139166666666 0.49795308984375 0.272916609375 0.45961103125 0.2866149088541667 0.561510982421875 0.7568388567708334
0 0.6067272578125 0.7429313307291667 0.64209174609375 0.7302968151041668 0.5266341328125 0.23121615625 0.4967368203125 0.24077409375 0.6067272578125 0.7429313307291667
0 0.645810505859375 0.7278448828125 0.67996786328125 0.7133949427083334 0.56178799609375 0.217533546875 0.53232070703125 0.2291845390625 0.645810505859375 0.7278448828125
0 0.6869433984375 0.7187662499999999 0.696373927734375 0.715397046875 0.58495896875 0.2238588567708333 0.578082220703125 0.22631568229166665 0.6869433984375 0.7187662499999999
0 0.6987315625 0.7145547447916667 0.717957244140625 0.705439375 0.6005473515625 0.1924526953125 0.5842428046875 0.19827775 0.6987315625 0.7145547447916667
0 0.71973962890625 0.7059259375 0.729170158203125 0.702556734375 0.618233083984375 0.21758789583333335 0.611153701171875 0.2189937682291667 0.71973962890625 0.7059259375
0 0.730952541015625 0.7030432968749999 0.749602974609375 0.6952567916666667 0.634242724609375 0.18827792447916666 0.61694946484375 0.19333286458333332 0.730952541015625 0.7030432968749999
0 0.764016029296875 0.6957242369791666 0.775018314453125 0.6917934973958334 0.79409000390625 0.6861031875 0.8086570546875 0.6831455729166667 0.69207376953125 0.15750676302083333 0.67944309765625 0.15752588020833333 0.664300796875 0.16181235677083333 0.650791896484375 0.16888531770833334 0.764016029296875 0.6957242369791666
0 0.81672645703125 0.6813859999999999 0.844807419921875 0.6702302916666666 0.743527408203125 0.19978486197916667 0.71753681640625 0.20457701822916666 0.81672645703125 0.6813859999999999
0 0.762161939453125 0.17515384114583332 0.752184171875 0.17871855208333332 0.85350870703125 0.6716150078125 0.875877900390625 0.6613765729166666 0.773220857421875 0.17569625520833332 0.762161939453125 0.17515384114583332
0 0.911720275390625 0.6553114036458333 0.792706826171875 0.10919722135416667 0.78306566796875 0.11151833072916667 0.7693759609375 0.11753253645833334 0.88316142578125 0.659897765625 0.89993211328125 0.6595229088541666 0.911720275390625 0.6553114036458333
0 0.811794193359375 0.099007921875 0.8013943046875 0.104970140625 0.919497369140625 0.6559029557291667 0.946217205078125 0.6463568776041667 0.824368234375 0.09451565104166666 0.811794193359375 0.099007921875