0 0.248122384765625 0.815503 0.27612025390625 0.8207431145833333 0.308008337890625 0.30766186458333333 0.275707431640625 0.2999039375 0.248122384765625 0.815503
0 0.277914171875 0.8193057708333332 0.30609106640625 0.8235885130208334 0.343414376953125 0.31458424479166663 0.3248790546875 0.3112366119791667 0.32021337890625 0.31171927604166666 0.310162181640625 0.3083778828125 0.277914171875 0.8193057708333332
0 0.359931134765625 0.8292846302083333 0.412977025390625 0.2764616171875 0.352665451171875 0.2606269921875 0.308783796875 0.8255005651041666 0.359931134765625 0.8292846302083333
0 0.363160931640625 0.828324625 0.40264210546875 0.8292473802083333 0.465388654296875 0.29795261979166665 0.416036869140625 0.28952202604166666 0.363160931640625 0.828324625
0 0.44338203125 0.8356728307291666 0.51528275 0.3084381145833333 0.47012325 0.3007926354166667 0.403540884765625 0.8325966979166667 0.44338203125 0.8356728307291666
0 0.444282734375 0.8430902786458333 0.466179001953125 0.8483357057291667 0.543282505859375 0.31774628125 0.51797741796875 0.31441823177083333 0.444282734375 0.8430902786458333
0 0.46868712109375 0.8390008776041666 0.48717273046875 0.8420956536458334 0.56882258984375 0.32465768229166664 0.546333283203125 0.3177436171875 0.46868712109375 0.8390008776041666
0 0.5829445390625 0.3217797239583333 0.48879512109375 0.8578878567708333 0.506743580078125 0.8638545963541667 0.521098703125 0.8604918645833334 0.620096630859375 0.3310798671875 0.5829445390625 0.3217797239583333
0 0.53975966015625 0.8544932005208333 0.552888841796875 0.8539020677083333 0.654910345703125 0.3284172395833333 0.62296287890625 0.31983041927083333 0.52647673046875 0.8480437473958333 0.53975966015625 0.8544932005208333
0 0.556270451171875 0.8559145859375 0.564706708984375 0.8597359322916667 0.576909818359375 0.8597252812499999 0.587234505859375 0.8586101249999999 0.695115046875 0.34178278385416666 0.658501853515625 0.3336786276041667 0.556270451171875 0.8559145859375
0 0.733702966796875 0.35156026562500003 0.69780778515625 0.3436948020833333 0.5894728984375 0.8618680052083333 0.616034888671875 0.86663078125 0.733702966796875 0.35156026562500003
0 0.754702298828125 0.35752436979166663 0.735677787109375 0.353233640625 0.61765158203125 0.8702187630208332 0.6490601484375 0.8776096119791666 0.771035912109375 0.3639711302083333 0.7597278984375 0.3591950677083333 0.754702298828125 0.35752436979166663
0 0.790917861328125 0.4242110520833333 0.76477958984375 0.41781851822916666 0.65247273046875 0.8838283932291667 0.67508692578125 0.8893124166666667 0.789549453125 0.42808665625000003 0.790917861328125 0.4242110520833333
0 0.67796060546875 0.8943352239583334 0.69895984765625 0.9002992682291667 0.8223061328125 0.4357639739583334 0.7943941953125 0.4266466640625 0.67796060546875 0.8943352239583334