0 0.400419486328125 0.9233016302083333 0.399842392578125 0.9301193984374999 0.40547433984375 0.9706666041666666 0.407149869140625 0.9811769296875 0.80772259375 0.9209899869791666 0.797692564453125 0.8528543151041666 0.400419486328125 0.9233016302083333
0 0.3957924296875 0.8525256744791667 0.395384490234375 0.8604045338541666 0.402827400390625 0.9070927109375 0.40445051953125 0.9120553828125 0.79259799609375 0.8365535911458334 0.783752064453125 0.7758455833333334 0.3957924296875 0.8525256744791667
0 0.78082662890625 0.7522758958333333 0.77214985546875 0.6926289843750001 0.383563357421875 0.7705957682291666 0.39011858203125 0.8273723359375 0.78082662890625 0.7522758958333333
0 0.38055824609375 0.7204318098958334 0.38730001171875 0.7627218229166667 0.77062744140625 0.6830791276041667 0.76405017578125 0.6261643020833333 0.3802397890625 0.7027774973958333 0.38055824609375 0.7204318098958334
0 0.33585151953125 0.61221721875 0.335951052734375 0.6232793645833333 0.3391451796875 0.6589722942708334 0.3464189296875 0.704599375 0.763662095703125 0.6185110416666667 0.747542412109375 0.5121759505208333 0.33585151953125 0.61221721875
0 0.7446368359375 0.47307414062500003 0.72815898046875 0.3801489869791667 0.317174625 0.5054978307291667 0.328657443359375 0.5931844088541667 0.7446368359375 0.47307414062500003
0 0.72987040625 0.3752278098958333 0.72728328515625 0.3537803125 0.3452939140625 0.4731297994791666 0.3473735625 0.4913940104166667 0.72987040625 0.3752278098958333
0 0.7240494453125 0.3491516328125 0.721173775390625 0.3311130208333333 0.3549853828125 0.45042051302083336 0.35748668359375 0.46611077864583333 0.7240494453125 0.3491516328125
0 0.72129316796875 0.32664304427083335 0.718586654296875 0.30966552343750003 0.3511445390625 0.43154640364583335 0.3533066875 0.4451092161458334 0.72129316796875 0.32664304427083335
0 0.717860259765625 0.29989007291666664 0.70781037109375 0.24728652343750002 0.321651890625 0.3822350338541667 0.327922611328125 0.42678914322916667 0.717860259765625 0.29989007291666664
0 0.70804915234375 0.23834656770833332 0.701332638671875 0.20143384374999998 0.31580101953125 0.3350956588541667 0.320208703125 0.3679632526041667 0.70804915234375 0.23834656770833332
0 0.70316345703125 0.19204269010416666 0.69615839453125 0.15853884895833334 0.308407876953125 0.2939385546875 0.31281392578125 0.32679588541666665 0.70316345703125 0.19204269010416666
0 0.6950240625 0.15664226041666665 0.6893224921875 0.12609610416666667 0.30941276953125 0.2637098046875 0.31318398828125 0.2925849635416667 0.6950240625 0.15664226041666665
0 0.68847670703125 0.1207906328125 0.680844783203125 0.08857348697916667 0.305253466796875 0.22718138020833334 0.309318556640625 0.25789994010416667 0.68847670703125 0.1207906328125
0 0.631537568359375 0 0.24004932421875 0.1469566484375 0.2454226328125 0.21197593229166667 0.685899390625 0.0472156875 0.67816793359375 0.003936395833333333 0.67737612109375 0 0.631537568359375 0
0 0.4605859140625 0 0.26575702734375 0.0552162109375 0.225481962890625 0.071234609375 0.235750685546875 0.13564865885416666 0.575255705078125 0 0.4605859140625 0