0 0.440605837890625 0 0.42395665234375 0.007212864583333333 0.221188578125 0.11854262760416667 0.2330248671875 0.16360240885416666 0.532459384765625 0 0.440605837890625 0
0 0.552580880859375 0 0.23428194921875 0.16876094270833333 0.24228782421875 0.2086363984375 0.641583349609375 0.0037135442708333337 0.64081691015625 0 0.552580880859375 0
0 0.245847099609375 0.2162194401041667 0.255903751953125 0.2574877005208333 0.6556626640625 0.061489109374999996 0.644126201171875 0.0176596875 0.245847099609375 0.2162194401041667
0 0.267971736328125 0.30700961197916665 0.271259869140625 0.3169913697916667 0.635376634765625 0.14327765104166665 0.6203234609375 0.08501713802083333 0.258960193359375 0.263007328125 0.25919188671875 0.2674694583333333 0.267971736328125 0.30700961197916665
0 0.26866681640625 0.3203960026041667 0.27998055078125 0.3668227942708333 0.685098095703125 0.17876834114583331 0.675116685546875 0.134297484375 0.26866681640625 0.3203960026041667
0 0.296421224609375 0.41673159375 0.65945343359375 0.25261274739583334 0.654213134765625 0.22408606510416665 0.64765658984375 0.20069211979166668 0.2817601875 0.3706143151041667 0.28829701171875 0.39743868489583334 0.296421224609375 0.41673159375
0 0.674035580078125 0.31245172656250003 0.66177837109375 0.26215330989583335 0.2925513671875 0.4184081171875 0.303613685546875 0.4638032057291666 0.306670125 0.4693228333333333 0.674035580078125 0.31245172656250003
0 0.307424375 0.47241795312499996 0.315701390625 0.5098946927083333 0.721725986328125 0.3431191875 0.71397152734375 0.3042754375 0.307424375 0.47241795312499996
0 0.315933083984375 0.5143568229166667 0.324210099609375 0.5518335625 0.732536888671875 0.3874825651041667 0.725033845703125 0.34967052083333333 0.315933083984375 0.5143568229166667
0 0.3275376796875 0.5549544713541666 0.337786580078125 0.6075457109375 0.709426111328125 0.4682136145833333 0.6959403984375 0.40936257812500004 0.3275376796875 0.5549544713541666
0 0.3516271171875 0.6678527942708333 0.724020896484375 0.5316158151041667 0.718258044921875 0.504456140625 0.710506625 0.47264758593749995 0.340352830078125 0.6145651536458333 0.346095958984375 0.6451552526041667 0.3516271171875 0.6678527942708333
0 0.344291619140625 0.6904213802083333 0.35158269140625 0.7203408645833332 0.76263561328125 0.5741994895833333 0.7543861015625 0.54034696875 0.344291619140625 0.6904213802083333
0 0.35334260546875 0.7275628098958333 0.360362541015625 0.759881015625 0.77242112890625 0.6178664661458334 0.76367127734375 0.5819607682291666 0.35334260546875 0.7275628098958333
0 0.37996325 0.7525300989583333 0.388028294921875 0.7821142838541667 0.7474568046875 0.66290046875 0.7407080078125 0.6281835442708333 0.37996325 0.7525300989583333
0 0.387505740234375 0.7834812968749999 0.39936175390625 0.8251106510416667 0.7587705390625 0.7093272604166666 0.749038984375 0.6658817109375 0.387505740234375 0.7834812968749999
0 0.40292102734375 0.8326936927083333 0.40947757421875 0.8560876380208334 0.73229771484375 0.7481710208333333 0.72657178125 0.7246742031250001 0.40292102734375 0.8326936927083333
0 0.408373294921875 0.8691129348958334 0.4154523984375 0.8911398671874999 0.739781037109375 0.7894134895833332 0.73637944921875 0.764920734375 0.408373294921875 0.8691129348958334
0 0.4112325078125 0.9089368072916666 0.427111181640625 0.9670734661458332 0.84675170703125 0.8491492630208333 0.83304529296875 0.7823698489583334 0.4112325078125 0.9089368072916666
0 0.5593941640625 1 0.853033458984375 0.8727877473958333 0.85010676953125 0.8594056744791666 0.42939365234375 0.9729284010416667 0.4363607734375 1 0.5593941640625 1