0 0.503272552734375 1 0.84576918359375 0.9920289322916668 0.844723548828125 0.9713824921875 0.843953548828125 0.9591945494791667 0.317750890625 0.9592352213541666 0.317298318359375 1 0.503272552734375 1
0 0.827050587890625 0.9270389713541666 0.82386408984375 0.8701524348958333 0.346577966796875 0.8763781692708333 0.345480103515625 0.9324055130208334 0.827050587890625 0.9270389713541666
0 0.34588251171875 0.8698845624999999 0.345933669921875 0.87379228125 0.825641619140625 0.8660424453125 0.82304408203125 0.8075147552083334 0.34644276171875 0.8194206197916666 0.34588251171875 0.8698845624999999
0 0.821727720703125 0.8002218723958333 0.821663822265625 0.7953410130208334 0.82203979296875 0.7774303307291667 0.818282396484375 0.7701942604166666 0.350267294921875 0.7851551927083333 0.347900806640625 0.7909063385416667 0.347450291015625 0.8031226875 0.347597099609375 0.8143369661458334 0.821727720703125 0.8002218723958333
0 0.820081224609375 0.7677112213541667 0.8199534296875 0.7579495052083334 0.819772388671875 0.74412040625 0.8172142109375 0.7352289791666666 0.350472875 0.7542288880208333 0.348695345703125 0.7583388776041667 0.347613271484375 0.7689424765625 0.348412837890625 0.7833887916666668 0.820081224609375 0.7677112213541667
0 0.81657200390625 0.7328027526041666 0.81282849609375 0.6799978020833333 0.37780995703125 0.6974456875 0.377910728515625 0.7517730859374999 0.81657200390625 0.7328027526041666
0 0.810103166015625 0.6117083932291667 0.806998625 0.6077120260416666 0.380576953125 0.6290284557291667 0.380829302734375 0.6949342447916668 0.810965771484375 0.6775999791666667 0.812722001953125 0.6718630364583333 0.810103166015625 0.6117083932291667
0 0.81121587890625 0.6034451536458333 0.807291328125 0.5368111041666667 0.381511865234375 0.5605537604166667 0.382963431640625 0.6248041901041667 0.81121587890625 0.6034451536458333
0 0.37828276953125 0.5004133203125 0.377121087890625 0.55156565625 0.812120150390625 0.5326301015625 0.81089222265625 0.485462671875 0.8095545625 0.47654283593749996 0.37828276953125 0.5004133203125
0 0.37838185546875 0.46135225 0.378848431640625 0.4969924088541667 0.808334044921875 0.47657124218749997 0.80799326171875 0.45054 0.807844169921875 0.43915132812499996 0.37838185546875 0.46135225
0 0.806208322265625 0.4074541588541667 0.805480919921875 0.3985201197916666 0.378480939453125 0.4222911796875 0.37834778125 0.45874953645833333 0.806570404296875 0.43511235416666666 0.807695076171875 0.4277626588541667 0.806208322265625 0.4074541588541667
0 0.33832425390625 0.38579445052083333 0.339949451171875 0.4166781484375 0.812708177734375 0.39102839843750004 0.813052201171875 0.3706772838541667 0.81099778515625 0.35363689062500003 0.33832425390625 0.38579445052083333
0 0.810036095703125 0.32680636979166666 0.80989765234375 0.3162311796875 0.3390016484375 0.34427874999999997 0.3387723671875 0.37339442968750003 0.810923240234375 0.34794255468749996 0.810195837890625 0.33900851822916667 0.810036095703125 0.32680636979166666
0 0.8098550546875 0.3129772734375 0.806902845703125 0.27398721875 0.34447591796875 0.29614161197916666 0.34371078515625 0.3309553411458333 0.8098550546875 0.3129772734375
0 0.805650380859375 0.27157519270833336 0.803844142578125 0.2268623984375 0.345078765625 0.248931578125 0.345640517578125 0.29184197916666665 0.805650380859375 0.27157519270833336
0 0.805054009765625 0.22602051822916666 0.80511049609375 0.18370554166666667 0.3433044765625 0.20665921093749998 0.345022697265625 0.2446486484375 0.805054009765625 0.22602051822916666
0 0.805013298828125 0.17628095833333335 0.802596802734375 0.13158236197916667 0.354848029296875 0.1558363203125 0.354789921875 0.19802754687500002 0.805013298828125 0.17628095833333335
0 0.800070572265625 0.12513136458333332 0.79951680078125 0.08283059375 0.3523356875 0.10381644010416667 0.3534979296875 0.14596634895833333 0.800070572265625 0.12513136458333332
0 0.797558232421875 0.073111484375 0.79584783984375 0.0357199765625 0.338164537109375 0.0471855546875 0.33868437890625 0.08689451041666667 0.797558232421875 0.073111484375
0 0.49672737890625 0 0.336374783203125 0.003731953125 0.33662234375 0.02264234114583333 0.796191861328125 0.015368864583333334 0.79626514453125 0 0.49672737890625 0