0 0.4040191171875 0.9922720989583333 0.450136083984375 0.9965718489583333 0.726514720703125 0.9400520390625 0.730763849609375 0.8929776562499999 0.405697744140625 0.9469301041666666 0.4040191171875 0.9922720989583333
0 0.407084861328125 0.8865344817708333 0.4068313125 0.9422887526041667 0.730825783203125 0.8917967109374999 0.732146951171875 0.843569671875 0.407084861328125 0.8865344817708333
0 0.734746552734375 0.8340108359374999 0.73809115234375 0.7702374817708333 0.4124579921875 0.7981000781250001 0.410299791015625 0.8761533463541666 0.734746552734375 0.8340108359374999
0 0.418394845703125 0.7048274010416667 0.414945068359375 0.7875792656249999 0.7392866328125 0.7644151041666666 0.74081887109375 0.6968834973958334 0.418394845703125 0.7048274010416667
0 0.744879703125 0.6747425911458333 0.747109439453125 0.6322269661458334 0.422253646484375 0.648222546875 0.4214858671875 0.6968083177083333 0.744879703125 0.6747425911458333
0 0.749667533203125 0.6004228359375 0.750292759765625 0.5375826588541667 0.4296384296875 0.5451756458333333 0.432598388671875 0.6207047317708333 0.749667533203125 0.6004228359375
0 0.756289001953125 0.5250873255208334 0.758871623046875 0.45886940885416666 0.436743552734375 0.4283644375 0.432529375 0.5032087135416666 0.756289001953125 0.5250873255208334
0 0.441510248046875 0.33196543489583336 0.438760482421875 0.4183428072916667 0.761652998046875 0.45675513281249996 0.765935697265625 0.3859621927083334 0.441510248046875 0.33196543489583336
0 0.767512490234375 0.3789750546875 0.771928751953125 0.31174138020833336 0.44551745703125 0.2385846640625 0.442005751953125 0.32251739322916667 0.767512490234375 0.3789750546875
0 0.7723623125 0.3034744453125 0.776406896484375 0.24332659114583333 0.45161453515625 0.16347731510416666 0.44658909375 0.23512425781250001 0.7723623125 0.3034744453125
0 0.78664646484375 0.23478720572916667 0.78691758984375 0.172550078125 0.462923029296875 0.07643406770833333 0.459702294921875 0.13784561197916667 0.463573974609375 0.148887390625 0.78664646484375 0.23478720572916667
0 0.78235285546875 0.129951703125 0.783758734375 0.08617254687499999 0.490928125 0.0007189140625 0.490284228515625 0.0469425546875 0.78235285546875 0.129951703125
0 0.49621284765625 0 0.786601984375 0.0828773203125 0.785663791015625 0.04712794010416666 0.681703640625 0.01572032552083333 0.51309529296875 0 0.49621284765625 0