0 0.565879779296875 0.9599415286458334 0.578104796875 0.9202785885416667 0.23028803515625 0.8451830833333333 0.222254912109375 0.891794734375 0.565879779296875 0.9599415286458334
0 0.24535453515625 0.7536484505208333 0.23628715625 0.8129924401041667 0.577597666015625 0.8881326015625 0.590604486328125 0.8363835989583334 0.24535453515625 0.7536484505208333
0 0.591947580078125 0.8344339401041667 0.602716125 0.7843614401041666 0.25459004296875 0.6942010677083333 0.24572463671875 0.7476320156249999 0.591947580078125 0.8344339401041667
0 0.265321806640625 0.6307347760416667 0.254421900390625 0.6943044557291667 0.60588572265625 0.7868048854166667 0.61889263671875 0.7291829973958334 0.265321806640625 0.6307347760416667
0 0.6166602734375 0.72811359375 0.62510076171875 0.6931615703124999 0.28095584765625 0.5904986796875 0.273857697265625 0.6339982786458334 0.6166602734375 0.72811359375
0 0.287449755859375 0.557910484375 0.281450619140625 0.5901012057291667 0.624736681640625 0.6905592187499999 0.634150173828125 0.6596739791666667 0.287449755859375 0.557910484375
0 0.293204111328125 0.526857875 0.28830333984375 0.5582368333333333 0.631834134765625 0.6575568749999999 0.639659787109375 0.6297593385416667 0.293204111328125 0.526857875
0 0.306187328125 0.4493056822916666 0.293210119140625 0.5182390833333334 0.641492373046875 0.6255335911458334 0.65657065625 0.5634323046874999 0.306187328125 0.4493056822916666
0 0.65739443359375 0.5601816770833333 0.673415841796875 0.49857009114583334 0.318136166015625 0.3703754427083333 0.304360783203125 0.4449125677083334 0.65739443359375 0.5601816770833333
0 0.326769431640625 0.31923769010416664 0.318316931640625 0.3714272135416667 0.67426945703125 0.4988964505208333 0.68723651953125 0.44918294010416665 0.326769431640625 0.31923769010416664
0 0.68393965625 0.4496355598958333 0.698367275390625 0.39973048958333335 0.335245849609375 0.267197859375 0.3270141953125 0.31809957031249997 0.68393965625 0.4496355598958333
0 0.34514890625 0.199411734375 0.33449375 0.2618432864583333 0.69787778125 0.402006578125 0.712066734375 0.34462070572916664 0.34514890625 0.199411734375
0 0.356908408203125 0.12754961458333333 0.343686484375 0.1976209088541667 0.7101147734375 0.3451059557291667 0.727330357421875 0.2816467682291667 0.356908408203125 0.12754961458333333
0 0.730410208984375 0.27650735416666666 0.745697392578125 0.218309828125 0.369157404296875 0.05341140104166667 0.357278541015625 0.12153311197916666 0.730410208984375 0.27650735416666666
0 0.7536304375 0.21149022135416665 0.76451239453125 0.17377678124999998 0.378361615234375 0.0005798671875 0.36879327734375 0.05080911197916666 0.7536304375 0.21149022135416665
0 0.4113358671875 0 0.7676939921875 0.15898271875 0.776411138671875 0.11483743489583333 0.526952505859375 0 0.4113358671875 0