0 0.753411529296875 0.9326620494791666 0.55020787109375 0.9960530937500001 0.760615046875 0.9715087682291667 0.753411529296875 0.9326620494791666
0 0.516372861328125 1 0.53581241015625 0.9977323463541666 0.75587130859375 0.9300663020833334 0.751161427734375 0.8854566927083334 0.3577668984375 0.9984204661458334 0.35794184765625 1 0.516372861328125 1
0 0.353054095703125 0.9449688723958333 0.358228291015625 0.9966546666666667 0.751084044921875 0.8842773697916666 0.745167470703125 0.8369015078125001 0.353054095703125 0.9449688723958333
0 0.745987232421875 0.8337709010416666 0.741465513671875 0.7784437838541667 0.34664172265625 0.8744131796875 0.353706541015625 0.9413275494791667 0.745987232421875 0.8337709010416666
0 0.33991979296875 0.7991400286458333 0.34656433984375 0.8732338541666667 0.744694396484375 0.7733135624999999 0.735050927734375 0.7126041380208333 0.33991979296875 0.7991400286458333
0 0.73247668359375 0.7093770651041668 0.733317265625 0.6950183177083334 0.735274638671875 0.6840944270833332 0.73268751171875 0.6582515338541667 0.728906267578125 0.6277943723958334 0.72212829296875 0.6060054817708334 0.335430681640625 0.6729546927083333 0.34603468359375 0.7972383671875 0.73247668359375 0.7093770651041668
0 0.712974025390625 0.5072482447916666 0.709855865234375 0.5004816354166667 0.32624519140625 0.5499839817708333 0.335985158203125 0.6712524479166667 0.719739994140625 0.596776953125 0.7225819453125 0.5857498723958333 0.722537892578125 0.5714943177083334 0.7208020703125 0.5586244635416667 0.71763991015625 0.5376022135416666 0.715019451171875 0.5248355494791667 0.712974025390625 0.5072482447916666
0 0.717430412109375 0.49365597916666665 0.71363850390625 0.4358670234375 0.31587408984375 0.4870204270833333 0.320052935546875 0.5507063177083333 0.717430412109375 0.49365597916666665
0 0.3098486328125 0.4223615911458333 0.31483469140625 0.4847648098958333 0.71717698828125 0.43545425520833336 0.71317687890625 0.3792421119791667 0.3098486328125 0.4223615911458333
0 0.71368394921875 0.3550508046875 0.7120254609375 0.3433604401041667 0.7096371640625 0.3341319088541667 0.70659637890625 0.328544546875 0.2951210625 0.3574278880208333 0.299808392578125 0.4187792369791667 0.710653837890625 0.3767953932291667 0.71368394921875 0.3550508046875
0 0.701709068359375 0.321984390625 0.704318853515625 0.3074191015625 0.703887875 0.2872667682291667 0.6954954609375 0.268042984375 0.284219072265625 0.2898743307291667 0.2894372890625 0.3558156796875 0.701709068359375 0.321984390625
0 0.287472044921875 0.1492643125 0.298295431640625 0.28704394791666665 0.7006483203125 0.26506503385416663 0.690521427734375 0.1378997890625 0.287472044921875 0.1492643125
0 0.68753676171875 0.07882815885416666 0.684872251953125 0.05180594010416667 0.684209173828125 0.02811546875 0.35902794140625 0.014534690104166666 0.26490625390625 0.025514130208333333 0.27083826953125 0.13675375260416667 0.693595533203125 0.13041076302083335 0.6893166484375 0.10595372916666666 0.68753676171875 0.07882815885416666