0 0.654783126953125 0.026454421875 0.646736728515625 0.024755190104166668 0.298492634765625 0.043913234375 0.3023064921875 0.09506109635416667 0.653203927734375 0.08525929166666667 0.654783126953125 0.026454421875
0 0.64889014453125 0.14427977083333335 0.6502949453125 0.08704222395833333 0.30290571875 0.09758489322916668 0.305758443359375 0.14965583333333335 0.64889014453125 0.14427977083333335
0 0.295917146484375 0.14884875781249998 0.296691068359375 0.18017655208333336 0.66503434765625 0.18244936979166668 0.668910484375 0.147247171875 0.295917146484375 0.14884875781249998
0 0.660311791015625 0.22220542708333335 0.662264296875 0.1830629765625 0.294520205078125 0.18331402864583335 0.296343732421875 0.21226502604166667 0.660311791015625 0.22220542708333335
0 0.2986634375 0.216552015625 0.29975090234375 0.2755144635416667 0.628747380859375 0.3022364895833333 0.631734076171875 0.22815675 0.2986634375 0.216552015625
0 0.6225430234375 0.3736472317708333 0.626213896484375 0.30490189322916667 0.29730230078125 0.2809905390625 0.300357716796875 0.34494409374999996 0.6225430234375 0.3736472317708333
0 0.303834669921875 0.3470960078125 0.30437441796875 0.3879634375 0.6139768125 0.4349035911458334 0.61584803125 0.37702789322916663 0.303834669921875 0.3470960078125
0 0.611978787109375 0.48528612239583335 0.614304328125 0.4354347734375 0.309081140625 0.3937519036458333 0.309204259765625 0.43812718749999996 0.611978787109375 0.48528612239583335
0 0.640211314453125 0.5427892864583334 0.642580515625 0.5001389140625 0.298123974609375 0.440581765625 0.2989415234375 0.479110609375 0.640211314453125 0.5427892864583334
0 0.29981860546875 0.4792958333333333 0.300175830078125 0.5141315442708333 0.636871212890625 0.5834346354166667 0.638457208984375 0.5424188567708333 0.29981860546875 0.4792958333333333
0 0.615554701171875 0.6898083515625001 0.6209439140625 0.5914601171875 0.29057186328125 0.5192950625 0.287776890625 0.6006768203125 0.615554701171875 0.6898083515625001
0 0.284079349609375 0.6042253750000001 0.28007912890625 0.6908805911458332 0.60699455859375 0.793328796875 0.6141220546875 0.6943003098958332 0.284079349609375 0.6042253750000001
0 0.61032433203125 0.8625050234375 0.613987240234375 0.8165320963541666 0.260133107421875 0.6998533333333333 0.2550890625 0.7347469973958334 0.61032433203125 0.8625050234375
0 0.253057150390625 0.7367152317708333 0.248612400390625 0.7741326276041667 0.59493028515625 0.9239801692708333 0.5974383828125 0.8801605416666667 0.253057150390625 0.7367152317708333
0 0.58263568359375 0.9669316744791666 0.585743029296875 0.9256359296875 0.249072783203125 0.7778257682291666 0.246020228515625 0.810698796875 0.58263568359375 0.9669316744791666
0 0.580312884765625 1 0.581203037109375 0.9714236302083333 0.243195337890625 0.8197352734375 0.2424929453125 0.8483541276041667 0.553189744140625 1 0.580312884765625 1