0 0.4406058359375 0 0.212820322265625 0.09868266666666665 0.222160361328125 0.14168329166666668 0.52360063671875 0 0.4406058359375 0
0 0.5442399609375 0 0.2245135234375 0.148809046875 0.235150044921875 0.2039512838541667 0.62305912890625 0.0255052578125 0.617670625 0 0.5442399609375 0
0 0.640201974609375 0.08448806510416666 0.625089806640625 0.026305541666666668 0.23035728515625 0.20727246875000002 0.24405480078125 0.26731260677083335 0.640201974609375 0.08448806510416666
0 0.24823460546875 0.2729705651041667 0.257795029296875 0.3198653984375 0.648337849609375 0.14187935677083333 0.637034060546875 0.09830842447916667 0.24823460546875 0.2729705651041667
0 0.25667616796875 0.31910536979166665 0.26541339453125 0.36262240625000003 0.6597818359375 0.19305427083333335 0.64798778125 0.14708931510416667 0.25667616796875 0.31910536979166665
0 0.267355474609375 0.3667603072916667 0.274467853515625 0.39977808854166663 0.653324375 0.24240091927083332 0.64485890234375 0.20321590885416665 0.267355474609375 0.3667603072916667
0 0.680047158203125 0.28631040885416664 0.667974544921875 0.2367695 0.275290994140625 0.40315590625000003 0.285251671875 0.45114697395833336 0.680047158203125 0.28631040885416664
0 0.285948943359375 0.45455451822916665 0.293545935546875 0.5010551223958334 0.693510240234375 0.34410230208333337 0.68141903125 0.2919400026041667 0.285948943359375 0.45455451822916665
0 0.742063966796875 0.44118345052083335 0.720177947265625 0.3398781328125 0.29574096875 0.510062609375 0.31712105078125 0.6016287630208333 0.742063966796875 0.44118345052083335
0 0.31707828125 0.6091161354166666 0.335924705078125 0.7017799348958333 0.76671515625 0.5500044166666667 0.744492638671875 0.44797180208333337 0.31707828125 0.6091161354166666
0 0.755012650390625 0.6322516979166667 0.741062212890625 0.5673420390625 0.343482646484375 0.7059743151041666 0.356082673828125 0.7615108255208334 0.755012650390625 0.6322516979166667
0 0.81137825 0.6949684322916667 0.797997931640625 0.6285668645833333 0.352408759765625 0.7655919661458334 0.364011810546875 0.8291225364583333 0.81137825 0.6949684322916667
0 0.368301251953125 0.8346396145833334 0.3772273671875 0.8942572630208333 0.82558172265625 0.7647478125 0.813298896484375 0.7028499557291666 0.368301251953125 0.8346396145833334
0 0.38537684765625 0.8932162005208334 0.39683650390625 0.9517362526041667 0.79569156640625 0.8392566953124999 0.7847486484375 0.7849272760416667 0.38537684765625 0.8932162005208334
0 0.429430095703125 1 0.72635780859375 0.9276669661458333 0.800428427734375 0.8955776276041667 0.79223866796875 0.8501462526041667 0.394028591796875 0.9517079609375 0.402938056640625 1 0.429430095703125 1
0 0.555005080078125 1 0.56487236328125 0.9976267005208334 0.719509544921875 0.9306338125 0.435026892578125 1 0.555005080078125 1