0 0.263538890625 1 0.152565615234375 0.32933673177083334 0.1026918203125 0.3422463515625 0.21095280078125 1 0.263538890625 1
0 0.319165693359375 1 0.20390166015625 0.3146363671875 0.153419150390625 0.32901040364583334 0.26621934375 1 0.319165693359375 1
0 0.376827197265625 1 0.398687591796875 0.9927317526041667 0.28236109765625 0.294073015625 0.211219287109375 0.3143020260416667 0.3217498671875 1 0.376827197265625 1
0 0.405992560546875 0.975158453125 0.436110123046875 0.9648754270833333 0.335950134765625 0.3873672213541666 0.305557697265625 0.396476890625 0.405992560546875 0.975158453125
0 0.3615378984375 0.39478128385416666 0.35945428125 0.38079753645833336 0.350674404296875 0.3829226276041667 0.334213001953125 0.387984578125 0.437697876953125 0.9679634270833333 0.469290125 0.9554200651041667 0.372031119140625 0.4006230338541667 0.3615378984375 0.39478128385416666
0 0.4696480234375 0.96190653125 0.51342173828125 0.9464023828125 0.40796608984375 0.34007957812499995 0.36772559765625 0.3505378359375 0.4696480234375 0.96190653125
0 0.51793405078125 0.9459088567708333 0.559391974609375 0.9325217526041666 0.453278099609375 0.3235457578125 0.40808528125 0.3363389270833333 0.51793405078125 0.9459088567708333
0 0.498061341796875 0.29085334375 0.461969275390625 0.30342062760416666 0.5883846796875 0.9234325442708333 0.62279641015625 0.90951225 0.498061341796875 0.29085334375
0 0.65425691796875 0.9011791666666666 0.6915665234375 0.8856829557291667 0.5440591640625 0.27800123958333334 0.5058684453125 0.292795296875 0.65425691796875 0.9011791666666666
0 0.57093565625 0.20879683072916666 0.54057327734375 0.21794178385416665 0.6994991875 0.8925036354166668 0.735101853515625 0.8776601119791666 0.57093565625 0.20879683072916666
0 0.623985037109375 0.20206328645833335 0.578014734375 0.21594388020833333 0.735836130859375 0.8810744218750001 0.783751775390625 0.8590599244791667 0.623985037109375 0.20206328645833335
0 0.67629374609375 0.18329593749999998 0.629959607421875 0.199779046875 0.78899844140625 0.8619807604166666 0.833255291015625 0.8401333854166667 0.67629374609375 0.18329593749999998
0 0.723061484375 0.2590243776041667 0.699163318359375 0.268161296875 0.836060591796875 0.8402924973958333 0.85678950390625 0.8335990078125 0.723061484375 0.2590243776041667
0 0.8592308671875 0.8363607317708334 0.882275556640625 0.8275501197916667 0.751152462890625 0.24894243489583334 0.723915076171875 0.25869802604166664 0.8592308671875 0.8363607317708334
0 0.77671330859375 0.24220690885416665 0.7530599140625 0.2524819817708333 0.882639607421875 0.8249474635416667 0.909306642578125 0.814280921875 0.77671330859375 0.24220690885416665
0 0.91031586328125 0.8119026901041666 0.93701934765625 0.8029249583333334 0.804128615234375 0.23546099479166668 0.7781756171875 0.24041613541666665 0.91031586328125 0.8119026901041666
0 0.93921582421875 0.8045485703124999 0.965674650390625 0.7944326432291667 0.83914501953125 0.22326438802083334 0.806711625 0.23566455729166666 0.93921582421875 0.8045485703124999
0 0.966038603515625 0.7918301067708334 0.99079036328125 0.7823668385416668 0.86783119921875 0.21516943489583332 0.841341498046875 0.224888 0.966038603515625 0.7918301067708334