0 0.162668064453125 0.693374375 0.18003558984375 0.6991479895833334 0.180005111328125 0.17018793750000002 0.152178083984375 0.16205548177083332 0.162668064453125 0.693374375
0 0.18497098828125 0.7041435625 0.203324822265625 0.7091267760416667 0.20191235546875 0.17858901041666667 0.179808234375 0.17124077604166665 0.18497098828125 0.7041435625
0 0.2145737578125 0.7117480546875 0.224046953125 0.7148972968749999 0.236874755859375 0.7180434505208333 0.246741703125 0.7190870182291667 0.255981765625 0.18090767708333333 0.213157439453125 0.1722627109375 0.211610978515625 0.7051716796875 0.2145737578125 0.7117480546875
0 0.30117631640625 0.19481374739583335 0.297030349609375 0.19008061197916667 0.2824268046875 0.18746242187499998 0.258745744140625 0.18406310416666669 0.248913125 0.7209271666666667 0.283648173828125 0.7324743958333334 0.30117631640625 0.19481374739583335
0 0.2860183984375 0.7377354947916667 0.316412529296875 0.7500762135416666 0.343411939453125 0.21109102083333334 0.307690583984375 0.2003341953125 0.2860183984375 0.7377354947916667
0 0.31779451953125 0.7516539244791667 0.345623474609375 0.7642601692708334 0.382487904296875 0.22184475520833333 0.34682496484375 0.21110734895833336 0.31779451953125 0.7516539244791667
0 0.350952626953125 0.7671500677083333 0.360624625 0.7737202630208334 0.39611862890625 0.256569875 0.38092252734375 0.25263640885416666 0.350952626953125 0.7671500677083333
0 0.368125201171875 0.7784503072916666 0.379966693359375 0.7823868619791666 0.42098480078125 0.26259974479166664 0.403494087890625 0.2579034661458333 0.368125201171875 0.7784503072916666
0 0.379771744140625 0.7879134921875001 0.400297 0.7947368541666666 0.448811828125 0.2707322005208333 0.423234806640625 0.26446601822916666 0.379771744140625 0.7879134921875001
0 0.4774282890625 0.27912709375 0.451858314453125 0.27286325260416666 0.402864099609375 0.7989451171874999 0.41214041796875 0.8031471953125 0.424375666015625 0.8049780755208333 0.4774282890625 0.27912709375
0 0.504465884765625 0.286997109375 0.481271453125 0.2815229921875 0.425562705078125 0.8120824166666667 0.435431578125 0.8175997708333332 0.4441134140625 0.8160127916666666 0.504465884765625 0.286997109375
0 0.53209603515625 0.2961824036458333 0.50732919921875 0.29018555989583333 0.444312216796875 0.8194337421875 0.454181091796875 0.8249510989583334 0.463654287109375 0.8281003411458333 0.53209603515625 0.2961824036458333
0 0.548081568359375 0.30037830729166665 0.535163080078125 0.2983202916666667 0.465827634765625 0.83441428125 0.467406501953125 0.8349391536458333 0.476090263671875 0.8378259609375 0.548081568359375 0.30037830729166665
0 0.4786554375 0.8375604348958333 0.483590837890625 0.8425560078125001 0.556568455078125 0.3043179505208333 0.551152529296875 0.3025174947916667 0.4786554375 0.8375604348958333
0 0.511236404296875 0.8875316223958333 0.620049404296875 0.16662458593749999 0.595576984375 0.1584890390625 0.5779256171875 0.154857640625 0.47946028515625 0.8736131901041667 0.4946583125 0.8820204453125 0.511236404296875 0.8875316223958333
0 0.52227690234375 0.864363 0.542014654296875 0.8753977135416666 0.561553599609375 0.8830114765625 0.5710248671875 0.8816869322916667 0.674966046875 0.30341938541666663 0.6154892265625 0.2858836458333333 0.52128866796875 0.8606796119791666 0.52227690234375 0.864363
0 0.573200142578125 0.8924746588541667 0.621753154296875 0.9153252187500001 0.741473361328125 0.3199374635416667 0.67984290234375 0.30504063541666665 0.573200142578125 0.8924746588541667
0 0.62451520703125 0.9140068515625001 0.648198193359375 0.9218799609375 0.774824490234375 0.32543319010416666 0.74759001953125 0.3186160078125 0.62451520703125 0.9140068515625001
0 0.6527379140625 0.924507421875 0.6740526015625 0.9315932187499999 0.805809251953125 0.33461539322916667 0.77778534765625 0.3275357734375 0.6527379140625 0.924507421875
0 0.680564943359375 0.932639875 0.69339274609375 0.93578603125 0.829882138671875 0.3314352447916667 0.8097525625 0.32697999739583333 0.680564943359375 0.932639875
0 0.85099994921875 0.3395738802083333 0.830257615234375 0.33491492968750003 0.8314629296875 0.33643390885416663 0.69695001171875 0.9481514713541667 0.711949234375 0.9531377734375001 0.85099994921875 0.3395738802083333
0 0.7192510078125 0.9544468697916666 0.722016912109375 0.9620760833333333 0.77787169921875 0.986235734375 0.94177509765625 0.34738518229166665 0.92243495703125 0.3431923723958333 0.90190969921875 0.3363690104166666 0.882965236328125 0.33454431510416666 0.867363794921875 0.33383096093750003 0.7192510078125 0.9544468697916666
0 1 0.37456932291666667 0.992499533203125 0.3720758880208333 0.94514540625 0.3663981953125 0.779815220703125 1 0.85595970703125 1 1 0.5103943958333333 1 0.37456932291666667