0 0.469554185546875 0 0.281997166015625 0.0769581484375 0.279812447265625 0.08816764322916666 0.28142774609375 0.09830015885416667 0.284786998046875 0.108694890625 0.287060556640625 0.119397296875 0.289693517578125 0.1216768828125 0.59931559375 0.0066950625000000005 0.598366998046875 0 0.469554185546875 0
0 0.564983658203125 0.054911984375 0.559591833984375 0.031569218749999996 0.30366016015625 0.17369594270833333 0.30627985546875 0.1865696171875 0.30917762890625 0.19406932031250002 0.564983658203125 0.054911984375
0 0.56763408984375 0.08328023177083334 0.563548732421875 0.059949359375000004 0.3091302734375 0.20089080208333332 0.310087349609375 0.21045341145833332 0.313874103515625 0.21997054166666666 0.56763408984375 0.08328023177083334
0 0.309077103515625 0.22268511197916666 0.31925703125 0.2651870807291667 0.59386352734375 0.12987092447916668 0.585111875 0.08331877083333333 0.309077103515625 0.22268511197916666
0 0.3123491875 0.27168351822916664 0.322529078125 0.31418549739583335 0.601011759765625 0.1869703828125 0.591448033203125 0.13963292708333333 0.3123491875 0.27168351822916664
0 0.318844396484375 0.3159861901041667 0.327938599609375 0.35879586458333335 0.606148240234375 0.23876156510416668 0.596579443359375 0.18961727604166667 0.318844396484375 0.3159861901041667
0 0.322543984375 0.3641070130208333 0.33272387109375 0.40660894531249997 0.613202662109375 0.2908411692708333 0.603488865234375 0.24363641666666666 0.322543984375 0.3641070130208333
0 0.338411435546875 0.44584540104166664 0.589288775390625 0.34675590364583336 0.60968966796875 0.33925980729166666 0.602058583984375 0.30228846875 0.3303897265625 0.41332209895833333 0.33427854296875 0.4341570026041666 0.338411435546875 0.44584540104166664
0 0.337475134765625 0.4506494453125 0.342517740234375 0.4787218880208333 0.612885177734375 0.3749614192708333 0.606694466796875 0.34560519531249995 0.337475134765625 0.4506494453125
0 0.342205654296875 0.4803232317708333 0.347363640625 0.5091194479166666 0.617617931640625 0.40856339843749995 0.6115743984375 0.37977537760416663 0.342205654296875 0.4803232317708333
0 0.34367896484375 0.5109201901041667 0.35254240625 0.5522823203125 0.647297095703125 0.4543737161458334 0.63880469921875 0.4083827630208334 0.34367896484375 0.5109201901041667
0 0.350601673828125 0.554345234375 0.357293634765625 0.5963228307291667 0.65613392578125 0.5169240390625 0.649426751953125 0.47109902864583336 0.350601673828125 0.554345234375
0 0.3575243984375 0.597770375 0.362485666015625 0.6288916119791667 0.62253853125 0.5695628984375 0.617458953125 0.5367338203124999 0.3575243984375 0.597770375
0 0.361712072265625 0.6275980104166666 0.365472240234375 0.6583032239583334 0.628110724609375 0.6080756276041667 0.623080001953125 0.5759079296874999 0.361712072265625 0.6275980104166666
0 0.3691909296875 0.660275109375 0.378421216796875 0.7181752317708333 0.65147622265625 0.6763422526041666 0.643156283203125 0.61181728125 0.3691909296875 0.660275109375
0 0.37705741796875 0.7238569088541666 0.386403080078125 0.7824807578124999 0.660808599609375 0.7455601953125001 0.65244295703125 0.6857277838541668 0.65185638671875 0.6822860989583334 0.636968287109375 0.6849925677083334 0.37705741796875 0.7238569088541666
0 0.388330462890625 0.7910118984375 0.3937665625 0.8144341328125 0.650454294921875 0.7802655755208333 0.6542543359375 0.7791886093749999 0.652591720703125 0.7758775937500001 0.649096328125 0.7503924010416667 0.39023714453125 0.7851763671875 0.388330462890625 0.7910118984375
0 0.6582541171875 0.81220621875 0.65494661328125 0.7835311510416667 0.392680837890625 0.8147418359374999 0.392402763671875 0.8201158098958333 0.3966377265625 0.8431220286458333 0.6582541171875 0.81220621875
0 0.402066392578125 0.8415834973958334 0.409057166015625 0.8925537864583334 0.649569861328125 0.87124225 0.64184394921875 0.8152332239583333 0.402066392578125 0.8415834973958334
0 0.408941791015625 0.8918300625 0.415111607421875 0.9483281796875 0.65635603125 0.9333816744791666 0.6489027890625 0.8737487578124999 0.408941791015625 0.8918300625
0 0.6230583125 0.9762944947916666 0.709485650390625 0.9518002317708333 0.70877493359375 0.9451491510416666 0.412187248046875 0.9620165651041667 0.414481560546875 0.9870857317708334 0.6230583125 0.9762944947916666
0 0.53941408984375 1 0.603384185546875 0.9818703151041667 0.417114525390625 0.9893653203125 0.4183759375 1 0.53941408984375 1