0 0.13892587890625 0.7989886588541667 0.1806510546875 0.7980175703125 0.192763037109375 0.1630236328125 0.156318029296875 0.16031935156250002 0.13892587890625 0.7989886588541667
0 0.182395591796875 0.7956086484374999 0.226768537109375 0.7933917369791667 0.233175529296875 0.160513328125 0.195379875 0.15941025 0.182395591796875 0.7956086484374999
0 0.3313790078125 0.169270890625 0.238163259765625 0.1714403411458333 0.231176404296875 0.790920828125 0.3322650859375 0.7911160703125 0.3313790078125 0.169270890625
0 0.341383728515625 0.7978292916666666 0.4478695703125 0.7917984817708333 0.439578392578125 0.1584635546875 0.336692431640625 0.15940641927083335 0.341383728515625 0.7978292916666666
0 0.482253294921875 0.16220702864583333 0.445854779296875 0.16305414583333333 0.4541149609375 0.794021453125 0.49049524609375 0.791340359375 0.482253294921875 0.16220702864583333
0 0.4922735703125 0.7919491692708333 0.5286720859375 0.7911020520833333 0.520396408203125 0.15895098697916668 0.48398239453125 0.15861430208333333 0.4922735703125 0.7919491692708333
0 0.535758720703125 0.789753 0.572172734375 0.7900896432291667 0.55647074609375 0.16080283333333334 0.52396297265625 0.160052140625 0.535758720703125 0.789753
0 0.595031021484375 0.16195064583333332 0.56128021875 0.1615519609375 0.575739298828125 0.7911908385416666 0.611234578125 0.7891805390625 0.595031021484375 0.16195064583333332
0 0.623439548828125 0.16128948177083333 0.5968219921875 0.163093125 0.61464616796875 0.778443734375 0.646621376953125 0.7788836822916667 0.623439548828125 0.16128948177083333
0 0.6571903515625 0.16168814843749998 0.628781705078125 0.16234931510416667 0.650249931640625 0.784720078125 0.680844798828125 0.7830034296875 0.6571903515625 0.16168814843749998
0 0.697996673828125 0.1583701015625 0.6615671640625 0.15684961979166667 0.683985119140625 0.7839349453125001 0.7237899609375 0.7807016666666667 0.697996673828125 0.1583701015625
0 0.72747038671875 0.7817386927083333 0.765628876953125 0.7796664921875 0.7351715078125 0.15794613802083332 0.698915408203125 0.1607170625 0.72747038671875 0.7817386927083333
0 0.78996380859375 0.19649129427083334 0.7446720703125 0.1963612265625 0.770098794921875 0.7819307838541666 0.821465423828125 0.7810329869791667 0.78996380859375 0.19649129427083334
0 0.823349404296875 0.7795072604166666 0.873048953125 0.7771664609375 0.8381892109375 0.19331473177083333 0.792596142578125 0.1940617109375 0.823349404296875 0.7795072604166666
0 0.891169486328125 0.19413589322916666 0.845908744140625 0.1963734453125 0.876615513671875 0.7782675755208334 0.92885389453125 0.7772314088541666 0.891169486328125 0.19413589322916666