0 0.549369685546875 1 0.773421314453125 0.9199540625 0.85438794140625 0.8791324218750001 0.859258724609375 0.8740230546875 0.842595728515625 0.8204535677083333 0.4848456171875 1 0.549369685546875 1
0 0.467382884765625 1 0.840391857421875 0.8178717291666667 0.842581390625 0.8036126692708333 0.840629984375 0.7897099557291667 0.837050205078125 0.7718967317708333 0.8295400625 0.7554876875000001 0.823812640625 0.7395648125 0.8176221796875 0.7339149739583334 0.329781009765625 0.9643572369791666 0.33891528515625 1 0.467382884765625 1
0 0.32168103125 0.9324359739583333 0.32868722265625 0.9589144739583334 0.81557265625 0.7279087890625 0.816976115234375 0.7139305677083333 0.815179056640625 0.6966035078125 0.8100271328125 0.679351953125 0.802671337890625 0.6595185677083334 0.794375123046875 0.6433903619791667 0.308049869140625 0.8687987708333332 0.314212779296875 0.90365821875 0.32168103125 0.9324359739583333
0 0.793111671875 0.6371033411458333 0.780912646484375 0.5931697083333333 0.310196384765625 0.8040170182291666 0.321619587890625 0.8524748802083333 0.793111671875 0.6371033411458333
0 0.76986461328125 0.5465787291666667 0.29893777734375 0.7563782005208334 0.3041459296875 0.7781019374999999 0.310302140625 0.8003508880208333 0.78049149609375 0.5910740364583333 0.775802611328125 0.5635494453125 0.76986461328125 0.5465787291666667
0 0.77772533984375 0.5437703645833333 0.773415716796875 0.5307101614583333 0.31930509375 0.7277633697916667 0.3211489140625 0.73693834375 0.77772533984375 0.5437703645833333
0 0.773195427734375 0.5296139869791666 0.765161392578125 0.5022132421875 0.310774251953125 0.6936980911458334 0.317302083984375 0.7261810286458333 0.773195427734375 0.5296139869791666
0 0.76377576953125 0.48693351562500004 0.760673369140625 0.4756881510416667 0.303362228515625 0.6693925208333332 0.305998857421875 0.6783201848958332 0.76377576953125 0.48693351562500004
0 0.76025221875 0.4735924765625 0.752783966796875 0.44481472135416666 0.296413244140625 0.6348139088541667 0.30326069921875 0.6646949270833333 0.76025221875 0.4735924765625
0 0.736752697265625 0.3943887447916667 0.730239203125 0.37874670052083337 0.256883580078125 0.5680756015625 0.2701025390625 0.63385403125 0.748741146484375 0.4372745364583333 0.74416471875 0.41869431510416666 0.736752697265625 0.3943887447916667
0 0.72976182421875 0.37217884635416665 0.71298637109375 0.30966498697916667 0.240150017578125 0.49319303124999997 0.255358615234375 0.5604872682291667 0.72976182421875 0.37217884635416665
0 0.71229841796875 0.3020492942708333 0.69757248828125 0.24554161979166667 0.2236832578125 0.42383047916666666 0.237470400390625 0.4882438515625 0.71229841796875 0.3020492942708333
0 0.696505302734375 0.24023123177083336 0.682776021484375 0.18449055989583332 0.209195484375 0.35593072395833336 0.220733078125 0.4133425703125 0.696505302734375 0.24023123177083336
0 0.6734975 0.18443625260416666 0.66202831640625 0.13574959895833333 0.24263055078125 0.2833398515625 0.25410888671875 0.3362644427083334 0.6734975 0.18443625260416666
0 0.662758162109375 0.130996578125 0.6480884609375 0.07896108854166667 0.22721666796875 0.219216484375 0.238902392578125 0.27317305989583335 0.662758162109375 0.130996578125
0 0.638603330078125 0.0317624375 0.635711505859375 0.02156490364583333 0.167562908203125 0.16972613541666667 0.17825788671875 0.22294507552083334 0.646970111328125 0.06920372395833334 0.644443208984375 0.05662968229166667 0.638603330078125 0.0317624375
0 0.474814576171875 0 0.363238794921875 0.031221981770833334 0.150224111328125 0.10732479947916666 0.157947013671875 0.1428387265625 0.63575339453125 0.009196190104166667 0.633905310546875 0 0.474814576171875 0