0 0.5283860078125 0 0.163989796875 0.11271786197916667 0.17113094140625 0.161701859375 0.585336408203125 0.03445880208333333 0.582007748046875 0 0.5283860078125 0
0 0.169998966796875 0.16531055208333334 0.176341259765625 0.21450159375 0.593053244140625 0.09876505729166667 0.587372283203125 0.0484236875 0.169998966796875 0.16531055208333334
0 0.174565677734375 0.2193821953125 0.179420236328125 0.28111496354166665 0.60487429296875 0.17416375520833335 0.597665705078125 0.10765709114583333 0.174565677734375 0.2193821953125
0 0.1821046328125 0.28815496875 0.18551673046875 0.3513666901041667 0.615207607421875 0.26210418229166665 0.608668193359375 0.18881429166666666 0.1821046328125 0.28815496875
0 0.19629636328125 0.4082485234375 0.61706728515625 0.31466720833333334 0.61524965625 0.29082599479166665 0.61359044140625 0.2737580859375 0.193104193359375 0.36929209635416665 0.192570548828125 0.38269165625 0.19629636328125 0.4082485234375
0 0.20651971484375 0.4840613020833333 0.21244155859375 0.5189949583333333 0.575501203125 0.3707493203125 0.568136900390625 0.3372946171875 0.20651971484375 0.4840613020833333
0 0.20873515234375 0.5276912890625 0.219404822265625 0.5724454765625 0.5986193515625 0.4155924973958333 0.589553904296875 0.37615564322916667 0.20873515234375 0.5276912890625
0 0.599948615234375 0.44177049218750003 0.5950681875 0.4253537005208334 0.220491517578125 0.5798995625 0.22670120703125 0.6224943463541667 0.601766244140625 0.46561170572916666 0.599948615234375 0.44177049218750003
0 0.2201325234375 0.6286171927083334 0.22891664453125 0.6661243333333333 0.645832380859375 0.5006052994791667 0.635473197265625 0.45798085156249996 0.2201325234375 0.6286171927083334
0 0.65343925 0.5527839062500001 0.652507796875 0.5463946901041666 0.648426220703125 0.5297708567708334 0.644556806640625 0.50891565625 0.230158583984375 0.6746432890624999 0.23829909765625 0.7134223411458334 0.65343925 0.5527839062500001
0 0.690335142578125 0.6238940703125 0.680724 0.563654015625 0.21542028515625 0.72708765625 0.22735453125 0.7748294114583333 0.230349412109375 0.7839991536458334 0.690335142578125 0.6238940703125
0 0.236801671875 0.8453178437500001 0.702621919921875 0.7024873802083333 0.699827560546875 0.6833197265625 0.69015123046875 0.6396925859375 0.22313712109375 0.7913939114583334 0.23001305859375 0.8271853958333333 0.236801671875 0.8453178437500001
0 0.25823479296875 0.8729160677083333 0.67259550390625 0.7467378776041667 0.67055471484375 0.7384259609375 0.6650950703125 0.718036078125 0.24780769140625 0.8468857864583333 0.25173402734375 0.8624447473958333 0.25823479296875 0.8729160677083333
0 0.6762760390625 0.7833575234375 0.669532705078125 0.7541622994791667 0.261585435546875 0.8731527734375 0.265000765625 0.8965799036458333 0.26959334765625 0.9053355677083333 0.6762760390625 0.7833575234375
0 0.259806625 0.9178179661458333 0.268613384765625 0.9497937187500001 0.65206150390625 0.8504140338541667 0.646472783203125 0.8120787291666667 0.259806625 0.9178179661458333
0 0.26874598828125 0.9563899765625 0.275799806640625 0.9877149401041666 0.660932953125 0.9055802083333333 0.652970318359375 0.862334640625 0.26874598828125 0.9563899765625
0 0.50090073046875 1 0.613040392578125 0.9800612447916667 0.704594337890625 0.9563328671875001 0.696085728515625 0.9078668411458333 0.27562192578125 0.9921814583333334 0.27676175390625 1 0.50090073046875 1