0 0.07445640234375 0.9654882161458334 0.09007752734375 0.23569023697916666 0.086763955078125 0.22979797916666667 0.0678784921875 0.22895622916666666 0.050788029296875 0.9663299661458334 0.071616197265625 0.9654882161458334 0.07445640234375 0.9654882161458334
0 0.076823240234375 0.9654882161458334 0.09765140625 0.9654882161458334 0.1118524296875 0.23063973177083333 0.092499703125 0.22979797916666667 0.076823240234375 0.9654882161458334
0 0.105225287109375 0.9629629635416667 0.1374142734375 0.9646464635416666 0.141674580078125 0.9629629635416667 0.14640825390625 0.9621212109375 0.158242439453125 0.20033670052083333 0.117594400390625 0.19865319791666666 0.10238508203125 0.9604377109375001 0.105225287109375 0.9629629635416667
0 0.148775091796875 0.9638047135416666 0.17575703515625 0.9646464635416666 0.186171119140625 0.1868686875 0.160208037109375 0.18602693489583333 0.148775091796875 0.9638047135416666
0 0.1819108125 0.9638047135416666 0.207472654296875 0.9646464635416666 0.214573166015625 0.1868686875 0.19003758203125 0.18602693489583333 0.1819108125 0.9638047135416666
0 0.221761068359375 0.17003366927083333 0.21694000390625 0.9638047135416666 0.26001644140625 0.9646464635416666 0.262383279296875 0.9638047135416666 0.264750115234375 0.9654882161458334 0.284631548828125 0.9663299661458334 0.29078532421875 0.9638047135416666 0.296465734375 0.17003366927083333 0.291732060546875 0.16919191927083332 0.221761068359375 0.17003366927083333
0 0.379778404296875 0.9646464635416666 0.384985447265625 0.9629629635416667 0.37599146484375 0.17087542187500002 0.3027269765625 0.171717171875 0.306879818359375 0.9629629635416667 0.3106667578125 0.9671717161458333 0.379778404296875 0.9646464635416666
0 0.39498451171875 0.9654882161458334 0.439954419921875 0.9629629635416667 0.44468809375 0.9621212109375 0.447528298828125 0.9621212109375 0.433800642578125 0.22306397395833333 0.383219400390625 0.22474747395833336 0.39451114453125 0.9629629635416667 0.39498451171875 0.9654882161458334
0 0.45226197265625 0.9646464635416666 0.504332392578125 0.9612794609374999 0.490131369140625 0.22306397395833333 0.439954419921875 0.22474747395833336 0.45226197265625 0.9646464635416666
0 0.512853005859375 0.9747474739583333 0.56539679296875 0.9705387213541666 0.55119576953125 0.17003366927083333 0.50111712890625 0.17003366927083333 0.512853005859375 0.9747474739583333
0 0.5715505703125 0.9730639739583333 0.62456772265625 0.9713804713541667 0.611313435546875 0.17087542187500002 0.561249703125 0.17087542187500002 0.5715505703125 0.9730639739583333
0 0.683353220703125 0.9646464635416666 0.67009893359375 0.21632996614583333 0.666785361328125 0.21548821614583333 0.620435310546875 0.21548821614583333 0.630809435546875 0.96885521875 0.680986384765625 0.9654882161458334 0.683353220703125 0.9646464635416666
0 0.73021659765625 0.21380471354166666 0.68151485546875 0.2121212109375 0.690453732421875 0.9705387213541666 0.738263845703125 0.96885521875 0.740157314453125 0.96885521875 0.73021659765625 0.21380471354166666
0 0.759565380859375 0.2121212109375 0.7392800078125 0.2121212109375 0.745364357421875 0.9739057239583334 0.7638256875 0.9730639739583333 0.766665892578125 0.9705387213541666 0.759565380859375 0.2121212109375
0 0.78654732421875 0.21127946093750002 0.76674212890625 0.21127946093750002 0.77329303515625 0.9764309765625 0.79317446875 0.9755892265625 0.794121203125 0.9747474739583333 0.78654732421875 0.21127946093750002
0 0.8513986640625 0.9755892265625 0.854712236328125 0.9747474739583333 0.846664990234375 0.22474747395833336 0.790334263671875 0.2255892265625 0.797908142578125 0.9730639739583333 0.80027498046875 0.9739057239583334 0.8513986640625 0.9755892265625