0 0.124487658203125 0 0 0.49308501041666664 0 0.60268303125 0.00550374609375 0.604568390625 0.1547103359375 0 0.124487658203125 0
0 0.187787810546875 0.0103753984375 0.167303611328125 0.0025437317708333334 0.031843283203125 0.610943546875 0.052572236328125 0.6176371354166666 0.187787810546875 0.0103753984375
0 0.049908048828125 0.6214349609375 0.076262232421875 0.62972878125 0.20409838671875 0.05479403385416667 0.211827158203125 0.023150997395833334 0.18864128515625 0.0107017265625 0.049908048828125 0.6214349609375
0 0.2537463984375 0.04298336458333333 0.214365767578125 0.024231976562499997 0.08000372265625 0.6318200625 0.120874701171875 0.6443094921875 0.2537463984375 0.04298336458333333
0 0.121216890625 0.6463452421875 0.181207248046875 0.6680494505208333 0.326809435546875 0.03396640364583333 0.26593405859375 0.0075912265625 0.121216890625 0.6463452421875
0 0.3904585703125 0.05583780989583333 0.330229787109375 0.026652216145833334 0.1786404296875 0.6756899843749999 0.2429031015625 0.7004461614583333 0.3904585703125 0.05583780989583333
0 0.2508246796875 0.7008245963541667 0.283866724609375 0.7146892057291666 0.416201419921875 0.15444325520833332 0.381734728515625 0.143648078125 0.2508246796875 0.7008245963541667
0 0.447699646484375 0.16763656510416666 0.41856114453125 0.15280101822916667 0.2913035546875 0.7187641588541666 0.323492064453125 0.7323024401041667 0.447699646484375 0.16763656510416666
0 0.520323712890625 0.09194010677083332 0.475577283203125 0.07236893229166667 0.330928892578125 0.7363773932291666 0.379688814453125 0.7540976145833334 0.520323712890625 0.09194010677083332
0 0.37945334375 0.7598564661458332 0.43127265234375 0.7809000494791666 0.576398765625 0.10868108593749999 0.532034419921875 0.089027234375 0.37945334375 0.7598564661458332
0 0.581066427734375 0.25188215364583333 0.553390171875 0.23883735937499997 0.4310278828125 0.7820382031249999 0.4606821796875 0.7931909192708333 0.581066427734375 0.25188215364583333
0 0.46065586328125 0.7945974374999999 0.491626943359375 0.8052068723958333 0.6129076875 0.2648678776041667 0.58618751953125 0.2538400859375 0.46065586328125 0.7945974374999999
0 0.734303265625 0.18360389062500002 0.643712166015625 0.14527334895833333 0.49223566796875 0.8066712552083333 0.58781139453125 0.844504984375 0.734303265625 0.18360389062500002
0 0.590508404296875 0.84793871875 0.683296109375 0.8846456328125 0.830512443359375 0.226154 0.738445310546875 0.19011429166666668 0.590508404296875 0.84793871875
0 0.70915237109375 0.8846776328125 0.735075923828125 0.8928036979166666 0.878627431640625 0.2942093098958333 0.825101181640625 0.2725130520833333 0.688548931640625 0.8731052552083334 0.70915237109375 0.8846776328125
0 0.9169911640625 0.36923002343750005 0.868221935546875 0.3468891380208334 0.73780767578125 0.8931699453125 0.786291025390625 0.9136163619791667 0.9169911640625 0.36923002343750005
0 0.79108916796875 0.9160042994791667 0.84095663671875 0.9375333723958333 0.97057140234375 0.39213054166666667 0.91930694921875 0.37134710416666666 0.79108916796875 0.9160042994791667