0 0.502603046875 1 0.255348126953125 0.8765953333333334 0.24628971875 0.9088133411458333 0.327195482421875 0.9494751848958334 0.437246521484375 1 0.502603046875 1
0 0.59840290625 1 0.599477744140625 0.9958379270833334 0.296459701171875 0.8507137161458332 0.285747591796875 0.8893659192708333 0.511482115234375 1 0.59840290625 1
0 0.599718646484375 0.9949050859374999 0.610077103515625 0.9547942291666667 0.305758259765625 0.8113742265625 0.296346951171875 0.8483222239583333 0.599718646484375 0.9949050859374999
0 0.609400447265625 0.9513533281250001 0.618313541015625 0.9168393229166667 0.29395161328125 0.7606197734375 0.285563361328125 0.7929219427083334 0.609400447265625 0.9513533281250001
0 0.61903623046875 0.9140408671875 0.62724962890625 0.8792056302083333 0.305904294921875 0.7264578151041667 0.29795477734375 0.7572405859375001 0.61903623046875 0.9140408671875
0 0.628213203125 0.8754743984375 0.640498826171875 0.8279010130208334 0.334764494140625 0.6823896953125 0.32156103125 0.7294722630208333 0.628213203125 0.8754743984375
0 0.640544845703125 0.8216617161458334 0.653266236328125 0.7784620078125001 0.347986515625 0.6345231536458333 0.333869658203125 0.6787792630208332 0.640544845703125 0.8216617161458334
0 0.650054755859375 0.7696838177083333 0.6589678671875 0.7351697473958333 0.33617715625 0.5880188463541667 0.3275012890625 0.6205279479166667 0.650054755859375 0.7696838177083333
0 0.66251226953125 0.7305365755208334 0.67072566796875 0.6957013359375 0.3481758828125 0.5476176067708333 0.337863421875 0.58148915625 0.66251226953125 0.7305365755208334
0 0.672148052734375 0.6932241119791667 0.68033845703125 0.6615085651041667 0.38133668359375 0.5252791770833333 0.37292837890625 0.5548079505208333 0.672148052734375 0.6932241119791667
0 0.681061146484375 0.658710109375 0.6890106484375 0.6279273984375 0.389527103515625 0.4935635651041667 0.3808778984375 0.5240251796875001 0.681061146484375 0.658710109375
0 0.691614486328125 0.6239057083333334 0.699105240234375 0.5918689479166667 0.35946155078125 0.4401103958333333 0.3524903671875 0.47029951822916666 0.691614486328125 0.6239057083333334
0 0.368734732421875 0.4042020260416667 0.3600041171875 0.43514307031250005 0.6998279296875 0.5890704895833333 0.706859830078125 0.5557797005208334 0.398739302734375 0.4184941067708334 0.368734732421875 0.4042020260416667
0 0.707123755859375 0.5517272552083333 0.722781908203125 0.49109448958333335 0.388096740234375 0.3384827291666667 0.37188873046875 0.3953217109375 0.707123755859375 0.5517272552083333
0 0.722564015625 0.48890757552083336 0.7358822578125 0.42824405729166665 0.404666150390625 0.27839687239583333 0.3888194296875 0.3356842734375 0.722564015625 0.48890757552083336
0 0.739403634765625 0.4267304895833333 0.755302673828125 0.36516494531250004 0.4196539296875 0.216284421875 0.404018794921875 0.27379751041666667 0.739403634765625 0.4267304895833333
0 0.766888599609375 0.31727032552083334 0.40742794140625 0.16058791666666666 0.39599091015625 0.19867297395833336 0.757206783203125 0.36082214583333333 0.766888599609375 0.31727032552083334
0 0.4099519375 0.13566149479166667 0.4060516015625 0.15682578645833334 0.76925151953125 0.3141815364583333 0.777082177734375 0.2760879947916667 0.415228599609375 0.11825932812500001 0.412842662109375 0.12446779427083333 0.4099519375 0.13566149479166667
0 0.779850876953125 0.27313784114583334 0.789004857421875 0.2376910598958333 0.425980798828125 0.07587800260416667 0.4166739453125 0.1126625390625 0.779850876953125 0.27313784114583334
0 0.78878701171875 0.2355041692708333 0.797459220703125 0.20192294270833333 0.4361863984375 0.037104838541666664 0.426091859375 0.07316317708333334 0.78878701171875 0.2355041692708333
0 0.446285734375 0 0.437872662109375 0.0305751484375 0.797505220703125 0.19568370833333334 0.808104580078125 0.15464001302083333 0.46834533984375 0 0.446285734375 0
0 0.480561939453125 0 0.80860937890625 0.14965464583333335 0.816565037109375 0.11652577083333333 0.562753478515625 0 0.480561939453125 0