0 0.3279195625 0.9786389635416667 0.3500797890625 0.9817444739583333 0.67366607421875 0.9881154791666668 0.67746851171875 0.9172247057291667 0.332290681640625 0.9028385963541666 0.3279195625 0.9786389635416667
0 0.3388553515625 0.8292983828125 0.333891359375 0.9035975859375 0.67783975390625 0.9125151744791666 0.68029504296875 0.8473876015625 0.3388553515625 0.8292983828125
0 0.348606189453125 0.7509085208333333 0.34382782421875 0.8228528802083334 0.678295330078125 0.8387745937500001 0.68016848828125 0.7748403333333332 0.348606189453125 0.7509085208333333
0 0.355150796875 0.6792116848958334 0.349953369140625 0.7451453229166667 0.677960564453125 0.7637329088541667 0.680834892578125 0.7046159713541668 0.355150796875 0.6792116848958334
0 0.6819036640625 0.70238496875 0.688681712890625 0.6390536145833333 0.361698109375 0.6045216848958334 0.35640516796875 0.6746258307291666 0.6819036640625 0.70238496875
0 0.327990447265625 0.5480332864583334 0.3248826796875 0.5987847395833333 0.691468876953125 0.626349875 0.692439130859375 0.5800604322916666 0.327990447265625 0.5480332864583334
0 0.332538201171875 0.4903412916666667 0.329616056640625 0.5387379765625 0.693831298828125 0.562399640625 0.691873783203125 0.5192711145833333 0.332538201171875 0.4903412916666667
0 0.376131828125 0.45835797656250005 0.374416240234375 0.4914484765625 0.68676067578125 0.5161738671875 0.685919720703125 0.4815345859375 0.376131828125 0.45835797656250005
0 0.688569052734375 0.4819058619791667 0.69065592578125 0.444105671875 0.379208984375 0.41975209375000005 0.3786883828125 0.4599066015625 0.688569052734375 0.4819058619791667
0 0.34237619921875 0.365538234375 0.3387565546875 0.41145639322916666 0.698277751953125 0.4380315260416667 0.699388666015625 0.4012849192708334 0.34237619921875 0.365538234375
0 0.347854880859375 0.3186904114583333 0.34511837109375 0.364732171875 0.69604180078125 0.39843519010416667 0.69891895703125 0.36193610416666666 0.347854880859375 0.3186904114583333
0 0.700358908203125 0.3549956354166666 0.700401103515625 0.3204801145833333 0.3812883984375 0.28126241145833336 0.381320751953125 0.3245706328125 0.700358908203125 0.3549956354166666
0 0.380752544921875 0.24116346354166665 0.38052479296875 0.2780336770833333 0.7006795390625 0.31694792708333336 0.7004032265625 0.2814681484375 0.380752544921875 0.24116346354166665
0 0.70285916015625 0.2779703854166667 0.702901296875 0.24345486197916666 0.385879001953125 0.19811337760416667 0.382704443359375 0.239056140625 0.70285916015625 0.2779703854166667
0 0.703784447265625 0.24357862500000002 0.70480254296875 0.208009515625 0.389201232421875 0.15663905208333334 0.3869287734375 0.19679393229166667 0.703784447265625 0.24357862500000002
0 0.706568783203125 0.2082570338541667 0.7064253046875 0.17609619791666667 0.35499555078125 0.11653932291666667 0.35211004296875 0.15144113020833333 0.706568783203125 0.2082570338541667
0 0.7048446796875 0.1734939895833333 0.70321626953125 0.16017145572916666 0.459240728515625 0.117648203125 0.459707638671875 0.13437917447916667 0.7048446796875 0.1734939895833333
0 0.362696185546875 0.06245469791666666 0.36000465625 0.09659894010416666 0.708003087890625 0.15608071614583333 0.707898669921875 0.12409862760416666 0.362696185546875 0.06245469791666666
0 0.708742759765625 0.12404364322916667 0.712829271484375 0.09485661197916667 0.36525884765625 0.023711208333333334 0.362974609375 0.05892266666666667 0.708742759765625 0.12404364322916667
0 0.365046416015625 0 0.363666455078125 0.016165419270833332 0.71124866015625 0.09225424479166666 0.715892044921875 0.056002833333333335 0.45154466015625 0 0.365046416015625 0
0 0.43999023828125 0 0.7157064296875 0.058357520833333336 0.718026712890625 0.028922812500000002 0.70610324609375 0.02612895833333333 0.519652923828125 0 0.43999023828125 0