0 0 0.8443692604166667 0.01282428125 0.8468168359375 0.079796974609375 0.19966380989583332 0.044507849609375 0.19279330989583332 0 0.5925510755208333 0 0.8443692604166667
0 0.02038963671875 0.8447757265625001 0.0600580703125 0.8501767395833334 0.12775323828125 0.21298095052083332 0.090959833984375 0.20477096614583334 0.02038963671875 0.8447757265625001
0 0.067920958984375 0.8449046848958334 0.11253378515625 0.8500219348958334 0.121515857421875 0.8503991979166666 0.19088292578125 0.18614666927083334 0.1579723125 0.17857234635416666 0.139465916015625 0.17663583072916667 0.067410955078125 0.8415415364583333 0.067920958984375 0.8449046848958334
0 0.165930328125 0.8576704140625 0.175819115234375 0.8571028958333334 0.245497830078125 0.19836748177083333 0.19439197265625 0.18562792708333334 0.123839287109375 0.8518727916666666 0.151097150390625 0.8585216875 0.165930328125 0.8576704140625
0 0.1809759765625 0.863413234375 0.206207943359375 0.8653575885416666 0.2747674765625 0.20097285677083332 0.25073514453125 0.19703845833333333 0.1809759765625 0.863413234375
0 0.208531373046875 0.8668311848958333 0.233564984375 0.8709295052083333 0.301826984375 0.20977571614583335 0.2820385 0.20434965364583335 0.208531373046875 0.8668311848958333
0 0.32676141796875 0.2149510208333333 0.3075885234375 0.211812171875 0.23709266015625 0.868227375 0.248199806640625 0.8722321927083333 0.256473521484375 0.8714002708333334 0.32676141796875 0.2149510208333333
0 0.25950530859375 0.874083046875 0.279084525390625 0.8751019791666667 0.346949814453125 0.21825611718750001 0.330403490234375 0.2133608359375 0.25950530859375 0.874083046875
0 0.39408442578125 0.222693 0.351702162109375 0.213568046875 0.2804020625 0.8785973307291667 0.314219390625 0.8852268776041666 0.324717357421875 0.8869455286458333 0.39408442578125 0.222693
0 0.439717259765625 0.234536546875 0.401484267578125 0.22499766666666665 0.32814585546875 0.8853203802083334 0.34994932421875 0.8888898854166666 0.369231005859375 0.8931397630208333 0.439717259765625 0.234536546875
0 0.462238958984375 0.24915582031250003 0.443911888671875 0.24506222656249999 0.3727544375 0.89153015625 0.41252205078125 0.8958541848958333 0.488590107421875 0.2567494921875 0.462238958984375 0.24915582031250003
0 0.4545139140625 0.9027287890625 0.5326078671875 0.2683286354166667 0.51382207421875 0.25869385156249997 0.492018607421875 0.25512434635416664 0.413032052734375 0.8992173333333334 0.4380656640625 0.9033156536458334 0.4545139140625 0.9027287890625
0 0.57702233984375 0.27559984895833334 0.5345910078125 0.26646686197916664 0.458849125 0.9001588619791666 0.495896595703125 0.9073172265624999 0.5033627734375 0.9063530989583333 0.57702233984375 0.27559984895833334
0 0.62679203125 0.2870274375 0.58194990625 0.2774997708333333 0.50820798828125 0.9071463229166666 0.536471744140625 0.9117734583333333 0.55211245703125 0.9110543880208333 0.62679203125 0.2870274375
0 0.6742382890625 0.2969814296875 0.632738103515625 0.28690766666666667 0.55595178125 0.9138693697916667 0.584116359375 0.9195734895833333 0.601272966796875 0.9201958072916666 0.6742382890625 0.2969814296875
0 0.656185404296875 0.9291856744791667 0.7315733359375 0.30636790885416665 0.709061509765625 0.30158921614583334 0.68181165234375 0.29712806770833333 0.611473400390625 0.9251454036458333 0.63812208203125 0.9295081328125 0.656185404296875 0.9291856744791667
0 0.697681380859375 0.9414451848958333 0.711707021484375 0.9404617083333333 0.7874066015625 0.32316105208333334 0.74128659375 0.31014452864583336 0.66325487109375 0.9325294739583333 0.670324337890625 0.9358732708333334 0.697681380859375 0.9414451848958333
0 0.749823072265625 0.9456085729166667 0.77121571484375 0.9447379479166668 0.844535033203125 0.35328484895833334 0.789581037109375 0.33772886979166666 0.715396564453125 0.936692859375 0.72095013671875 0.9386952682291666 0.749823072265625 0.9456085729166667
0 0.79331671484375 0.9450765078125 0.866961796875 0.36788857812500003 0.865941791015625 0.36116228125 0.847752353515625 0.3559980026041667 0.772731609375 0.9460793359375 0.785751361328125 0.9471176171875001 0.79331671484375 0.9450765078125
0 0.915059953125 0.3440595338541667 0.875172435546875 0.33424978385416665 0.79967782421875 0.9472111223958333 0.828848291015625 0.9508934791666667 0.84559407421875 0.9470756692708333 0.915059953125 0.3440595338541667
0 0.862665619140625 0.9575230260416667 0.89778637109375 0.9588998671875001 0.97613514453125 0.3573379765625 0.931515607421875 0.34566031510416667 0.862665619140625 0.9575230260416667