0 0.47155737109375 1 0.239228255859375 0.8738739583333334 0.229821388671875 0.9047703984375 0.437246521484375 1 0.47155737109375 1
0 0.565181421875 1 0.250088431640625 0.8318203020833334 0.240042501953125 0.8707209635416667 0.47935196875 1 0.565181421875 1
0 0.642452921875 1 0.645794890625 0.9859551432291668 0.263496703125 0.7932311015625001 0.253983232421875 0.8300699348958333 0.581105978515625 1 0.642452921875 1
0 0.222525720703125 0.7652427239583334 0.220645513671875 0.7791891223958333 0.220860880859375 0.7816879999999999 0.67745486328125 0.8800230755208333 0.680923515625 0.8632586276041666 0.222525720703125 0.7652427239583334
0 0.226738658203125 0.7522619010416666 0.22127692578125 0.7634127213541667 0.222525720703125 0.7652427239583334 0.682487626953125 0.8605347942708333 0.68489675 0.8478731458333333 0.226738658203125 0.7522619010416666
0 0.215082892578125 0.7274064739583334 0.214213689453125 0.7441036770833334 0.68805015625 0.8389951197916666 0.691443263671875 0.8325217526041667 0.691543990234375 0.8188003098958333 0.69270425 0.8009760703125001 0.693069859375 0.7862289296874999 0.221540796875 0.6890682552083334 0.21968662109375 0.6962481484374999 0.215713384765625 0.7116336328125 0.215082892578125 0.7274064739583334
0 0.230407826171875 0.6380683880208333 0.227229236328125 0.6503767760416667 0.22580409765625 0.6692267135416667 0.227537228515625 0.6825126380208334 0.22697741796875 0.6846803828125 0.7013698203125 0.7774190885416666 0.7044476796875 0.7788321458333334 0.70815603125 0.764472359375 0.710035392578125 0.7538621067708333 0.711675048828125 0.7408471901041667 0.712784943359375 0.7298836744791667 0.235655107421875 0.6244151302083333 0.230407826171875 0.6380683880208333
0 0.722094068359375 0.7238317604166666 0.728942765625 0.6673160390625 0.26475486328125 0.5517268802083334 0.252315447265625 0.6032286458333334 0.722094068359375 0.7238317604166666
0 0.27956309375 0.49771809895833335 0.26922136328125 0.5444298802083333 0.2704563671875 0.5463133072916667 0.736422896484375 0.66501365625 0.742237248046875 0.6091703723958334 0.27956309375 0.49771809895833335
0 0.751786072265625 0.6055231197916667 0.756705048828125 0.5664783723958333 0.299202630859375 0.4516639296875 0.289684279296875 0.491854515625 0.751786072265625 0.6055231197916667
0 0.76341571484375 0.5638227265625 0.76835987109375 0.5213476223958333 0.310062806640625 0.4096102734375 0.302615974609375 0.44844505208333335 0.76341571484375 0.5638227265625
0 0.781124587890625 0.4652533515625 0.322802341796875 0.35694636458333334 0.321213046875 0.3631005572916666 0.315068533203125 0.4002252447916667 0.31449026171875 0.40246447395833335 0.773796490234375 0.5169597499999999 0.781124587890625 0.4652533515625
0 0.32862975390625 0.3343809869791667 0.328050986328125 0.34995353385416667 0.78963906640625 0.46227853645833333 0.7966771015625 0.4150281979166666 0.33527699609375 0.30530815364583336 0.32862975390625 0.3343809869791667
0 0.800309908203125 0.41095949479166666 0.80734794140625 0.3637091588541667 0.349744794921875 0.26261615625 0.3481555 0.26877034895833335 0.344421966796875 0.28656049739583334 0.34307688671875 0.30176756510416664 0.342492244140625 0.3040314713541667 0.800309908203125 0.41095949479166666
0 0.4106201953125 0.24352466406249998 0.4071851171875 0.26349195572916667 0.40787064453125 0.26750309375 0.813074625 0.35486522395833336 0.816593642578125 0.3312400546875 0.4106201953125 0.24352466406249998
0 0.819456982421875 0.3268180911458333 0.822976 0.30319292187499997 0.4177468359375 0.21926115364583332 0.414817849609375 0.24060155729166666 0.819456982421875 0.3268180911458333
0 0.82843780078125 0.2953746875 0.834151421875 0.25325284375 0.37471928125 0.155909375 0.36649383203125 0.19775917708333335 0.82843780078125 0.2953746875
0 0.386903869140625 0.10872722395833334 0.379741232421875 0.14646151302083335 0.378112388671875 0.1494360078125 0.841656734375 0.2475201015625 0.848404705078125 0.20472582291666666 0.386903869140625 0.10872722395833334
0 0.8555061640625 0.18389267447916668 0.85931524609375 0.15581144791666665 0.400867087890625 0.06465626302083334 0.394211859375 0.10375857552083334 0.393614537109375 0.106071578125 0.85076346484375 0.1989248958333333 0.8555061640625 0.18389267447916668
0 0.477980439453125 0 0.86212822265625 0.15825020052083333 0.868145216796875 0.14020641145833332 0.562753478515625 0 0.477980439453125 0