0 0.12213814453125 0.5713591536458333 0.134651470703125 0.5761433385416667 0.17176537890625 0.12413977864583332 0.158582736328125 0.11909969531249999 0.12213814453125 0.5713591536458333
0 0.25011296875 0.11797268489583333 0.207555109375 0.10395925 0.16102400390625 0.5794534921875 0.197108955078125 0.596636140625 0.200128146484375 0.5944040677083333 0.25011296875 0.11797268489583333
0 0.21710965234375 0.6020253567708334 0.230962830078125 0.6084505989583333 0.252079064453125 0.6165239114583333 0.2619126875 0.6180259791666667 0.320961119140625 0.1269991015625 0.263890330078125 0.109694578125 0.2110773046875 0.5985902291666666 0.21710965234375 0.6020253567708334
0 0.289952494140625 0.6332615442708334 0.292644265625 0.6207451171875 0.358961791015625 0.1234670390625 0.333863548828125 0.11500009635416668 0.265034984375 0.6271212968750001 0.280900955078125 0.6320584921875 0.289952494140625 0.6332615442708334
0 0.291510625 0.6417588411458334 0.32849283203125 0.6547693463541667 0.40800265625 0.15124707291666667 0.362577828125 0.13500872395833333 0.291510625 0.6417588411458334
0 0.3321789296875 0.6573074401041666 0.368154740234375 0.6710619713541667 0.4506837578125 0.16530762499999999 0.412534208984375 0.15072201302083335 0.3321789296875 0.6573074401041666
0 0.457838568359375 0.7109945208333334 0.462197609375 0.7104035078125 0.55322643359375 0.19661089583333333 0.497135080078125 0.1785520364583333 0.413150708984375 0.6905227447916666 0.418734427734375 0.6960439453124999 0.457838568359375 0.7109945208333334
0 0.498397732421875 0.723115 0.5021990078125 0.7211819401041667 0.605650119140625 0.1850475755208333 0.564882095703125 0.1705896484375 0.46879376171875 0.7072814114583333 0.47180691796875 0.712948609375 0.498397732421875 0.723115
0 0.50319937109375 0.7283371875000001 0.5395086328125 0.7444768020833333 0.65168386328125 0.19926113541666668 0.611709369140625 0.18510659635416668 0.50319937109375 0.7283371875000001
0 0.54297041796875 0.7480579296875001 0.5894467578125 0.7680846927083333 0.71627534765625 0.20589546354166666 0.6602218203125 0.18785106770833335 0.54297041796875 0.7480579296875001
0 0.5946970234375 0.7712208072916668 0.5973767265625 0.7745029244791667 0.629775576171875 0.7891474817708333 0.64351961328125 0.7921446041666668 0.781309431640625 0.21834298958333334 0.751141654296875 0.20906662499999998 0.735275685546875 0.2041294296875 0.722251646484375 0.20253637760416665 0.5946970234375 0.7712208072916668
0 0.6560329375 0.7969287890625 0.67402083984375 0.8038060520833333 0.684521373046875 0.8100782890625 0.687207109375 0.8054611302083333 0.831690150390625 0.24776408333333333 0.786059046875 0.23257566666666665 0.64754519921875 0.7891685104166667 0.6560329375 0.7969287890625
0 0.721721857421875 0.8299450286458333 0.7282028359375 0.8312940859375 0.8834227890625 0.26302769010416666 0.836573388671875 0.249631078125 0.691226662109375 0.8103843072916667 0.697143837890625 0.8182905911458334 0.721721857421875 0.8299450286458333
0 0.73254980859375 0.8465016171875 0.772436033203125 0.8617512057291666 0.93535560546875 0.3088453515625 0.88762875390625 0.291726875 0.73254980859375 0.8465016171875
0 0.778244064453125 0.8662293697916666 0.81790597265625 0.8825219895833333 0.99356922265625 0.3254580130208333 0.94227879296875 0.3092346796875 0.778244064453125 0.8662293697916666