0 0.117493111328125 0.7193657447916667 0.15031718359375 0.7223537161458333 0.12916191015625 0.17493914322916668 0.100110537109375 0.18926907291666664 0.117493111328125 0.7193657447916667
0 0.1914090859375 0.25670230729166665 0.135563427734375 0.2511382786458333 0.15351766015625 0.7264563307291666 0.158697142578125 0.728497109375 0.17191642578125 0.7306612760416668 0.182708322265625 0.7300423046875001 0.19085633984375 0.7289904921875 0.199329015625 0.7244131796875001 0.1914090859375 0.25670230729166665
0 0.215284828125 0.7162894635416667 0.2525152890625 0.7199988203125001 0.246094912109375 0.22629020572916667 0.207210103515625 0.22111713802083333 0.215284828125 0.7162894635416667
0 0.291148734375 0.23247320052083334 0.24841413671875 0.23024850781249998 0.253844982421875 0.7249879973958334 0.291232822265625 0.7302219270833333 0.291148734375 0.23247320052083334
0 0.295713826171875 0.7366140260416666 0.3328360703125 0.7414985000000001 0.3382098515625 0.27351360416666665 0.29153553125 0.26712992447916667 0.295713826171875 0.7366140260416666
0 0.39992201171875 0.7512884114583334 0.415224716796875 0.2742577916666667 0.339882486328125 0.26669479687500003 0.335804548828125 0.7384058229166667 0.33868042578125 0.7460339505208333 0.35322940234375 0.7531872916666668 0.3698656015625 0.7571036822916667 0.379667962890625 0.7575156223958334 0.390676296875 0.7545463385416666 0.39992201171875 0.7512884114583334
0 0.40366358203125 0.7495152109375001 0.441899076171875 0.7617392473958334 0.46470991796875 0.2994707265625 0.416137041015625 0.2934931380208333 0.40366358203125 0.7495152109375001
0 0.502379330078125 0.2992619973958333 0.473080451171875 0.29685114322916667 0.453340283203125 0.7540693463541667 0.476722982421875 0.7566534453124999 0.502379330078125 0.2992619973958333
0 0.477908123046875 0.7592842447916667 0.50159458203125 0.7643549322916666 0.527055384765625 0.3033017838541667 0.504141955078125 0.2995505625 0.477908123046875 0.7592842447916667
0 0.50028045703125 0.7689112786458333 0.550730138671875 0.7747847916666667 0.588095533203125 0.252458171875 0.535110189453125 0.2449766692708333 0.50028045703125 0.7689112786458333
0 0.55195166796875 0.780949171875 0.598551564453125 0.789771 0.647665205078125 0.2572704427083333 0.5906311953125 0.2540661640625 0.55195166796875 0.780949171875
0 0.602293134765625 0.7879977994791667 0.64977439453125 0.796964 0.7060640859375 0.26342100520833334 0.652630634765625 0.256771484375 0.602293134765625 0.7879977994791667
0 0.730462119140625 0.2996229140625 0.703807001953125 0.297644875 0.65241827734375 0.7973968359375 0.67447396484375 0.7995226953125 0.730462119140625 0.2996229140625
0 0.673352642578125 0.8032098020833334 0.69351409375 0.8077033203125 0.758572083984375 0.30297640885416666 0.731343375 0.29976718750000003 0.673352642578125 0.8032098020833334
0 0.696590728515625 0.8034355182291667 0.730852708984375 0.8102375520833333 0.79417771875 0.33629722916666666 0.757828572265625 0.33273215364583336 0.696590728515625 0.8034355182291667
0 0.832861037109375 0.28537215364583335 0.802680904296875 0.28281702604166664 0.73328015234375 0.8130207005208333 0.757291271484375 0.8145658828125 0.832861037109375 0.28537215364583335
0 0.881424486328125 0.28258672395833334 0.84881691015625 0.27724844791666664 0.758621025390625 0.8195550677083333 0.777792884765625 0.8250794869791668 0.787487029296875 0.8266665416666666 0.881424486328125 0.28258672395833334
0 0.88682046484375 0.28227724479166666 0.792001638671875 0.8262127317708333 0.7955267734375 0.8267898411458333 0.80335019140625 0.8292635442708334 0.809519205078125 0.8302734895833334 0.8193904140625 0.8284948124999999 0.922071919921875 0.28804835677083335 0.88682046484375 0.28227724479166666
0 0.96737533984375 0.28993314062500003 0.92669474609375 0.2864194244791667 0.824933865234375 0.8280255807291667 0.837612060546875 0.8360654843750001 0.856335537109375 0.8367450104166667 0.96737533984375 0.28993314062500003
0 1 0.2943110208333333 0.980004744140625 0.2903754453125 0.860958361328125 0.8351160833333333 0.89169520703125 0.8413410078125 1 0.36758322395833337 1 0.2943110208333333