0 0.5394140859375 1 0.775377412109375 0.9331259296875 0.767189123046875 0.8859236171874999 0.76537816015625 0.8797826458333334 0.48856080859375 1 0.5394140859375 1
0 0.4705533046875 1 0.763736359375 0.8747027708333334 0.751925275390625 0.8214893255208334 0.407647373046875 0.9634221119791667 0.4139936171875 1 0.4705533046875 1
0 0.753178998046875 0.8189159401041667 0.740641521484375 0.7559270390625 0.3956869921875 0.8936154479166666 0.40598474609375 0.9582116145833334 0.753178998046875 0.8189159401041667
0 0.73984550390625 0.7561526380208333 0.729069220703125 0.6937736354166667 0.38611466796875 0.8231319869791666 0.39595203125 0.8900590963541667 0.73984550390625 0.7561526380208333
0 0.72771596484375 0.6852848776041666 0.71863125390625 0.633516828125 0.3749503046875 0.7530997239583334 0.384058126953125 0.8102316432291666 0.72771596484375 0.6852848776041666
0 0.7160242734375 0.6276014531249999 0.704551505859375 0.5765101979166667 0.3646317265625 0.6883729348958334 0.372940970703125 0.7457143984375 0.7160242734375 0.6276014531249999
0 0.71234253515625 0.5731931171875 0.699347353515625 0.5125520078125 0.3548902421875 0.6168283776041666 0.36455026953125 0.6826430755208334 0.71234253515625 0.5731931171875
0 0.702312505859375 0.5050574453125 0.687964068359375 0.43592757552083333 0.298084130859375 0.5475319947916667 0.310228935546875 0.6237144088541667 0.702312505859375 0.5050574453125
0 0.68278846484375 0.4295563229166666 0.676917734375 0.39794907291666665 0.331276525390625 0.49479778125 0.337001544921875 0.53070990625 0.68278846484375 0.4295563229166666
0 0.324271462890625 0.46129394270833335 0.32914914453125 0.49189085416666667 0.6702112734375 0.39763167447916664 0.671922701171875 0.3927104973958333 0.66639028515625 0.36322543749999997 0.324271462890625 0.46129394270833335
0 0.6634947578125 0.36071894791666664 0.65571353515625 0.3119085833333333 0.315594689453125 0.40164702864583335 0.32498841796875 0.45535348177083335 0.6634947578125 0.36071894791666664
0 0.65429065625 0.313420875 0.64231041796875 0.25914633593749997 0.30549503515625 0.3435124088541666 0.314090435546875 0.39742998697916665 0.65429065625 0.313420875
0 0.641295474609375 0.252779765625 0.634360037109375 0.209274875 0.29641032421875 0.29174435416666666 0.304157673828125 0.34034225 0.641295474609375 0.252779765625
0 0.63624062109375 0.20541479427083334 0.62703651953125 0.15811672135416668 0.286768373046875 0.2312619453125 0.294394109375 0.2843158697916667 0.63624062109375 0.20541479427083334
0 0.626359892578125 0.15387234114583334 0.617732884765625 0.09975650000000001 0.26911647265625 0.16750444791666666 0.276401208984375 0.2184193411458333 0.626359892578125 0.15387234114583334
0 0.612399533203125 0.092395734375 0.6027377265625 0.04744545052083333 0.253902390625 0.10860122916666666 0.26533403125 0.159434484375 0.612399533203125 0.092395734375
0 0.284952193359375 0.049776132812500005 0.21730437109375 0.0689481171875 0.22225691015625 0.10841221614583334 0.600797306640625 0.045711296875 0.5929464609375 0.0069019817708333335 0.284952193359375 0.049776132812500005
0 0.4605859140625 0 0.336933396484375 0.035044205729166666 0.572209857421875 0 0.4605859140625 0