0 0.10540436328125 0 0 0.5320183203125001 0 0.5929006796874999 0.062945453125 0.6143666119791666 0.188032560546875 0 0.10540436328125 0
0 0.197955443359375 0 0.069116349609375 0.6136172760416666 0.138756537109375 0.6437872343750001 0.275367923828125 0 0.197955443359375 0
0 0.149067154296875 0.6471131536458333 0.194197865234375 0.6655240520833333 0.328197318359375 0.062989515625 0.276605544921875 0.039497697916666664 0.149067154296875 0.6471131536458333
0 0.203715357421875 0.6650836432291667 0.262503283203125 0.6871293880208333 0.39282727734375 0.11722983333333332 0.326785166015625 0.08633683593750001 0.203715357421875 0.6650836432291667
0 0.2707633828125 0.6918487890625 0.31744165234375 0.7109301328125 0.3233610703125 0.7112127604166667 0.457979544921875 0.127200953125 0.444825287109375 0.12150218229166666 0.426022435546875 0.11791993229166665 0.410778974609375 0.10675242708333334 0.40398448046875 0.10380887239583332 0.2707633828125 0.6918487890625
0 0.518044208984375 0.14751799479166666 0.462244771484375 0.12106239322916666 0.3290483515625 0.7159584609374999 0.360270369140625 0.7317664765625 0.375223666015625 0.7371037265624999 0.518044208984375 0.14751799479166666
0 0.5755940859375 0.17815466145833334 0.522131146484375 0.15271129427083333 0.379847001953125 0.7356839479166667 0.397914759765625 0.7457931979166667 0.428343654296875 0.7578348828125 0.5755940859375 0.17815466145833334
0 0.435056193359375 0.7618838411458334 0.49022669921875 0.7812215130208333 0.640823728515625 0.20185021614583332 0.58608025390625 0.1747111770833333 0.435056193359375 0.7618838411458334
0 0.497171375 0.7808074010416667 0.52036542578125 0.7874329453125001 0.67870025390625 0.21141386458333333 0.654924669921875 0.19769092968750002 0.497171375 0.7808074010416667
0 0.52374284765625 0.7774870364583334 0.5441319453125 0.7886019505208334 0.699468373046875 0.22839752604166666 0.678453908203125 0.21701169010416665 0.52374284765625 0.7774870364583334
0 0.54825232421875 0.7892460963541666 0.587966576171875 0.8053104427083334 0.752510986328125 0.23540424739583332 0.709411447265625 0.21216875520833334 0.54825232421875 0.7892460963541666
0 0.591564654296875 0.80458740625 0.630505125 0.82031653125 0.796113482421875 0.2565758125 0.756546916015625 0.23715271875 0.591564654296875 0.80458740625
0 0.63772062109375 0.8223015651041666 0.669697076171875 0.8350136953125 0.83186210546875 0.2994448828125 0.795726587890625 0.2792263880208333 0.63772062109375 0.8223015651041666
0 0.70633555078125 0.8531682630208333 0.721037369140625 0.8595374765625 0.901173439453125 0.31692236979166666 0.85360347265625 0.2883274427083333 0.6805106484375 0.8362756901041667 0.686197931640625 0.8410213880208333 0.70633555078125 0.8531682630208333
0 0.73724805859375 0.8597149140624999 0.755799431640625 0.8643291276041666 0.934871556640625 0.3155485416666667 0.91908098828125 0.30756674739583334 0.73724805859375 0.8597149140624999
0 0.763014927734375 0.8663141640625001 0.783133205078125 0.8750299296874999 0.962727630859375 0.32761652604166663 0.941526169921875 0.31729058854166664 0.763014927734375 0.8663141640625001
0 0.786479802734375 0.8753388541666666 0.808919419921875 0.8850602838541667 0.9911060078125 0.3410516953125 0.9678412109375 0.3286909557291667 0.786479802734375 0.8753388541666666
0 1 0.3440398046875 0.997000658203125 0.34246450260416667 0.8148388359375 0.8853429114583333 0.83805223046875 0.8953995651041667 1 0.4195624010416667 1 0.3440398046875
0 1 0.42091726822916664 0.838826009765625 0.8957347864583333 0.851457966796875 0.9000663723958334 1 0.4709223307291666 1 0.42091726822916664
0 1 0.47514535937499996 0.85555900390625 0.8972794088541667 0.870512296875 0.9026166614583334 1 0.524259109375 1 0.47514535937499996