0 0.567765751953125 1 0.568289001953125 0.9981240078125001 0.25048140234375 0.8461475598958333 0.242203904296875 0.8925101536458334 0.475092330078125 1 0.567765751953125 1
0 0.261704849609375 0.778213484375 0.25298228125 0.8266455989583333 0.569869328125 0.9750293489583334 0.5780468828125 0.9488144010416667 0.581077001953125 0.9307881067708333 0.261704849609375 0.778213484375
0 0.269001140625 0.7324768125 0.262633439453125 0.7738956458333334 0.5824225546875 0.9245314401041668 0.588472279296875 0.9042740703125 0.592733193359375 0.8844613098958334 0.269001140625 0.7324768125
0 0.600008458984375 0.8703150833333333 0.603596595703125 0.8536306484375 0.60271007421875 0.8420065364583333 0.209240630859375 0.667873609375 0.2038689375 0.6771050364583333 0.201316080078125 0.7007852760416666 0.595528541015625 0.8832730104166666 0.600008458984375 0.8703150833333333
0 0.21586940234375 0.61736765625 0.2084688671875 0.6517793020833333 0.604947404296875 0.8394763723958333 0.611664650390625 0.8239882838541667 0.61659833984375 0.8010471875 0.21586940234375 0.61736765625
0 0.62915156640625 0.7505492838541666 0.631847927734375 0.7301383489583334 0.230670470703125 0.5485443697916667 0.220952046875 0.5976705208333334 0.618397666015625 0.7848073619791666 0.622429064453125 0.773934984375 0.62915156640625 0.7505492838541666
0 0.647426017578125 0.6695117578124999 0.648552568359375 0.6564002630208333 0.245247283203125 0.4807638619791667 0.23485953125 0.5330023072916666 0.63375675390625 0.7173259375000001 0.64181955078125 0.6955811848958334 0.647426017578125 0.6695117578124999
0 0.653163009765625 0.6152793046875 0.656406875 0.612005453125 0.66997189453125 0.5528662447916667 0.66975289453125 0.5460114114583333 0.310693111328125 0.4008334791666666 0.3061036953125 0.41036399218749997 0.29433274609375 0.4611609817708333 0.294041025390625 0.46645402864583335 0.653163009765625 0.6152793046875
0 0.670649927734375 0.5418403046875 0.6875735703125 0.47495705208333333 0.322923091796875 0.3321557109375 0.30929439453125 0.39552759895833334 0.670649927734375 0.5418403046875
0 0.69093219140625 0.4672130078125 0.6974251796875 0.45276769270833334 0.7020198515625 0.43533957031250003 0.70146708984375 0.4261000963541666 0.329551865234375 0.2816497604166667 0.327309279296875 0.29207753124999997 0.323048365234375 0.3118902942708333 0.3229832109375 0.32400300260416665 0.69093219140625 0.4672130078125
0 0.703594919921875 0.42014251822916665 0.708080091796875 0.3992869765625 0.713457041015625 0.3821579375 0.7170451796875 0.3654735052083333 0.34636075 0.21923670052083333 0.33469930078125 0.273461109375 0.703704419921875 0.42356993489583333 0.703594919921875 0.42014251822916665
0 0.38123995703125 0.2145156953125 0.37805159375 0.22540464583333333 0.714140333984375 0.3632343828125 0.71626816015625 0.3572768098958334 0.71627341796875 0.34937919791666666 0.38123995703125 0.2145156953125
0 0.7187593671875 0.34569298177083335 0.73220962890625 0.29102396875 0.35660727734375 0.1440354296875 0.344612068359375 0.19587519791666666 0.7187593671875 0.34569298177083335
0 0.367267447265625 0.08265710416666668 0.356164017578125 0.13822337239583335 0.7336699375 0.28029711458333334 0.741513732421875 0.2516975260416667 0.7479024765625 0.22592718489583333 0.367267447265625 0.08265710416666668
0 0.752497150390625 0.2084990598958333 0.764940875 0.15457373958333334 0.385197625 0.015030158854166668 0.37447744921875 0.0648777578125 0.752497150390625 0.2084990598958333
0 0.431027263671875 0 0.42475998046875 0.027898888020833332 0.759131177734375 0.1500955 0.76775725 0.12179499739583333 0.774709267578125 0.08946890885416665 0.775476734375 0.08517252604166665 0.552702814453125 0 0.431027263671875 0