0 0.494805232421875 0.8430615078125 0.4910510078125 0.8441137864583333 0.488501927734375 0.8453508385416666 0.496641916015625 0.8751700833333333 0.6943259765625 0.7300732942708333 0.68574700390625 0.7049909765625001 0.494805232421875 0.8430615078125
0 0.693996119140625 0.6971396223958334 0.685417146484375 0.6720573046874999 0.482841673828125 0.811925484375 0.492880158203125 0.8423544375 0.693996119140625 0.6971396223958334
0 0.70298173828125 0.6581459661458333 0.6957948125 0.6423931822916666 0.47162155859375 0.7919730078125 0.47978277734375 0.8134099479166667 0.70298173828125 0.6581459661458333
0 0.4741623046875 0.7399449427083334 0.48454969140625 0.7695370026041667 0.682259244140625 0.6351087109375 0.674236814453125 0.612065171875 0.672475126953125 0.6098416171875 0.4741623046875 0.7399449427083334
0 0.66268962109375 0.576109359375 0.465488494140625 0.7018250755208334 0.465999697265625 0.7100428333333334 0.4734340859375 0.7309321848958333 0.674698515625 0.6010664010416666 0.66843916015625 0.5887115859375 0.66268962109375 0.576109359375
0 0.6632447734375 0.56968296875 0.653692892578125 0.5473816640625 0.4308154609375 0.6847883046875 0.438931341796875 0.7124042239583334 0.6632447734375 0.56968296875
0 0.48980837109375 0.6153694505208334 0.418435537109375 0.658472078125 0.427061234375 0.6858405833333333 0.64789940625 0.5494235859375 0.6428451953125 0.5372535442708334 0.539771712890625 0.5995884010416667 0.536388517578125 0.6019998671875 0.5284169765625 0.6066380260416667 0.5158103671875 0.6112166901041667 0.507235560546875 0.6115298802083333 0.49940280859375 0.6145614401041667 0.48980837109375 0.6153694505208334
0 0.71880637109375 0.49192422135416664 0.711803572265625 0.46838586458333337 0.529616568359375 0.5729621223958333 0.537509716796875 0.5997620989583333 0.71880637109375 0.49192422135416664
0 0.7041040546875 0.4359501536458333 0.52098948046875 0.5371284453125 0.522196015625 0.5457783854166667 0.5245142421875 0.5500407213541666 0.52669368359375 0.5559096510416667 0.528410033203125 0.5643121796875 0.712126484375 0.45899369270833335 0.7041040546875 0.4359501536458333
0 0.63138312109375 0.45507909635416666 0.62799853515625 0.4490253932291666 0.4235637578125 0.5567021354166667 0.43237496875 0.5847502369791667 0.636855083984375 0.47089451822916667 0.635370974609375 0.46545777083333334 0.63138312109375 0.45507909635416666
0 0.626650435546875 0.4250517109375 0.623961177734375 0.4194301927083333 0.415307697265625 0.5222276458333334 0.424675451171875 0.5523145260416666 0.63254015234375 0.4445125104166667 0.628691087890625 0.43252723958333333 0.626650435546875 0.4250517109375
0 0.622338279296875 0.4156000416666667 0.612507435546875 0.38804676041666664 0.380262248046875 0.4953665208333333 0.39106888671875 0.5307244817708333 0.622338279296875 0.4156000416666667
0 0.613062587890625 0.3816203697916667 0.60337053125 0.35246049218750003 0.370197775390625 0.45638228645833334 0.378868931640625 0.4881473567708334 0.613062587890625 0.3816203697916667
0 0.604064474609375 0.34442750781250003 0.595717740234375 0.32231097395833336 0.36022675390625 0.4219704348958333 0.36792101953125 0.44804184114583334 0.604064474609375 0.34442750781250003
0 0.35093619921875 0.3879363125 0.35242030859375 0.39337305729166666 0.356454888671875 0.40603792187500004 0.35974741015625 0.4159844140625 0.59542391015625 0.317004546875 0.58772578125 0.29303400520833334 0.35093619921875 0.3879363125
0 0.57919214453125 0.2617727083333333 0.3407329375 0.35055867447916667 0.340779662109375 0.35284486197916665 0.343376857421875 0.36235917187500005 0.34597405078125 0.3718734791666667 0.34973635546875 0.3814258984375 0.58744681640625 0.28778203125 0.57919214453125 0.2617727083333333
0 0.577801484375 0.26090834375 0.568851484375 0.23446683854166664 0.329093681640625 0.31849565104166666 0.337028453125 0.34756312760416663 0.577801484375 0.26090834375
0 0.56704168359375 0.22149192447916666 0.565881875 0.21512817447916666 0.5624972890625 0.20907447135416668 0.558602888671875 0.2032681796875 0.317267521484375 0.27728786197916666 0.32594184375 0.30906453385416666 0.566810833984375 0.22699130989583335 0.56704168359375 0.22149192447916666
0 0.5601309453125 0.19406077864583335 0.557301513671875 0.1815806875 0.555307587890625 0.1763913515625 0.551274396484375 0.17219165625 0.306739958984375 0.2408372291666667 0.3157361640625 0.27167803385416667 0.5574898046875 0.1991906171875 0.5601309453125 0.19406077864583335