0 0.182451013671875 0.8643377317708333 0.206621484375 0.8598084817708332 0.091964720703125 0.48135119531250004 0.0614070078125 0.4870773385416667 0.182451013671875 0.8643377317708333
0 0.208346109375 0.8605810390625 0.231597638671875 0.8551282552083334 0.121661708984375 0.4746906119791667 0.093755556640625 0.4821113489583333 0.208346109375 0.8605810390625
0 0.235273404296875 0.8588223932291666 0.268759421875 0.8569304557291666 0.1612920078125 0.4453497161458333 0.118817359375 0.4555004140625 0.235273404296875 0.8588223932291666
0 0.27209541015625 0.8574010651041667 0.309609837890625 0.85475425 0.204912115234375 0.43827157552083335 0.16321388671875 0.447181046875 0.27209541015625 0.8574010651041667
0 0.314683318359375 0.8483248776041666 0.353582591796875 0.8432270963541666 0.25694169140625 0.4252346692708333 0.2136446875 0.43444373177083334 0.314683318359375 0.8483248776041666
0 0.35946175390625 0.8366467473958333 0.400551556640625 0.8289470208333333 0.316109154296875 0.4097644765625 0.270296029296875 0.418349296875 0.35946175390625 0.8366467473958333
0 0.41573339453125 0.8326765286458334 0.448073951171875 0.8277120364583334 0.3689186796875 0.4119216822916667 0.33048454296875 0.42021949999999997 0.41573339453125 0.8326765286458334
0 0.45153606640625 0.8215846119791667 0.482957677734375 0.8156965859374999 0.409555443359375 0.39992391666666666 0.371131498046875 0.408219828125 0.45153606640625 0.8215846119791667
0 0.51794180078125 0.8124281875 0.525079681640625 0.8099949036458334 0.455770193359375 0.35510464583333334 0.406882169921875 0.3653613984375 0.48629366796875 0.8161671953125 0.508852775390625 0.8119398958333334 0.51794180078125 0.8124281875
0 0.4951714296875 0.39374212239583334 0.4733391484375 0.403311890625 0.577675556640625 0.8023305468749999 0.58561912109375 0.7997462864583333 0.59333616796875 0.7950130052083333 0.4951714296875 0.39374212239583334
0 0.603205142578125 0.8106954114583332 0.61967143359375 0.8032268958333333 0.52359683203125 0.39060701562500005 0.50505326953125 0.401751984375 0.603205142578125 0.8106954114583332
0 0.625537728515625 0.8043190911458334 0.64303622265625 0.7988486197916668 0.554791927734375 0.38256997135416665 0.532333212890625 0.39554432291666664 0.625537728515625 0.8043190911458334
0 0.6493555546875 0.8042388515625 0.670882462890625 0.7980135078125 0.58745939453125 0.38850154947916665 0.562130595703125 0.3976307890625 0.6493555546875 0.8042388515625
0 0.67353889453125 0.7920370598958333 0.69656390625 0.7844352552083333 0.615444625 0.37339586197916663 0.589725966796875 0.38478962239583336 0.67353889453125 0.7920370598958333
0 0.72086050390625 0.7733079713541667 0.64585976953125 0.3501647083333333 0.63675787890625 0.3573489557291667 0.621789693359375 0.3634410104166667 0.699446857421875 0.7806078255208333 0.71486808203125 0.7788138072916667 0.72086050390625 0.7733079713541667
0 0.7390385546875 0.7742845572916667 0.744338552734375 0.7700042031250001 0.678627630859375 0.3648433385416667 0.65672744921875 0.37333009635416664 0.71958891796875 0.7768334505208333 0.725341953125 0.7768511328125 0.7390385546875 0.7742845572916667
0 0.748341232421875 0.7845944140625 0.784823458984375 0.7799495572916667 0.76716516796875 0.3318164895833333 0.7246872734375 0.33977632812499997 0.748341232421875 0.7845944140625
0 0.7914954375 0.7808907734375 0.82958902734375 0.77594396875 0.8212591484375 0.322775671875 0.7796005234375 0.33058198958333335 0.7914954375 0.7808907734375