0 0.374991609375 0 0.373413740234375 0.0105370625 0.36857728515625 0.05125196354166667 0.820081939453125 0.17625508593749997 0.821776646484375 0.16892471614583335 0.829406275390625 0.12550470833333333 0.835703091796875 0.08636851562499999 0.537948349609375 0.0017813411458333331 0.529513140625 0 0.374991609375 0
0 0.368195458984375 0.05446629687499999 0.355260408203125 0.149485390625 0.8049029453125 0.276291921875 0.819462734375 0.18840400520833334 0.368195458984375 0.05446629687499999
0 0.342801203125 0.21275361979166665 0.337797341796875 0.24794155208333335 0.81803063671875 0.3669300234375 0.831442142578125 0.28870876041666665 0.35089980078125 0.15844942447916668 0.34776493359375 0.17096727604166664 0.342801203125 0.21275361979166665
0 0.3348298828125 0.2659863697916667 0.325873611328125 0.35525576302083334 0.804124396484375 0.4562524088541667 0.816180296875 0.37557056250000004 0.3348298828125 0.2659863697916667
0 0.32070922265625 0.3640500572916667 0.31247646875 0.44029237239583335 0.839336048828125 0.5482592161458334 0.851724015625 0.478654421875 0.32070922265625 0.3640500572916667
0 0.311163587890625 0.44440840885416666 0.301745228515625 0.5236953177083333 0.82737906640625 0.62810834375 0.83841171484375 0.5560405755208333 0.311163587890625 0.44440840885416666
0 0.29707718359375 0.5283111875000001 0.289909646484375 0.5817136770833333 0.77171725390625 0.673576546875 0.78021487890625 0.6228494479166666 0.29707718359375 0.5283111875000001
0 0.28978237109375 0.582785125 0.283164064453125 0.6385002473958333 0.7621383671875 0.7264698125 0.769576017578125 0.6777296770833333 0.28978237109375 0.582785125
0 0.27825422265625 0.6451516510416667 0.269130546875 0.7288940781250001 0.80140906640625 0.8259237421875 0.812180439453125 0.7491192109374999 0.27825422265625 0.6451516510416667
0 0.79000131640625 0.9080855 0.799459806640625 0.8353970026041666 0.26621009765625 0.7326706302083333 0.25920996484375 0.7916000911458334 0.255478853515625 0.8160735755208334 0.79000131640625 0.9080855
0 0.257213697265625 0.8153416145833333 0.250173431640625 0.8676726640625 0.707572873046875 0.9499877421875 0.715258380859375 0.8991610546875001 0.257213697265625 0.8153416145833333
0 0.69756594921875 1 0.70295771484375 0.9610946640625001 0.703011955078125 0.9537018020833333 0.253388564453125 0.8683516328124999 0.2496173203125 0.8862267083333334 0.245544515625 0.9205129375 0.68229291015625 1 0.69756594921875 1