0 0.217373439453125 0.9800483932291667 0.25007464453125 0.9699821692708334 0.164447671875 0.4935447578125 0.1327983046875 0.5024519921875 0.217373439453125 0.9800483932291667
0 0.253779345703125 0.9696769817708333 0.28574868359375 0.9590008333333334 0.208582953125 0.4807940572916667 0.175184185546875 0.4902397994791667 0.253779345703125 0.9696769817708333
0 0.289178791015625 0.9571097552083333 0.318587189453125 0.9497275546875 0.252443638671875 0.46645746614583333 0.222623548828125 0.47480160416666667 0.289178791015625 0.9571097552083333
0 0.323800994140625 0.9472874114583334 0.354261228515625 0.93874621875 0.290358650390625 0.45395109635416664 0.259220865234375 0.4618656458333333 0.323800994140625 0.9472874114583334
0 0.306955224609375 0.39789455468749996 0.2955211484375 0.40057903385416666 0.286665408203125 0.4033050442708333 0.3550838359375 0.9326465416666667 0.355175765625 0.9367942864583334 0.360938767578125 0.9375259192708333 0.37237284765625 0.9348414401041666 0.387099732421875 0.9294729401041667 0.397070078125 0.9255686171874999 0.32744511328125 0.3932576875 0.316011037109375 0.3959421640625 0.306955224609375 0.39789455468749996
0 0.37555969921875 0.3817876848958333 0.335248677734375 0.39085555989583337 0.39935641796875 0.9206887838541666 0.402283884765625 0.9231284739583333 0.437455287109375 0.91647790625 0.37555969921875 0.3817876848958333
0 0.4412984765625 0.9278230052083334 0.449577048828125 0.9286154921875 0.457306423828125 0.9262362031250001 0.467414068359375 0.9231248255208334 0.405104208984375 0.3643410833333333 0.375505265625 0.37011152343750003 0.43997204296875 0.9273961041666667 0.4412984765625 0.9278230052083334
0 0.472215978515625 0.9183058463541666 0.481409087890625 0.9171464010416667 0.49105946484375 0.9150109895833333 0.499383408203125 0.9124486796875 0.440778248046875 0.35335975000000003 0.41251448046875 0.35955439843750003 0.469288513671875 0.9158661588541667 0.472215978515625 0.9183058463541666
0 0.502353869140625 0.8898188802083333 0.508436841796875 0.8887816015625 0.519550951171875 0.8878660338541667 0.530115865234375 0.8837786901041667 0.47416594921875 0.3472582473958334 0.46643657421875 0.34963753645833334 0.4594844375 0.34927194791666666 0.448746173828125 0.3517422369791667 0.502353869140625 0.8898188802083333
0 0.532584873046875 0.876337 0.5635943046875 0.8709675885416667 0.51308742578125 0.33694769010416664 0.48040301171875 0.342832703125 0.532584873046875 0.876337
0 0.566795181640625 0.8641358229166666 0.599588314453125 0.8582173411458333 0.5510024375 0.3244413203125 0.518601642578125 0.3319094453125 0.566795181640625 0.8641358229166666
0 0.58836825 0.3087631744791667 0.5538722421875 0.3185466744791667 0.60489286328125 0.8490675963541667 0.62341637890625 0.8475416510416666 0.641527998046875 0.8436368723958334 0.58836825 0.3087631744791667
0 0.645872638671875 0.8397938619791666 0.6828277421875 0.8325942265625 0.630765201171875 0.2932067395833333 0.5955484296875 0.303212109375 0.645872638671875 0.8397938619791666
0 0.70519326171875 0.8315560364583333 0.74009006640625 0.823319578125 0.67183571875 0.27722340625 0.636765017578125 0.2871838098958333 0.70519326171875 0.8315560364583333