0 0.315253740234375 0.9877766510416667 0.47346353515625 0.9988318828125 0.800176267578125 0.9913739739583334 0.79956058203125 0.9391690729166666 0.318330458984375 0.9434780911458334 0.315253740234375 0.9877766510416667
0 0.797272001953125 0.9295252057291666 0.7985228515625 0.8750797421875 0.32312450390625 0.8667557213541667 0.31800132421875 0.9292290885416666 0.797272001953125 0.9295252057291666
0 0.396199912109375 0.7948047265625 0.3923352578125 0.8478820078124999 0.771205658203125 0.8535715520833334 0.77461490625 0.8046502552083333 0.396199912109375 0.7948047265625
0 0.7781620390625 0.8048981197916666 0.78170140625 0.7600966041666667 0.39896424609375 0.7454165989583333 0.396292849609375 0.792440234375 0.7781620390625 0.8048981197916666
0 0.408645763671875 0.7043911197916667 0.405431677734375 0.7409169505208334 0.787114955078125 0.7581038984375 0.78991862109375 0.7257960026041667 0.408645763671875 0.7043911197916667
0 0.79028257421875 0.7227602734374999 0.793357251953125 0.6897812213541666 0.411205427734375 0.6618920494791667 0.409671939453125 0.7009063046875 0.79028257421875 0.7227602734374999
0 0.803251140625 0.6869160572916666 0.80799871484375 0.6113759713541667 0.375157685546875 0.56097696875 0.36645860546875 0.6518742838541667 0.803251140625 0.6869160572916666
0 0.379715564453125 0.46764110416666665 0.373755908203125 0.5513949088541666 0.80858047265625 0.5993207552083334 0.813303916015625 0.5216490078125 0.379715564453125 0.46764110416666665
0 0.8116233203125 0.5191605052083333 0.81385384765625 0.46241251302083336 0.382378490234375 0.3961242786458334 0.377380515625 0.45917944270833333 0.8116233203125 0.5191605052083333
0 0.38501306640625 0.33286460677083335 0.379049560546875 0.3940937239583333 0.81670005859375 0.45786942187499996 0.819223654296875 0.4031800625 0.38501306640625 0.33286460677083335
0 0.8225706015625 0.39900471875000004 0.823918212890625 0.3647194505208333 0.38277077734375 0.28662659114583333 0.380811541015625 0.3266435885416667 0.8225706015625 0.39900471875000004
0 0.3857914609375 0.2451922291666667 0.383464146484375 0.2817799453125 0.822237611328125 0.3622311067708333 0.826140001953125 0.3267350104166667 0.3857914609375 0.2451922291666667
0 0.38662791015625 0.22391171354166664 0.385977337890625 0.2404632421875 0.826338498046875 0.3257671640625 0.826957751953125 0.3059302291666667 0.38662791015625 0.22391171354166664
0 0.823488404296875 0.30778556510416666 0.819472814453125 0.2968355651041667 0.38783889453125 0.20744465104166665 0.3867208515625 0.221547140625 0.823488404296875 0.30778556510416666
0 0.390813998046875 0.14003397916666668 0.38876934765625 0.19205298177083333 0.827078123046875 0.28432652864583335 0.828691322265625 0.23694624218750002 0.390813998046875 0.14003397916666668
0 0.822994732421875 0.18460915885416665 0.393137466796875 0.0809214140625 0.389266935546875 0.13414819270833334 0.824543623046875 0.23569381770833334 0.822994732421875 0.18460915885416665
0 0.827852701171875 0.17412930989583333 0.8253705390625 0.12416504947916666 0.396378298828125 0.015068565104166667 0.393509220703125 0.07146344010416666 0.827852701171875 0.17412930989583333
0 0.398096587890625 0 0.3977921328125 0.0077458229166666665 0.8326505625 0.11993178125 0.84006234765625 0.06710236458333334 0.616225494140625 0.0074353203125 0.50981971484375 0 0.398096587890625 0
0 0.660952884765625 0.010560736979166666 0.82806576171875 0.055594515625 0.828607037109375 0.04005594791666667 0.738102208984375 0.015951703125 0.660952884765625 0.010560736979166666