0 0.200135427734375 0.9422945338541666 0.220050615234375 0.9346804140625 0.12190021875 0.5606136744791667 0.103815431640625 0.5695808046875 0.200135427734375 0.9422945338541666
0 0.14039289453125 0.553543421875 0.122308154296875 0.5625105364583333 0.2213738046875 0.9372537942708333 0.2408810546875 0.9277428177083333 0.14039289453125 0.553543421875
0 0.141454115234375 0.47615657031249997 0.1217428984375 0.48471911458333333 0.244641314453125 0.927331546875 0.262448802734375 0.9190149166666667 0.141454115234375 0.47615657031249997
0 0.26364126171875 0.9190409713541667 0.2819300078125 0.9110222421874999 0.162587890625 0.46705014322916666 0.14186205078125 0.47805342708333337 0.26364126171875 0.9190409713541667
0 0.28629687109375 0.9062734713541666 0.306008130859375 0.8977108723958334 0.1826965 0.4460186875 0.161358806640625 0.4541766666666667 0.28629687109375 0.9062734713541666
0 0.322576267578125 0.8995877890625 0.330058251953125 0.8909083932291666 0.206371953125 0.43799332812499997 0.182492533203125 0.44507025781250004 0.30916171875 0.9016372630208332 0.322576267578125 0.8995877890625
0 0.23721192578125 0.35948540104166665 0.194740455078125 0.37674980989583334 0.33558286328125 0.8956413880208333 0.373980732421875 0.8786308203125 0.23721192578125 0.35948540104166665
0 0.37744770703125 0.8827145911458333 0.416870140625 0.8655895026041667 0.28316374609375 0.34218127604166665 0.23904237109375 0.3608383958333334 0.37744770703125 0.8827145911458333
0 0.420018501953125 0.8623329739583333 0.44897605078125 0.8502352682291666 0.328383802734375 0.36465810937500004 0.297292458984375 0.3775715859375 0.420018501953125 0.8623329739583333
0 0.452432984375 0.851992859375 0.48240515234375 0.8374544140625 0.36445390234375 0.3498410859375 0.332855302734375 0.36397494270833336 0.452432984375 0.851992859375
0 0.486170640625 0.8442260625000001 0.523867271484375 0.8298136145833334 0.396235439453125 0.30792413020833337 0.380483185546875 0.30984098177083336 0.359961365234375 0.3217926953125 0.486170640625 0.8442260625000001
0 0.526408994140625 0.8308946666666667 0.561971837890625 0.8172980260416667 0.44565864453125 0.2868278411458333 0.3977573203125 0.30426302083333334 0.526408994140625 0.8308946666666667
0 0.56543408984375 0.8262384973958333 0.596018076171875 0.8145454088541667 0.468636953125 0.21865816927083334 0.43477658203125 0.23229089843749998 0.56543408984375 0.8262384973958333
0 0.503692484375 0.2062818984375 0.47168594140625 0.21851886979166668 0.59703269921875 0.8121046666666666 0.62767401171875 0.7985689427083332 0.503692484375 0.2062818984375
0 0.626486966796875 0.78442084375 0.6457902890625 0.7739613906249999 0.55562028515625 0.333205796875 0.53336729296875 0.3406873072916667 0.626486966796875 0.78442084375
0 0.576754009765625 0.32409938541666666 0.55541631640625 0.3322573671875 0.648128052734375 0.774094046875 0.666103615234375 0.7646867083333334 0.576754009765625 0.32409938541666666
0 0.6926391640625 0.7663139765625 0.707794244140625 0.757777625 0.6051410390625 0.22702741145833336 0.567648427734375 0.24238828645833332 0.672112115234375 0.7710827552083334 0.6926391640625 0.7663139765625
0 0.714384794921875 0.7600528541666667 0.735215236328125 0.7531152578125 0.75025098046875 0.7442874140625001 0.6487317265625 0.21138793749999998 0.610119845703125 0.22512387760416666 0.714384794921875 0.7600528541666667
0 0.756045662109375 0.7461775963541667 0.792827052734375 0.7310886953125001 0.692973087890625 0.19678799739583333 0.676062849609375 0.1988856640625 0.666717140625 0.20553803385416666 0.65391450390625 0.21043283072916666 0.756045662109375 0.7461775963541667
0 0.796890654296875 0.7285086223958334 0.830419076171875 0.7126105286458334 0.735808357421875 0.17604333333333333 0.699898595703125 0.18962499739583336 0.796890654296875 0.7285086223958334
0 0.780110275390625 0.16013191666666668 0.744751453125 0.174676984375 0.838100818359375 0.7102154765625 0.87146804296875 0.6958900104166666 0.780110275390625 0.16013191666666668
0 0.875228255859375 0.6954787604166667 0.89727727734375 0.6870488203125 0.80713278515625 0.14261557552083334 0.781527513671875 0.15240516666666667 0.875228255859375 0.6954787604166667
0 0.833245322265625 0.1316056328125 0.808858638671875 0.1399029140625 0.902867998046875 0.6879906015625 0.925940130859375 0.6777609140625 0.833245322265625 0.1316056328125
0 0.92765730078125 0.6744073307291667 0.948995091796875 0.6662493125 0.859028783203125 0.11862602864583333 0.836393732421875 0.1283490859375 0.92765730078125 0.6744073307291667