0 0.65174893359375 1 0.653240669921875 0.9906425833333333 0.4593572265625 0.9996517786458333 0.460585916015625 1 0.65174893359375 1
0 0.352309990234375 0.9693136562500001 0.453595390625 0.9980188255208334 0.654375001953125 0.9887459921875 0.658484537109375 0.9577486406250001 0.352763400390625 0.9653726119791667 0.352309990234375 0.9693136562500001
0 0.66234523828125 0.9544066562500001 0.67246475 0.9118041588541667 0.34563919140625 0.9056837031249999 0.338265908203125 0.9623729322916666 0.66234523828125 0.9544066562500001
0 0.6739373984375 0.9077853802083333 0.684902693359375 0.85987740625 0.355569689453125 0.8486101796875 0.3475871796875 0.9039020885416668 0.6739373984375 0.9077853802083333
0 0.682106701171875 0.85132175 0.6918182734375 0.800840390625 0.36417683984375 0.7789622135416666 0.35585866015625 0.8363597343750001 0.682106701171875 0.85132175
0 0.6891914375 0.7912236380208334 0.6978184453125 0.7371077994791667 0.373510384765625 0.6995387942708334 0.36389169140625 0.7598753151041667 0.6891914375 0.7912236380208334
0 0.7056393828125 0.7193616822916667 0.713201681640625 0.6771434869791667 0.393092638671875 0.6341103072916666 0.385795439453125 0.6851033619791668 0.7056393828125 0.7193616822916667
0 0.710067373046875 0.6707100182291666 0.71666449609375 0.6293273177083333 0.398535572265625 0.5790920729166666 0.391240513671875 0.6300717057291666 0.710067373046875 0.6707100182291666
0 0.7263263046875 0.58437703125 0.72705269921875 0.574601578125 0.382754693359375 0.5058594322916666 0.373262650390625 0.5706204036458333 0.71813714453125 0.6253085364583334 0.722873541015625 0.5955978776041667 0.7263263046875 0.58437703125
0 0.423461224609375 0.4697074947916667 0.422738625 0.5003347265625 0.739639943359375 0.5060816067708334 0.7405354921875 0.49524505989583334 0.7398390078125 0.4839573125 0.423461224609375 0.4697074947916667
0 0.754266875 0.47695594270833336 0.75463509765625 0.4537705546875 0.430973755859375 0.4330203723958333 0.432486119140625 0.46006583854166666 0.754266875 0.47695594270833336
0 0.757411234375 0.44679408854166663 0.759540650390625 0.42299880208333335 0.43597884375 0.3911864713541667 0.4374414375 0.42376301302083336 0.757411234375 0.44679408854166663
0 0.765500861328125 0.41692473177083333 0.768476064453125 0.3878239713541667 0.451332169921875 0.3522853541666667 0.449103220703125 0.3871427864583334 0.765500861328125 0.41692473177083333
0 0.765172599609375 0.3824515989583333 0.76769009765625 0.35100304947916666 0.45025765625 0.3120555520833333 0.44949133203125 0.3481759583333333 0.765172599609375 0.3824515989583333
0 0.768157853515625 0.31675551822916664 0.444287640625 0.2660021796875 0.446237849609375 0.27986330989583336 0.445411921875 0.30070090625 0.765978669921875 0.34608187500000004 0.769988671875 0.3261466692708333 0.768157853515625 0.31675551822916664
0 0.775063380859375 0.2943138229166667 0.77385942578125 0.28620936197916663 0.465839958984375 0.22996694531249998 0.464330865234375 0.2603088385416667 0.770207595703125 0.3195545026041667 0.772187712890625 0.3123524375 0.775063380859375 0.2943138229166667
0 0.78551115625 0.28618445833333334 0.794715259765625 0.23888638541666665 0.472845265625 0.1077403359375 0.463926822265625 0.1636843125 0.78551115625 0.28618445833333334
0 0.797660552734375 0.23084882291666667 0.80720296875 0.1814285598958333 0.4849748046875 0.03687257552083333 0.47622837109375 0.0917375625 0.797660552734375 0.23084882291666667