0 0.57817117578125 1 0.22150380078125 0.83944328125 0.209005125 0.8865291848958333 0.206350125 0.9031421770833333 0.443955875 1 0.57817117578125 1
0 0.27081766796875 0.817364640625 0.272870609375 0.8195452890625 0.67158941015625 0.9956917838541667 0.677730119140625 0.9800451171875001 0.680217484375 0.9617748333333332 0.681515484375 0.9486915494791667 0.280224080078125 0.7726307239583333 0.275164109375 0.7909866770833333 0.272612123046875 0.805827515625 0.27081766796875 0.817364640625
0 0.315009916015625 0.7471080130208333 0.3119821796875 0.7640236510416667 0.30798489453125 0.7814563567708334 0.306143966796875 0.7820623619791666 0.688995416015625 0.9494719453124999 0.692087775390625 0.9359857473958333 0.69619625 0.9217793932291666 0.70084509375 0.9089276822916666 0.703634955078125 0.8930494427083334 0.32048101171875 0.7232478203125 0.318102275390625 0.7336218151041667 0.315009916015625 0.7471080130208333
0 0.30820516015625 0.6728690078125 0.30594251171875 0.6864479973958333 0.305415298828125 0.6887472473958334 0.697303166015625 0.8575717083333334 0.701109146484375 0.8409733125000001 0.30820516015625 0.6728690078125
0 0.716371505859375 0.8449261432291667 0.722274341796875 0.830316875 0.296510904296875 0.6533551796875 0.293470779296875 0.6666135807291667 0.716371505859375 0.8449261432291667
0 0.29331269921875 0.6339015911458333 0.296642931640625 0.6193779947916667 0.28311030859375 0.6115928098958333 0.277043390625 0.6417627369791666 0.7193992421875 0.8280105 0.72296734765625 0.8124495052083334 0.29331269921875 0.6339015911458333
0 0.296642931640625 0.6193779947916667 0.294620751953125 0.631908265625 0.294869185546875 0.634536078125 0.734338494140625 0.8148161145833334 0.741019572265625 0.8005240911458333 0.296642931640625 0.6193779947916667
0 0.27538276953125 0.608181 0.740479203125 0.7991694479166668 0.74863153125 0.7673272994791667 0.277859255859375 0.5788243619791666 0.274009267578125 0.6067484895833334 0.27538276953125 0.608181
0 0.7448440859375 0.7430209270833333 0.752887783203125 0.7190750651041666 0.29348665625 0.5329387369791666 0.289073822265625 0.5558949765625 0.7448440859375 0.7430209270833333
0 0.752823162109375 0.7156456223958334 0.76032648828125 0.6903451145833334 0.2970341484375 0.5026225677083334 0.29309883203125 0.5234962890625 0.752823162109375 0.7156456223958334
0 0.760672994140625 0.6814114270833334 0.778058388671875 0.6204364166666666 0.357807275390625 0.4491248697916667 0.34381841015625 0.5101322213541667 0.760672994140625 0.6814114270833334
0 0.353727291015625 0.44836189322916664 0.78266322265625 0.6189104348958333 0.801000111328125 0.5537858255208333 0.36507551171875 0.38402569270833337 0.353613564453125 0.445146609375 0.353727291015625 0.44836189322916664
0 0.2899146328125 0.2887281328125 0.28088466015625 0.33924288281250004 0.28113391796875 0.3418670963541666 0.81650034375 0.5567012526041667 0.8291722734375 0.5051485078125 0.2899146328125 0.2887281328125
0 0.830123767578125 0.50099890625 0.842255328125 0.44809151822916665 0.3013780546875 0.22760078385416668 0.29205549609375 0.2793915364583333 0.830123767578125 0.50099890625
0 0.8211383984375 0.4065797239583333 0.824101513671875 0.38623464062499996 0.397277953125 0.22131883333333333 0.38829688671875 0.26048649739583335 0.38823875390625 0.26074002343749997 0.812856828125 0.4315629869791667 0.8211383984375 0.4065797239583333
0 0.411153365234375 0.21647527083333332 0.41271356640625 0.22080481770833335 0.822653658203125 0.3777038671875 0.830156986328125 0.352403359375 0.831217111328125 0.3403574765625 0.419720533203125 0.18282394010416667 0.4169746796875 0.18737645052083332 0.415374185546875 0.19806769270833333 0.412930826171875 0.20501224739583335 0.411153365234375 0.21647527083333332
0 0.431528984375 0.11276933333333333 0.4222073125 0.16084495572916666 0.420889291015625 0.16288176822916667 0.842632265625 0.33139835677083335 0.8553041953125 0.27984561458333335 0.431528984375 0.11276933333333333