0 0.5390622578125 0 0.853597064453125 0.12416863541666667 0.858962970703125 0.10402588020833332 0.5460442109375 0 0.5390622578125 0
0 0.345562134765625 0 0.3411651328125 0.025369776041666667 0.772902150390625 0.18342940885416667 0.7890293046875 0.13306773697916666 0.444775927734375 0 0.345562134765625 0
0 0.76739097265625 0.2129015703125 0.771096560546875 0.19308517447916665 0.338018208984375 0.046683820312500006 0.331337654296875 0.10483550000000001 0.75576423046875 0.24816676041666666 0.76739097265625 0.2129015703125
0 0.3293647421875 0.10641565104166667 0.31972713671875 0.17141036458333334 0.730725388671875 0.30133346875 0.742502765625 0.2473219088541667 0.3293647421875 0.10641565104166667
0 0.7189087734375 0.35106966666666667 0.726545154296875 0.31023253385416666 0.31775422265625 0.172990515625 0.3083134453125 0.2369326510416667 0.71299698828125 0.36922854947916667 0.7189087734375 0.35106966666666667
0 0.308709419921875 0.23930030729166665 0.29867583984375 0.3019273645833333 0.685197921875 0.42818571614583334 0.698546232421875 0.3702584609375 0.308709419921875 0.23930030729166665
0 0.295913298828125 0.30324501302083334 0.2876558046875 0.3653445 0.669243287109375 0.4910804166666667 0.682785498046875 0.4321162473958333 0.295913298828125 0.30324501302083334
0 0.27719218359375 0.40784527604166665 0.273848431640625 0.4302118984375 0.693731744140625 0.5664427578125 0.7081117578125 0.5119686770833333 0.284277982421875 0.36995249479166664 0.28013996484375 0.3831109973958333 0.27719218359375 0.40784527604166665
0 0.27306112109375 0.4344222057291667 0.263615705078125 0.48941872395833336 0.680340505859375 0.6245995755208333 0.692917470703125 0.5707972630208333 0.27306112109375 0.4344222057291667
0 0.2604595078125 0.49284152343750004 0.254165658203125 0.5354696171875 0.6254856484375 0.6533201953125 0.63533398828125 0.6141097682291666 0.2604595078125 0.49284152343750004
0 0.255747232421875 0.5404674322916666 0.239998697265625 0.6202007942708333 0.65099694921875 0.7501238984374999 0.66730866015625 0.67634925 0.255747232421875 0.5404674322916666
0 0.644497 0.7759133255208334 0.647413517578125 0.7603166380208334 0.23881773046875 0.6265162604166666 0.225238935546875 0.7036168958333334 0.630906615234375 0.8306499088541667 0.644497 0.7759133255208334
0 0.6165126953125 0.8582871249999999 0.620015841796875 0.839553328125 0.226424537109375 0.7062470546875 0.21992922265625 0.7409820989583333 0.61158505078125 0.8711831197916666 0.6165126953125 0.8582871249999999
0 0.602526337890625 0.9106560494791666 0.60390644921875 0.9077608203124999 0.610017380859375 0.8930221718750001 0.6103625234375 0.8777208359375 0.219537884765625 0.7475600677083333 0.214422681640625 0.7793998828125001 0.602526337890625 0.9106560494791666
0 0.59228666015625 0.9564444453125001 0.596626142578125 0.9511789869791666 0.600761841796875 0.9335476770833333 0.60169783203125 0.9195718645833333 0.212452087890625 0.78545284375 0.2073368828125 0.8172926640624999 0.59228666015625 0.9564444453125001
0 0.21207697265625 0.8233404843750001 0.2099141875 0.8393916458333334 0.545316501953125 0.9654260286458333 0.55275995703125 0.9435614322916667 0.21207697265625 0.8233404843750001
0 0.54723846484375 1 0.549425791015625 0.9883028125000001 0.200649376953125 0.8620259088541666 0.195923193359375 0.8828149505208334 0.511742314453125 1 0.54723846484375 1