0 0.09839123046875 0.7336250416666666 0.141837095703125 0.741483203125 0.216230326171875 0.267565609375 0.196807232421875 0.2599125078125 0.185172712890625 0.25875334635416664 0.17691064453125 0.2574007395833333 0.09839123046875 0.7336250416666666
0 0.217129021484375 0.26994937239583333 0.21562159765625 0.27417587239583335 0.14445583203125 0.7434030156250001 0.156022734375 0.7452966640625 0.17475004296875 0.7483625625 0.18693536328125 0.7496119348958333 0.256303740234375 0.2756172291666667 0.21911962890625 0.26654752604166665 0.217129021484375 0.26994937239583333
0 0.280819384765625 0.2826129453125 0.266498490234375 0.2802684322916667 0.262439947265625 0.2818406328125 0.192713966796875 0.7475757864583333 0.20517952734375 0.7518531666666667 0.2239745078125 0.754184625 0.29443151171875 0.2893637421875 0.2884629765625 0.28460984375000004 0.280819384765625 0.2826129453125
0 0.31601288671875 0.29508448697916667 0.303895203125 0.2931006666666667 0.29377781640625 0.29368096875 0.22851619921875 0.7534370677083334 0.255370322265625 0.7593245182291667 0.31621614453125 0.3353773098958333 0.318970173828125 0.3358281796875 0.32393675390625 0.3001094609375 0.324955501953125 0.2984604765625 0.31601288671875 0.29508448697916667
0 0.25468423046875 0.7607032890625001 0.281605994140625 0.7658562447916667 0.341908 0.3414115833333333 0.316766927734375 0.3354674791666667 0.25468423046875 0.7607032890625001
0 0.283258380859375 0.7661267604166667 0.31183256640625 0.7715502890625 0.365354080078125 0.37394698177083335 0.33836447265625 0.36807959895833336 0.283258380859375 0.7661267604166667
0 0.314654232421875 0.7712666614583333 0.336000298828125 0.776252375 0.39171183984375 0.38154173697916666 0.366668109375 0.376441015625 0.314654232421875 0.7712666614583333
0 0.336145259765625 0.7807494270833333 0.37077829296875 0.7871648151041667 0.433574279296875 0.28754577864583336 0.418346216796875 0.28276141927083337 0.405059291015625 0.28133172395833334 0.405271892578125 0.28509426822916667 0.336145259765625 0.7807494270833333
0 0.370710654296875 0.7878993098958333 0.40809767578125 0.7947655625 0.46585093359375 0.331543640625 0.432938001953125 0.3246642838541667 0.370710654296875 0.7878993098958333
0 0.40968242578125 0.795770578125 0.447620267578125 0.8027270052083333 0.502094337890625 0.3381192395833333 0.46812181640625 0.3311698671875 0.40968242578125 0.795770578125
0 0.515954677734375 0.3278175078125 0.50590492578125 0.3276633359375 0.44850923046875 0.7991448411458334 0.466347578125 0.8057929062500001 0.478397623046875 0.8085112213541666 0.491269078125 0.80838178125 0.5458501171875 0.3370834817708333 0.528072361328125 0.32980132552083335 0.515954677734375 0.3278175078125
0 0.5190218203125 0.8166530078125 0.53781684375 0.8189844244791668 0.538502900390625 0.8176056510416667 0.58900865625 0.3420140208333333 0.57894921484375 0.33589388020833333 0.567933171875 0.3340904140625 0.55698469140625 0.3315524635416667 0.547485728515625 0.33148845052083337 0.492989060546875 0.80791784375 0.501048205078125 0.8114738411458333 0.5190218203125 0.8166530078125
0 0.591830357421875 0.34173042447916663 0.540367923828125 0.8216387291666667 0.5847801171875 0.8311462291666666 0.638928908203125 0.35242323697916667 0.63734412109375 0.3514182421875 0.631971333984375 0.3490475572916667 0.62714940625 0.3467670442708333 0.620056560546875 0.3448603125 0.615234630859375 0.3425798098958333 0.60972657421875 0.34167807031249997 0.6058033046875 0.341781328125 0.602430890625 0.341974765625 0.597473615234375 0.3411631953125 0.593617982421875 0.3405319791666667 0.591830357421875 0.34173042447916663
0 0.619065232421875 0.8352680520833333 0.63104764453125 0.8387208151041667 0.68430746875 0.3635800234375 0.678519173828125 0.35965022656249995 0.6718418359375 0.35930260677083337 0.665782994140625 0.35831069791666664 0.658207076171875 0.35557931770833334 0.651597375 0.3544972265625 0.643886109375 0.3532347942708333 0.63947969140625 0.35251340625 0.58745678125 0.8263655963541666 0.60150712890625 0.8316479973958333 0.619065232421875 0.8352680520833333
0 0.631453466796875 0.8343139322916667 0.656036708984375 0.8405751848958333 0.69929566015625 0.4376063151041667 0.677814357421875 0.4340895520833334 0.631453466796875 0.8343139322916667
0 0.65623962109375 0.8383717421875 0.678068869140625 0.8441821302083333 0.720301197265625 0.44599488020833333 0.6995083359375 0.4413688567708333 0.65623962109375 0.8383717421875
0 0.683992439453125 0.8466429817708333 0.69824569140625 0.8497219921875 0.74400719921875 0.4195775625 0.728122939453125 0.41447885677083335 0.683992439453125 0.8466429817708333
0 0.703550841796875 0.8528271223958334 0.71780409765625 0.8559061302083334 0.76375882421875 0.41759231510416667 0.74964083984375 0.4130443854166667 0.703550841796875 0.8528271223958334
0 0.72682960546875 0.8611114713541667 0.757674599609375 0.8661611901041667 0.79900054296875 0.4173974635416667 0.771180087890625 0.4098607057291667 0.72682960546875 0.8611114713541667
0 0.840474869140625 0.3980931796875 0.8027399375 0.3889333125 0.75836065625 0.8647824166666668 0.7791559765625 0.8696779635416667 0.798781947265625 0.8751275989583333 0.840474869140625 0.3980931796875
0 0.79870462109375 0.8698960989583333 0.837057970703125 0.8784116927083333 0.873918794921875 0.4071907786458333 0.83923802734375 0.399381796875 0.79870462109375 0.8698960989583333