0 0.549369685546875 1 0.819514912109375 0.90348640625 0.811660455078125 0.8719444765625001 0.802297025390625 0.8337361953125 0.797201328125 0.8209568281249999 0.47375567578125 1 0.549369685546875 1
0 0.459958443359375 1 0.7971451015625 0.8164846432291667 0.796246572265625 0.8078211119791666 0.771890408203125 0.7075851328125 0.766219216796875 0.6961344401041667 0.343200908203125 0.9011715885416667 0.337810859375 0.9120818125 0.344759841796875 0.9466604270833333 0.354600650390625 0.9914365677083333 0.356200966796875 1 0.459958443359375 1
0 0.369426984375 0.8220549921875001 0.38035332421875 0.8764252005208334 0.770436388671875 0.687772671875 0.762336412109375 0.6558514062499999 0.75645464453125 0.6433528776041667 0.369426984375 0.8220549921875001
0 0.357059271484375 0.7647048072916666 0.366410595703125 0.8196223984375001 0.755612341796875 0.63916153125 0.748663359375 0.6045829192708333 0.746768181640625 0.595152390625 0.357059271484375 0.7647048072916666
0 0.40173860546875 0.7229118541666667 0.405107810546875 0.7396772447916667 0.744985462890625 0.5946662239583334 0.74408693359375 0.5860026953125 0.74140568359375 0.576853 0.40173860546875 0.7229118541666667
0 0.39674102734375 0.7022359583333334 0.399869033203125 0.7178011249999999 0.7423461015625 0.5731478177083333 0.740450923828125 0.5637172864583333 0.738555748046875 0.5542867578125 0.39674102734375 0.7022359583333334
0 0.731256181640625 0.5389255546875 0.724840806640625 0.5153869791666666 0.721682177734375 0.4996694296875 0.717428783203125 0.4910814088541667 0.3314253203125 0.6413409140625 0.346765802734375 0.7176761927083333 0.7338393125 0.5559717760416667 0.731256181640625 0.5389255546875
0 0.714733193359375 0.4650908177083333 0.706843791015625 0.434217390625 0.703951966796875 0.424019859375 0.31563217578125 0.5627531588541667 0.315955208984375 0.5727453645833334 0.3297614140625 0.6372535885416667 0.717793703125 0.4887048984375 0.714733193359375 0.4650908177083333
0 0.703895736328125 0.41954767708333335 0.692272208984375 0.37428536979166666 0.29362101953125 0.5077251770833333 0.304110228515625 0.5599201901041667 0.703895736328125 0.41954767708333335
0 0.2838221015625 0.4505803203125 0.293887234375 0.500665109375 0.691064986328125 0.3724705338541667 0.685379455078125 0.34417894010416666 0.681645328125 0.3297900651041667 0.2838221015625 0.4505803203125
0 0.233582904296875 0.4269755416666667 0.240065439453125 0.4592330703125 0.68258574609375 0.3260848802083333 0.681266068359375 0.3153256770833333 0.675538646484375 0.29940279947916665 0.233582904296875 0.4269755416666667
0 0.22747622265625 0.39658827604166663 0.232328658203125 0.4249267213541667 0.676689640625 0.296745453125 0.674162736328125 0.2841714114583333 0.66985311328125 0.27111120572916664 0.22747622265625 0.39658827604166663
0 0.670218037109375 0.26873469791666665 0.66489742578125 0.23806659895833335 0.240698318359375 0.3491878932291667 0.24744441796875 0.386949328125 0.670218037109375 0.26873469791666665
0 0.663690205078125 0.23625176041666665 0.656376298828125 0.20404965885416668 0.2330613828125 0.30699358854166664 0.238283873046875 0.34555822135416664 0.663690205078125 0.23625176041666665
0 0.65516907421875 0.20223482031249998 0.648220091796875 0.16765621093750002 0.206923626953125 0.2691628515625 0.213086537109375 0.304022296875 0.65516907421875 0.20223482031249998
0 0.64753213671875 0.16004051562500002 0.63807058984375 0.12972876302083333 0.233508955078125 0.21698824479166667 0.241245486328125 0.25548575520833333 0.64753213671875 0.16004051562500002
0 0.221211810546875 0.1809511432291667 0.22710725390625 0.21447965104166666 0.634392693359375 0.11981206770833334 0.629816265625 0.10123184375 0.623359 0.09006198697916667 0.221211810546875 0.1809511432291667
0 0.22379381640625 0.1351059609375 0.2304732421875 0.16834323697916667 0.625871564453125 0.08579512760416667 0.623344662109375 0.0732210859375 0.6194561875 0.06225655729166666 0.22379381640625 0.1351059609375
0 0.61583451953125 0.056812046875 0.610472021484375 0.038512658854166666 0.21716786328125 0.11051955208333332 0.22095369140625 0.1335504609375 0.61583451953125 0.056812046875
0 0.178936861328125 0.09706672135416666 0.612142283203125 0.030054453125000002 0.606302404296875 0.0051872109375 0.31955418359375 0.0468289921875 0.178936861328125 0.09706672135416666
0 0.450630314453125 0 0.33380351953125 0.04173819270833334 0.60467403125 0.001276703125 0.60445976171875 0 0.450630314453125 0