0 0.26840189453125 0.9195095703125 0.2991274375 0.90889115625 0.169127751953125 0.43821809375 0.134778634765625 0.45135069270833333 0.26840189453125 0.9195095703125
0 0.299242611328125 0.9133623098958333 0.32817967578125 0.9022988854166667 0.20085969140625 0.428343703125 0.170987681640625 0.43863578906249995 0.299242611328125 0.9133623098958333
0 0.332314404296875 0.9018468645833333 0.36102715234375 0.8897404010416667 0.239975900390625 0.4291916744791667 0.20925035546875 0.4398100885416667 0.332314404296875 0.9018468645833333
0 0.3649436015625 0.8961446171874999 0.39935524609375 0.8829881093749999 0.263608390625 0.35017090625 0.2251495703125 0.36374596354166666 0.3649436015625 0.8961446171874999
0 0.40081026953125 0.8858182057291667 0.436561763671875 0.871020640625 0.306622943359375 0.3337252734375 0.266385923828125 0.3468513880208333 0.40081026953125 0.8858182057291667
0 0.439690095703125 0.8698245937500001 0.488627857421875 0.8533719505208334 0.36550346875 0.31234244791666665 0.31064205078125 0.3321886614583333 0.439690095703125 0.8698245937500001
0 0.496448685546875 0.8503818359375 0.545162134765625 0.8328861588541666 0.427288009765625 0.2887205390625 0.370653048828125 0.3081160286458333 0.496448685546875 0.8503818359375
0 0.55253433203125 0.8278099739583333 0.575996818359375 0.8188396276041666 0.48335503125 0.38806588281250004 0.457685443359375 0.3978800651041667 0.55253433203125 0.8278099739583333
0 0.632737306640625 0.7756990494791666 0.6407764140625 0.7658526979166668 0.507193732421875 0.2863903359375 0.503392458984375 0.28445727604166665 0.474570568359375 0.2999918541666667 0.47024909765625 0.3027728697916667 0.606928572265625 0.7855664296875 0.632737306640625 0.7756990494791666
0 0.53889550390625 0.2370195833333333 0.511796513671875 0.25189545052083334 0.66147419140625 0.7951896796875001 0.6644933828125 0.7974217526041666 0.688289322265625 0.7860663255208333 0.53889550390625 0.2370195833333333
0 0.713764599609375 0.7785840286458333 0.719014865234375 0.7754479088541667 0.57196729296875 0.22550413541666667 0.54699896875 0.23843659375 0.69466115625 0.7881453854166667 0.6983472578125 0.7856072942708333 0.713764599609375 0.7785840286458333
0 0.747060705078125 0.7681116145833333 0.75655483984375 0.7610953567708334 0.61487270703125 0.2124866197916667 0.5786293359375 0.23198743489583332 0.726168783203125 0.7772279609375 0.73164336328125 0.7751348802083333 0.747060705078125 0.7681116145833333
0 0.7682981484375 0.7724087317708334 0.798459888671875 0.7552330911458333 0.662579759765625 0.19424691666666669 0.629028697265625 0.21046079166666667 0.7682981484375 0.7724087317708334
0 0.827845583984375 0.7462557395833334 0.6927415 0.17707127864583336 0.68145888671875 0.18364252083333332 0.668585517578125 0.18969315885416668 0.807068833984375 0.7598432395833333 0.82170409375 0.753118984375 0.827845583984375 0.7462557395833334
0 0.83019183203125 0.745358703125 0.851865833984375 0.7359433463541666 0.723351869140625 0.1619817109375 0.69864568359375 0.17594274739583335 0.83019183203125 0.745358703125