0 0.30381280078125 0 0.302343490234375 0.012544205729166667 0.703766640625 0.08268607291666667 0.70854196875 0.0413154609375 0.536895642578125 0.0009609557291666666 0.5318076171875 0 0.30381280078125 0
0 0.301308287109375 0.026620783854166667 0.294621875 0.08343015364583334 0.717213783203125 0.168462671875 0.7256443515625 0.1109618203125 0.301308287109375 0.026620783854166667
0 0.2942930703125 0.0921651328125 0.285343623046875 0.14734092708333332 0.709492166015625 0.23934862239583332 0.716572236328125 0.179562515625 0.2942930703125 0.0921651328125
0 0.7397644140625 0.29162865104166663 0.74739609765625 0.252666078125 0.71373567578125 0.24475242447916667 0.2794509921875 0.14815862500000002 0.276391623046875 0.18379001822916666 0.7397644140625 0.29162865104166663
0 0.274652568359375 0.22193489322916668 0.734159447265625 0.32776310416666665 0.73613737109375 0.31280662760416666 0.738222818359375 0.2970370807291667 0.279974974609375 0.18793708072916668 0.277336892578125 0.20163681770833333 0.274652568359375 0.22193489322916668
0 0.272674646484375 0.23689137239583333 0.271451919921875 0.258634609375 0.270275435546875 0.2737795078125 0.679528 0.37219893750000005 0.683532640625 0.35441434114583337 0.687312154296875 0.32583476041666665 0.2745112890625 0.22300321354166666 0.272674646484375 0.23689137239583333
0 0.266175755859375 0.2860340859375 0.263632712890625 0.3052638411458333 0.264719263671875 0.32204232031249996 0.672463990234375 0.4256149270833333 0.676514873046875 0.4012319921875 0.679444953125 0.379075578125 0.2691914375 0.2757277265625 0.266175755859375 0.2860340859375
0 0.26123094921875 0.3234252786458333 0.2532267734375 0.3964478697916667 0.70208118359375 0.5140916145833333 0.712592435546875 0.4408572526041667 0.26123094921875 0.3234252786458333
0 0.2511871953125 0.3993732265625 0.243465580078125 0.4702591770833333 0.690953431640625 0.5919877838541666 0.702795232421875 0.52118953125 0.2511871953125 0.3993732265625
0 0.238988302734375 0.479120375 0.23343468359375 0.5461098880208334 0.679697255859375 0.67085503125 0.691772642578125 0.6045391458333333 0.238988302734375 0.479120375
0 0.227495810546875 0.5535259244791667 0.223827630859375 0.6187556354166667 0.669242521484375 0.7499106979166666 0.680796505859375 0.6812888333333333 0.227495810546875 0.5535259244791667
0 0.219350353515625 0.6276168359375 0.217233703125 0.6623683307291667 0.625168501953125 0.7770009765625 0.6306321875 0.7419348411458334 0.219350353515625 0.6276168359375
0 0.211718669921875 0.6665794088541667 0.206915142578125 0.7029022786458333 0.61947105078125 0.826332109375 0.624378458984375 0.7892237213541667 0.211718669921875 0.6665794088541667
0 0.2079528984375 0.7075524010416667 0.201831607421875 0.7600884921875001 0.630511326171875 0.89281675 0.638574044921875 0.8443461380208334 0.2079528984375 0.7075524010416667
0 0.190472740234375 0.7772456276041666 0.183031130859375 0.8272682395833333 0.625006501953125 0.9719346171875 0.633349294921875 0.9213461796875001 0.190472740234375 0.7772456276041666
0 0.625618109375 1 0.628500080078125 0.9830091953125 0.185004037109375 0.8310956901041666 0.1793065859375 0.8804268229166667 0.520457927734375 1 0.625618109375 1