0 0.638116748046875 0.9157619088541668 0.305792439453125 0.9406139609375 0.3045441640625 0.9753631588541666 0.350499044921875 0.9818032291666667 0.639098361328125 0.9599441015625 0.641885525390625 0.9472403619791666 0.640535552734375 0.9303856354166666 0.638116748046875 0.9157619088541668
0 0.638209556640625 0.9145845625 0.6406226484375 0.8839725104166667 0.30699615625 0.9026900859375 0.306768373046875 0.939560296875 0.638209556640625 0.9145845625
0 0.30713110546875 0.8669971354166667 0.30611300390625 0.9025663229166666 0.6425745703125 0.8818652708333333 0.644907388671875 0.8484542135416667 0.30713110546875 0.8669971354166667
0 0.645266099609375 0.8477210286458333 0.6472601015625 0.8110982526041667 0.306724115234375 0.828555921875 0.306247986328125 0.8668733776041666 0.645266099609375 0.8477210286458333
0 0.645493859375 0.8108507343750001 0.64753570703125 0.7849482161458333 0.35660884375 0.7936505390624999 0.356254109375 0.8215038619791667 0.645493859375 0.8108507343750001
0 0.35680529296875 0.7692037838541667 0.357598458984375 0.7931228203125 0.650463533203125 0.7817873098958333 0.649241330078125 0.7561044218749999 0.35680529296875 0.7692037838541667
0 0.6525053828125 0.7558847916666668 0.6533799921875 0.6881549270833333 0.311338451171875 0.6890277630208334 0.310754751953125 0.7649672473958334 0.6525053828125 0.7558847916666668
0 0.3126771328125 0.6154109427083333 0.312314384765625 0.6879741015624999 0.656400568359375 0.6838166666666666 0.65638096484375 0.6157053619791667 0.3126771328125 0.6154109427083333
0 0.6592271015625 0.6139795598958333 0.66270890625 0.5811364973958334 0.31369521875 0.5798417552083334 0.312955568359375 0.6118787526041667 0.6592271015625 0.6139795598958333
0 0.312156751953125 0.5427239453125 0.31211459765625 0.57723946875 0.661035478515625 0.5797115546875 0.660615759765625 0.5495267864583333 0.312156751953125 0.5427239453125
0 0.66354137890625 0.54792215625 0.6652541796875 0.49221365624999996 0.348086466796875 0.4782348854166667 0.346086701171875 0.5427172942708333 0.66354137890625 0.54792215625
0 0.350904376953125 0.41363956510416666 0.349889109375 0.4718265182291667 0.668274755859375 0.48787539583333334 0.670109068359375 0.4290964010416667 0.350904376953125 0.41363956510416666
0 0.689787515625 0.43018007812500003 0.693452115234375 0.3723644010416667 0.31724437109375 0.3422604817708333 0.31478912890625 0.4073880598958333 0.689787515625 0.43018007812500003
0 0.6939161796875 0.3664773645833333 0.6970689296875 0.3038283958333333 0.3154500859375 0.26941738541666665 0.316639685546875 0.33860453124999995 0.6939161796875 0.3664773645833333
0 0.317272373046875 0.19465556250000002 0.316397755859375 0.26238534635416666 0.697952080078125 0.30395215885416665 0.703771818359375 0.23873478645833335 0.317272373046875 0.19465556250000002
0 0.70482294140625 0.2394433828125 0.707092556640625 0.1766704921875 0.316097466796875 0.12418073958333332 0.315691759765625 0.19205319791666667 0.70482294140625 0.2394433828125
0 0.69305537109375 0.17351298437499998 0.695139416015625 0.11309495052083333 0.354810619140625 0.058259197916666665 0.35128662890625 0.12561786197916666 0.69305537109375 0.17351298437499998
0 0.3539830390625 0 0.3535056015625 0.029506953125 0.704524666015625 0.08465031770833333 0.70443540234375 0.02589522916666667 0.5196529140625 0 0.3539830390625 0