0 0.26091371875 0.8305066666666666 0.17440916796875 0.27666501302083335 0.1696526796875 0.2781291744791667 0.1539195 0.2813018125 0.139192779296875 0.2866702630208333 0.1271188984375 0.29289252083333334 0.213943412109375 0.844965265625 0.26091371875 0.8305066666666666
0 0.281722138671875 0.8132436197916667 0.32453051953125 0.8000661640625001 0.252627466796875 0.34863649218750004 0.209074142578125 0.36037284375 0.281722138671875 0.8132436197916667
0 0.327960583984375 0.7981750963541666 0.371088927734375 0.7832287291666667 0.29484128515625 0.3356420546875 0.25395186328125 0.3482288098958333 0.327960583984375 0.7981750963541666
0 0.300246556640625 0.3189444296875 0.376485337890625 0.77822675 0.38224828515625 0.7789584010416667 0.39221851953125 0.7750541119791667 0.395831248046875 0.7706011927083334 0.317433388671875 0.3178299479166667 0.315557771484375 0.314231265625 0.3108466484375 0.3123406302083333 0.30503833984375 0.31496377604166664 0.300246556640625 0.3189444296875
0 0.402920615234375 0.7717597473958334 0.41257088671875 0.7696243697916666 0.417829998046875 0.7638294453125 0.334309119140625 0.30678872916666666 0.326899791015625 0.3073990833333333 0.319002623046875 0.31150044010416666 0.398346791015625 0.7706620572916667 0.402920615234375 0.7717597473958334
0 0.420940103515625 0.7637072864583333 0.43969144921875 0.75626475 0.364500458984375 0.35094844270833336 0.347415146484375 0.3562077161458333 0.420940103515625 0.7637072864583333
0 0.4435334140625 0.7567525182291667 0.4618275 0.7502859453125 0.3844409296875 0.3431398645833333 0.366765921875 0.34858066145833333 0.4435334140625 0.7567525182291667
0 0.4673612109375 0.7460769114583333 0.493841849609375 0.7362551119791667 0.40556569140625 0.29153589583333334 0.379571845703125 0.2995374322916667 0.4673612109375 0.7460769114583333
0 0.496357392578125 0.7363159739583334 0.524164451171875 0.7269210781250001 0.4356136953125 0.2806159739583333 0.40889536328125 0.2880053177083333 0.496357392578125 0.7363159739583334
0 0.527520478515625 0.7242175963541667 0.56781331640625 0.7109792734374999 0.482970845703125 0.2969410078125 0.443985447265625 0.3097768671875 0.527520478515625 0.7242175963541667
0 0.57183794140625 0.7089051875 0.61107895703125 0.6968258515625 0.522943720703125 0.28547159375000003 0.485157619140625 0.29793828125 0.57183794140625 0.7089051875
0 0.571280982421875 0.22465575000000002 0.5597097265625 0.22654724479166666 0.548733033203125 0.2282557213541667 0.539220060546875 0.23118404427083336 0.528060703125 0.235454375 0.518961142578125 0.23992585677083333 0.518639666015625 0.24253044010416666 0.617619126953125 0.6948126302083333 0.623107474609375 0.6939583906250001 0.63902331640625 0.6882239010416668 0.649725412109375 0.6849295364583333 0.661022068359375 0.6814521510416666 0.672044125 0.6763888776041668 0.57544290625 0.223374609375 0.571280982421875 0.22465575000000002
0 0.633252607421875 0.2064145885416667 0.625705978515625 0.206232 0.616193005859375 0.20916032291666667 0.6043017890625 0.21282072656249998 0.59241057421875 0.2164811328125 0.5815428125 0.22149690885416665 0.678446994140625 0.6735827109375 0.684209939453125 0.6743143619791666 0.6918019296875 0.6711421536458334 0.702366728515625 0.6670548463541667 0.7169561484375 0.6608934505208334 0.726469123046875 0.6579651276041667 0.733009291015625 0.6559519036458333 0.636500009765625 0.20708537760416668 0.633252607421875 0.2064145885416667
0 0.67291070703125 0.18919561458333334 0.662803171875 0.19230695833333333 0.654159359375 0.19663815104166668 0.644581892578125 0.20209195312499997 0.7425740234375 0.6530076484375 0.74508956640625 0.6530685104166667 0.758307205078125 0.6498350104166667 0.766631056640625 0.6472727265625 0.77911683203125 0.6434293020833334 0.784695908203125 0.6358654687499999 0.68498579296875 0.19383069270833334 0.681783755859375 0.18980510677083332 0.67291070703125 0.18919561458333334
0 0.732137556640625 0.16595290104166668 0.72889015234375 0.16528211458333333 0.721343525390625 0.1650995234375 0.7119678515625 0.16882079166666666 0.7012657578125 0.17211515624999998 0.6936218046875 0.177808984375 0.691982017578125 0.17998416666666664 0.792974396484375 0.6366579817708333 0.795627236328125 0.6375117890625001 0.80216740625 0.6354985677083334 0.81094851953125 0.6319603203125 0.8197296328125 0.6284220703125 0.82983716796875 0.6253107265625 0.836697298828125 0.6215285963541667 0.732137556640625 0.16595290104166668
0 0.843100169921875 0.6187224270833334 0.87269091015625 0.6087784713541667 0.7731634609375 0.16418184375 0.743715365234375 0.174081890625 0.843100169921875 0.6187224270833334
0 0.89089426953125 0.6090214947916667 0.921994095703125 0.5969425885416667 0.816062568359375 0.1442947890625 0.78872962109375 0.15187332552083332 0.89089426953125 0.6090214947916667
0 0.92542416015625 0.5950515234375 0.9699242890625 0.5771772630208333 0.862530248046875 0.13416695312500002 0.822125072265625 0.14576943750000002 0.92542416015625 0.5950515234375