0 0.649721646484375 1 0.653626326171875 0.9704739375 0.653012412109375 0.9626188567708334 0.24324607421875 0.8993277630208333 0.23708688671875 0.9459017395833333 0.3482939765625 0.9720468203125 0.541592125 1 0.649721646484375 1
0 0.6600301796875 0.915801203125 0.660924103515625 0.9027929427083333 0.253703361328125 0.8389987916666667 0.245438890625 0.8952436380208333 0.65197465625 0.957968734375 0.6575359296875 0.9471593203125 0.6600301796875 0.915801203125
0 0.22352359765625 0.7735220859375 0.21772600390625 0.7798698020833333 0.2121210390625 0.8160042578125001 0.212196546875 0.8279306223958334 0.67176409375 0.88331075 0.675010986328125 0.8400126953124999 0.22352359765625 0.7735220859375
0 0.676094984375 0.8380644765624999 0.68004827734375 0.7894248229166667 0.22790073046875 0.7216774739583333 0.220176564453125 0.7738367239583334 0.676094984375 0.8380644765624999
0 0.68221627734375 0.7855283854166667 0.68645468359375 0.7534787916666666 0.22737675 0.681899015625 0.22316876953125 0.7137185312500001 0.68221627734375 0.7855283854166667
0 0.687397400390625 0.7525988880208333 0.69026925 0.7246341536458334 0.23293547265625 0.6523629010416666 0.228492296875 0.6797122369791667 0.687397400390625 0.7525988880208333
0 0.69865612890625 0.6924583385416666 0.701199171875 0.6732285833333332 0.70383725390625 0.65952884375 0.704731177734375 0.6465205859375 0.243860291015625 0.5635039322916667 0.233391876953125 0.6489116979166667 0.694417720703125 0.7245079348958333 0.69865612890625 0.6924583385416666
0 0.295568544921875 0.51617778125 0.288350318359375 0.5582625833333333 0.70119406640625 0.6357751875000001 0.708309423828125 0.6132142500000001 0.708684470703125 0.5978809322916666 0.295568544921875 0.51617778125
0 0.713441755859375 0.5681563984375 0.713392958984375 0.5560280390625 0.300700875 0.47111992708333333 0.2953322265625 0.511716078125 0.708589431640625 0.5923509114583333 0.711982708984375 0.5854379348958333 0.713441755859375 0.5681563984375
0 0.71975312109375 0.5266803463541666 0.723757763671875 0.5088957473958333 0.727289767578125 0.4821877526041667 0.726863375 0.4666660130208333 0.28522191015625 0.35071805208333334 0.272545984375 0.44656972135416667 0.71480576171875 0.5453448411458334 0.71975312109375 0.5266803463541666
0 0.742943947265625 0.3888100546875 0.74478058984375 0.3749218984375 0.304926974609375 0.23295741666666667 0.288468154296875 0.3324195677083333 0.729989861328125 0.4617704401041667 0.73842298046875 0.42299628906250003 0.742943947265625 0.3888100546875
0 0.749915474609375 0.3485907421875 0.754955318359375 0.31672956510416667 0.75933500390625 0.2836116510416667 0.75895485546875 0.26149157291666664 0.325273876953125 0.09784605729166666 0.307359900390625 0.2145603359375 0.743506515625 0.365810078125 0.749915474609375 0.3485907421875
0 0.338975107421875 0 0.327051130859375 0.0781583203125 0.759142376953125 0.2538249140625 0.767390529296875 0.2414441171875 0.77266669140625 0.2140446432291667 0.7803446171875 0.16848373177083334 0.781048466796875 0.14441543229166667 0.447098447265625 0 0.338975107421875 0
0 0.482011349609375 0 0.788080484375 0.13498202083333333 0.7966035390625 0.0642844921875 0.786952166015625 0.059749906250000005 0.53280824609375 0 0.482011349609375 0