0 0.6151719921875 0.015100210937499999 0.569287001953125 0.007588252604166667 0.291068619140625 0.044744549479166666 0.28497755078125 0.09145791145833333 0.611715904296875 0.0602629296875 0.6151719921875 0.015100210937499999
0 0.607960041015625 0.12047898697916666 0.61040170703125 0.06481881770833334 0.284869345703125 0.09263291666666668 0.281656984375 0.14070166927083333 0.607960041015625 0.12047898697916666
0 0.2786857421875 0.150066 0.27284249609375 0.21351856510416667 0.59912305078125 0.20841725 0.604342037109375 0.13062155208333334 0.2786857421875 0.150066
0 0.5895331953125 0.30114782031250004 0.59622641796875 0.21875009114583333 0.27142011328125 0.21924954166666666 0.267239228515625 0.28658167447916666 0.5895331953125 0.30114782031250004
0 0.26231488671875 0.30840886979166665 0.258419384765625 0.3507106354166667 0.58345783203125 0.35740582812500005 0.58613164453125 0.30894021875 0.26231488671875 0.30840886979166665
0 0.254616421875 0.38229266927083333 0.251525451171875 0.44500309895833334 0.572038375 0.4597961875 0.572047138671875 0.38416405989583335 0.254616421875 0.38229266927083333
0 0.2450469609375 0.4570628828125 0.239868693359375 0.5230098307291667 0.560357919921875 0.5759515052083334 0.567504107421875 0.5015038697916666 0.2450469609375 0.4570628828125
0 0.55181390625 0.6718857708333333 0.557950384765625 0.58581865625 0.237008140625 0.5249271223958333 0.22995255078125 0.5953241927083334 0.55181390625 0.6718857708333333
0 0.228103658203125 0.6021917213541667 0.221054396484375 0.6690250833333334 0.544146810546875 0.7648589375 0.550948228515625 0.6812862864583332 0.228103658203125 0.6021917213541667
0 0.220296935546875 0.6772504348958334 0.21389697265625 0.7370336223958334 0.535109978515625 0.8394378906250001 0.542940814453125 0.7682398203125 0.220296935546875 0.6772504348958334
0 0.20333625 0.7448467734375 0.20062256640625 0.8069796875 0.520400361328125 0.9255727291666668 0.52602720703125 0.8644700937500001 0.522594244140625 0.8531732760416667 0.20333625 0.7448467734375
0 0.2035089765625 0.8498382161458333 0.20038660546875 0.8934592708333334 0.489461677734375 0.9992298854166667 0.491919060546875 0.9531145234374999 0.2035089765625 0.8498382161458333
0 0.48532755859375 1 0.197417908203125 0.8965515755208333 0.19695158203125 0.9323174296875 0.29953644921875 0.9709364739583334 0.477064021484375 1 0.48532755859375 1