0 0.70393183984375 1 0.704532103515625 0.9691291901041666 0.43222900390625 0.9922143307291668 0.47377744140625 1 0.70393183984375 1
0 0.362458359375 0.9791401640625 0.421100658203125 0.9901290130208333 0.70772235546875 0.9657259765625 0.70805008984375 0.9370952291666667 0.363998423828125 0.9598961875 0.362458359375 0.9791401640625
0 0.71369686328125 0.9345668932291668 0.71299298046875 0.8902012447916667 0.3638556328125 0.9079203411458333 0.361854681640625 0.9547124609375 0.71369686328125 0.9345668932291668
0 0.368840931640625 0.8544035208333334 0.367168291015625 0.9043013984375 0.715122390625 0.8870137161458334 0.7152978203125 0.8428128411458333 0.368840931640625 0.8544035208333334
0 0.717550794921875 0.8384530078125 0.717464775390625 0.788225578125 0.35854467578125 0.78990084375 0.355142126953125 0.8482499791666666 0.717550794921875 0.8384530078125
0 0.36410556640625 0.7291834010416666 0.36218575390625 0.7814259687499999 0.7193470390625 0.7873827473958334 0.721528302734375 0.741166734375 0.36410556640625 0.7291834010416666
0 0.37623545703125 0.6991776796875001 0.37351686328125 0.7249694088541667 0.727545853515625 0.735121328125 0.72813498828125 0.7125170364583333 0.37623545703125 0.6991776796875001
0 0.728258556640625 0.7113447291666667 0.72898568359375 0.6959393984375 0.376291537109375 0.6683128203124999 0.375726826171875 0.6954958984375 0.728258556640625 0.7113447291666667
0 0.7463111015625 0.6932084114583333 0.74932876171875 0.6220434348958334 0.299345048828125 0.5750012109375 0.291775224609375 0.6582452526041667 0.7463111015625 0.6932084114583333
0 0.73172746875 0.6103766015625 0.7353110625 0.5763784791666667 0.398858009765625 0.5384237786458334 0.396616056640625 0.5738819739583333 0.73172746875 0.6103766015625
0 0.741713640625 0.5751872369791667 0.742535615234375 0.5418670078125 0.4030712578125 0.49845202083333334 0.4006939453125 0.5351943854166666 0.741713640625 0.5751872369791667
0 0.3898891640625 0.4590482421875 0.385673357421875 0.49053704687500005 0.742906333984375 0.5383499244791666 0.743245916015625 0.5082865286458333 0.3898891640625 0.4590482421875
0 0.7429725625 0.5036926119791666 0.7450589765625 0.4753914973958333 0.3943377578125 0.4168437265625 0.39063058984375 0.452014234375 0.7429725625 0.5036926119791666
0 0.396286259765625 0.3813435052083333 0.392826224609375 0.41416939843749995 0.746556146484375 0.4696945703125 0.74763963671875 0.44240082291666666 0.396286259765625 0.3813435052083333
0 0.75152773046875 0.4395428515625 0.760686451171875 0.3611601484375 0.36672505078125 0.2789680286458333 0.35933409765625 0.3613980052083334 0.75152773046875 0.4395428515625
0 0.7626922734375 0.35914508854166666 0.770848052734375 0.2817699088541667 0.41580513671875 0.19052659635416666 0.407792822265625 0.28068615104166666 0.7626922734375 0.35914508854166666
0 0.77032509375 0.269716796875 0.778566900390625 0.24256896354166668 0.78066762109375 0.22263909375000002 0.7779503203125 0.2071078723958333 0.369294767578125 0.09295053385416667 0.36214191796875 0.16931802604166668 0.77032509375 0.269716796875
0 0.781598857421875 0.17977530989583335 0.785087560546875 0.16369191927083335 0.78417951953125 0.14678463541666667 0.779259796875 0.13390778385416666 0.377051142578125 0.002349932291666667 0.36752173046875 0.08424972395833334 0.7762278984375 0.19670145052083332 0.781598857421875 0.17977530989583335
0 0.389565494140625 0 0.776992515625 0.129896375 0.778584599609375 0.10628447916666667 0.781441126953125 0.08769170052083335 0.7785272421875 0.0727996328125 0.632098078125 0.019839778645833334 0.5262225546875 0 0.389565494140625 0