0 0.583584947265625 1 0.2809783515625 0.8966443593750001 0.275440171875 0.9313844739583333 0.474915322265625 1 0.583584947265625 1
0 0.7053956171875 1 0.28496035546875 0.8565600182291666 0.27911103125 0.891273875 0.590600609375 1 0.7053956171875 1
0 0.750496951171875 1 0.755215458984375 0.9741622682291666 0.293308068359375 0.8229841692708333 0.28657096875 0.8558681302083334 0.709114212890625 1 0.750496951171875 1
0 0.756768021484375 0.9758125572916666 0.76309903125 0.9304043229166666 0.300492107421875 0.7799323151041667 0.293716138671875 0.8167422630208333 0.756768021484375 0.9758125572916666
0 0.30521614453125 0.7389099192708333 0.29962352734375 0.7796861510416666 0.766258625 0.9276687864583333 0.77389541015625 0.8833099869791666 0.30521614453125 0.7389099192708333
0 0.775564615234375 0.8806830546875001 0.78418666796875 0.8322931302083334 0.302066181640625 0.6803684765625001 0.2932950390625 0.7282694713541668 0.775564615234375 0.8806830546875001
0 0.31035446875 0.6326476432291667 0.304208029296875 0.6768979088541666 0.786162849609375 0.8255912916666667 0.791905888671875 0.7765958125 0.31035446875 0.6326476432291667
0 0.790865599609375 0.76761834375 0.796273634765625 0.7280001588541666 0.33578941796875 0.5940815078125 0.328649173828125 0.6317808958333333 0.790865599609375 0.76761834375
0 0.80166973046875 0.7283191015625 0.80763158984375 0.6852268828125 0.339280587890625 0.55370246875 0.332819388671875 0.5942325364583333 0.80166973046875 0.7283191015625
0 0.339380115234375 0.48474238541666664 0.329096654296875 0.543554265625 0.81060651171875 0.6836493671875 0.819948361328125 0.6194778854166666 0.339380115234375 0.48474238541666664
0 0.821129037109375 0.6176432552083333 0.83178176171875 0.5565152291666667 0.348059162109375 0.42317524218749997 0.33906535546875 0.4810221901041667 0.821129037109375 0.6176432552083333
0 0.832520181640625 0.5518832317708333 0.841120935546875 0.48654283072916665 0.358617177734375 0.3569465 0.347112283203125 0.41915565625 0.832520181640625 0.5518832317708333
0 0.36934069921875 0.29110979947916665 0.358188615234375 0.34967558593750003 0.8472554375 0.48222985677083335 0.8547510859375 0.41369131249999996 0.36934069921875 0.29110979947916665
0 0.855042072265625 0.4106070182291666 0.863903142578125 0.3550229296875 0.380222380859375 0.23394585677083335 0.3697098984375 0.28879388020833335 0.855042072265625 0.4106070182291666
0 0.862165984375 0.35453060416666665 0.8731334375 0.29712276822916667 0.39031434765625 0.17690323697916666 0.37999337109375 0.229981921875 0.862165984375 0.35453060416666665
0 0.87597821875 0.29066718229166666 0.881386197265625 0.25104897916666663 0.38977892578125 0.130160453125 0.38369739453125 0.16688457291666667 0.87597821875 0.29066718229166666
0 0.44262406640625 0.0250329765625 0.422980134765625 0.1368667734375 0.874122763671875 0.24535946354166668 0.892446921875 0.12086727864583334 0.44262406640625 0.0250329765625
0 0.444127890625 0 0.4411259375 0.017346406249999998 0.89132429296875 0.11467850520833334 0.8952223046875 0.10731097395833333 0.89620942578125 0.10111891927083333 0.53941408984375 0 0.444127890625 0