0 0.499993087890625 1 0.321008892578125 0.945225640625 0.433877380859375 1 0.499993087890625 1
0 0.642954080078125 1 0.647138484375 0.976831484375 0.210887318359375 0.833232375 0.203240078125 0.8295212187500001 0.189126400390625 0.8812239036458333 0.255218962890625 0.913298203125 0.53153637890625 1 0.642954080078125 1
0 0.646722107421875 0.9720117369791667 0.667660212890625 0.9048266953124999 0.229255033203125 0.753255734375 0.210207396484375 0.8293780651041667 0.646722107421875 0.9720117369791667
0 0.667524154296875 0.8862899401041666 0.685751712890625 0.8131718046874999 0.254717552734375 0.6536337447916667 0.234841599609375 0.7327904479166666 0.667524154296875 0.8862899401041666
0 0.690828560546875 0.8040913619791666 0.70342478515625 0.729394796875 0.280388259765625 0.5564216328125 0.259683853515625 0.6386132083333333 0.690828560546875 0.8040913619791666
0 0.705302580078125 0.7256883958333334 0.71935612109375 0.6678609453125 0.302231248046875 0.48274920052083337 0.285290830078125 0.5448070885416666 0.705302580078125 0.7256883958333334
0 0.719704470703125 0.6634123125 0.7309073046875 0.6065102734375 0.32066699609375 0.4120409401041667 0.3036225859375 0.47765230468750003 0.719704470703125 0.6634123125
0 0.73695706640625 0.6002108229166666 0.7663173828125 0.4736198958333333 0.35357676171875 0.2629297109375 0.317583505859375 0.4011289817708333 0.73695706640625 0.6002108229166666
0 0.36512589453125 0.214276671875 0.35634540234375 0.24326974739583332 0.772923677734375 0.46528168750000004 0.780577064453125 0.430899953125 0.786630923828125 0.3992052369791667 0.796232181640625 0.35768784895833333 0.798598482421875 0.3426743125 0.392117859375 0.11539691406250001 0.38321329296875 0.14801704166666665 0.374586994140625 0.1796177890625 0.36512589453125 0.214276671875
0 0.412637541015625 0.0560897578125 0.40038726953125 0.10413874218750001 0.800476279296875 0.3389679114583333 0.806666197265625 0.32580995572916666 0.813554859375 0.29105710156250003 0.412637541015625 0.0560897578125
0 0.818631708984375 0.2819766588541667 0.824755646484375 0.24685269270833332 0.4205011640625 0.011420265625 0.410829109375 0.046851934895833336 0.818631708984375 0.2819766588541667
0 0.424484671875 0 0.42217062890625 0.008477044270833333 0.823018009765625 0.24370058854166665 0.8311578515625 0.2107093463541667 0.469929736328125 0 0.424484671875 0
0 0.478498513671875 0 0.832270921875 0.206631828125 0.839994388671875 0.16882084114583332 0.549289384765625 0 0.478498513671875 0