0 0.6019631171875 1 0.179736341796875 0.8768574791666667 0.175652296875 0.8906284869791666 0.4370517578125 0.9971855989583333 0.446852861328125 1 0.6019631171875 1
0 0.63665844921875 0.958755875 0.6366378359375 0.944000703125 0.198008607421875 0.8083034244791666 0.186455255859375 0.8624004427083333 0.62528451953125 0.9972253359375 0.63172772265625 0.9839707135416668 0.63665844921875 0.958755875
0 0.6417830390625 0.9438293645833333 0.644810775390625 0.9269137265624999 0.202939333984375 0.7830885885416666 0.1987868515625 0.8086206692708333 0.6417830390625 0.9438293645833333
0 0.645826892578125 0.9261935677083333 0.65313635546875 0.8906047317708333 0.21018417578125 0.7440703098958333 0.202161091796875 0.78277134375 0.645826892578125 0.9261935677083333
0 0.656422578125 0.8874068645833333 0.6620023046875 0.8556503828125 0.218271880859375 0.7087987161458332 0.21118041015625 0.7397255885416666 0.656422578125 0.8874068645833333
0 0.225343470703125 0.6742472786458333 0.2187942578125 0.7065205651041667 0.662953798828125 0.8515007838541666 0.667429390625 0.8431159192708333 0.674045845703125 0.8253944505208333 0.225343470703125 0.6742472786458333
0 0.234382669921875 0.6348260885416667 0.227548955078125 0.668340125 0.669311767578125 0.820061546875 0.673182369140625 0.8068925937500001 0.67597223046875 0.7910143541666667 0.234382669921875 0.6348260885416667
0 0.24370375390625 0.583041765625 0.2325745078125 0.6315779348958334 0.67597223046875 0.7910143541666667 0.681895677734375 0.7911602604166666 0.6915192578125 0.7417679817708334 0.24370375390625 0.583041765625
0 0.690978888671875 0.7404133411458332 0.70263469921875 0.6895807500000001 0.254754576171875 0.52742509375 0.244828501953125 0.574425328125 0.690978888671875 0.7404133411458332
0 0.713036521484375 0.6405057161458333 0.719459109375 0.6124959244791667 0.299401861328125 0.4514727057291667 0.282396767578125 0.5293455234375 0.7043644375 0.6857483958333334 0.707694669921875 0.6712247968749999 0.713036521484375 0.6405057161458333
0 0.723826072265625 0.6120073411458333 0.728043177734375 0.5899047005208333 0.732627400390625 0.5736235494791667 0.741190853515625 0.5362771588541667 0.317891390625 0.3671260807291667 0.30041520703125 0.44705337239583337 0.72101559765625 0.6131304114583334 0.723826072265625 0.6120073411458333
0 0.299780109375 0.29394990625 0.289747708984375 0.34512511979166666 0.740823736328125 0.530455671875 0.749818927734375 0.5023602083333333 0.752306296875 0.4840899244791667 0.299780109375 0.29394990625
0 0.311544552734375 0.23522103125000002 0.3007372109375 0.28606459375 0.754749654296875 0.4771453697916667 0.762015109375 0.45288226302083334 0.765518591796875 0.43389182291666667 0.311544552734375 0.23522103125000002
0 0.765711431640625 0.42933955989583333 0.776351126953125 0.3792271276041667 0.332667494140625 0.18021365885416665 0.320351830078125 0.23392396354166667 0.765711431640625 0.42933955989583333
0 0.3593243984375 0.16045219791666668 0.355409787109375 0.18494687760416664 0.770838806640625 0.3735769791666667 0.773757912109375 0.36455762239583334 0.77403979296875 0.3521944973958333 0.3593243984375 0.16045219791666668
0 0.7767856484375 0.347641984375 0.780656248046875 0.33447303125 0.7807002578125 0.32314730208333337 0.364190501953125 0.13180791666666666 0.363476880859375 0.1349201171875 0.363130376953125 0.14385380208333334 0.359908775390625 0.15048111197916667 0.358302205078125 0.1574875859375 0.7767856484375 0.347641984375
0 0.7882888203125 0.31603140885416664 0.808399455078125 0.23574871354166668 0.386961755859375 0.028788096354166667 0.366629849609375 0.12116958854166666 0.7882888203125 0.31603140885416664
0 0.365231513671875 0 0.363487 0.008692911458333332 0.81162105859375 0.22912140104166667 0.82321224609375 0.1748593697916667 0.4762035 0 0.365231513671875 0
0 0.4966951015625 0 0.826131353515625 0.165840015625 0.8378201796875 0.11486344791666668 0.556044125 0 0.4966951015625 0