0 0.778797841796875 0.9073013125 0.776349833984375 0.8825415364583334 0.32090149609375 0.9565725885416666 0.323473494140625 0.9822699661458333 0.778797841796875 0.9073013125
0 0.7731466328125 0.8645685208333332 0.77159255078125 0.8528170026041666 0.31854852734375 0.9262827942708333 0.319657982421875 0.9534181744791667 0.32127909375 0.9531792083333334 0.7741818359375 0.8786450963541667 0.7731466328125 0.8645685208333332
0 0.7718288671875 0.8483553020833333 0.770557345703125 0.8387404244791666 0.768060544921875 0.8261090052083334 0.317184521484375 0.903471234375 0.31751332421875 0.9122062135416668 0.3190482265625 0.923812703125 0.3208115625 0.9246492109375 0.7718288671875 0.8483553020833333
0 0.76603637890625 0.8045541875 0.31421763671875 0.8810365182291666 0.314829 0.8919081354166667 0.317023361328125 0.9022525885416667 0.768720703125 0.824852265625 0.767449181640625 0.8152373880208333 0.76603637890625 0.8045541875
0 0.76236309375 0.7767778723958334 0.75967876953125 0.7564797942708333 0.31068818359375 0.8356018229166667 0.313652515625 0.8767632369791666 0.76306694140625 0.800846171875 0.76316198046875 0.7953161510416668 0.76236309375 0.7767778723958334
0 0.757230763671875 0.7317200182291667 0.754546439453125 0.7114219427083334 0.30796016796875 0.7899787083333334 0.309981783203125 0.8302602239583333 0.338314693359375 0.8258021536458333 0.75953748828125 0.7554114765625001 0.757230763671875 0.7317200182291667
0 0.748471390625 0.6654841875 0.303816798828125 0.7523990937499999 0.3024476875 0.7670409322916667 0.304613134765625 0.7896640703125 0.357130484375 0.7806217083333333 0.7555841953125 0.7067718229166666 0.75304115234375 0.6875420651041666 0.748471390625 0.6654841875
0 0.299249591796875 0.7116145208333333 0.300045923828125 0.7488794947916667 0.7485664296875 0.6599541692708334 0.74668354296875 0.639467671875 0.742396341796875 0.6195464348958334 0.299249591796875 0.7116145208333333
0 0.741972501953125 0.6163414765625 0.741361138671875 0.6054698567708333 0.29340575390625 0.6986684635416666 0.29493368359375 0.7102222265624999 0.741972501953125 0.6163414765625
0 0.722362927734375 0.6055302447916667 0.721327724609375 0.5914536692708333 0.27101426953125 0.691815875 0.27159905859375 0.7024865572916666 0.722362927734375 0.6055302447916667
0 0.74013841015625 0.5837266197916667 0.733403203125 0.5390456067708334 0.284315025390625 0.6424243515625 0.2899392421875 0.6849530312500001 0.74013841015625 0.5837266197916667
0 0.7322729609375 0.5304990494791667 0.725537755859375 0.48581803385416666 0.279984134765625 0.597178078125 0.285635341796875 0.6399108723958333 0.7322729609375 0.5304990494791667
0 0.276062337890625 0.5737712552083333 0.2788701640625 0.5950032239583333 0.72670459765625 0.48214402864583333 0.72020570703125 0.4330013151041667 0.273755611328125 0.5500797994791666 0.276062337890625 0.5737712552083333
0 0.719075466796875 0.42445475781249997 0.712057697265625 0.3776371041666667 0.26805816015625 0.5007486666666666 0.2730298203125 0.5445915833333334 0.719075466796875 0.42445475781249997
0 0.713095455078125 0.372986984375 0.707726806640625 0.3323908307291667 0.259201197265625 0.45876955468749997 0.26412500390625 0.4960019427083333 0.713095455078125 0.372986984375
0 0.2542101484375 0.4147800208333334 0.258331078125 0.45218996614583334 0.2761264453125 0.4492827057291667 0.7076805625 0.32579248958333334 0.7017930390625 0.28752139843749996 0.2542101484375 0.4147800208333334
0 0.701322953125 0.27771809635416667 0.690960705078125 0.211859109375 0.24893908984375 0.34992715104166666 0.25011557421875 0.36507204947916666 0.252941177734375 0.38643844270833333 0.256261716796875 0.4052987161458333 0.25656822265625 0.407616421875 0.701322953125 0.27771809635416667
0 0.69129205859375 0.20186738802083334 0.685828375 0.16680125520833333 0.234330775390625 0.3081986588541667 0.24000459375 0.3386050729166667 0.69129205859375 0.20186738802083334
0 0.68592341015625 0.16127123697916665 0.68012837109375 0.13619682291666665 0.2342870859375 0.2828736223958333 0.23871556640625 0.3038631770833333 0.68592341015625 0.16127123697916665
0 0.680177166015625 0.1240684609375 0.67565619921875 0.0898822265625 0.229154755859375 0.23781576562499998 0.232421978515625 0.26877022135416667 0.680177166015625 0.1240684609375
0 0.225527712890625 0.21663779166666666 0.2297389453125 0.22973590624999998 0.674430919921875 0.0868656875 0.671181474609375 0.06229433072916667 0.2266605078125 0.20645765104166666 0.225527712890625 0.21663779166666666
0 0.6263888125 0 0.199375560546875 0.13135880989583334 0.206393330078125 0.1781764635416667 0.678350732421875 0.03527351041666667 0.67448737109375 0.01855723177083333 0.671849291015625 0.004857494791666667 0.67142566015625 0 0.6263888125 0
0 0.467191748046875 0 0.249249052734375 0.051238903645833334 0.191040029296875 0.06832794010416667 0.1929229140625 0.0888144375 0.198340357421875 0.11728223177083334 0.614508001953125 0 0.467191748046875 0