0 0.5163728515625 1 0.757548115234375 0.97186653125 0.814707939453125 0.9545758307291666 0.81492943359375 0.9307820911458333 0.807687146484375 0.9019170130208334 0.449052634765625 1 0.5163728515625 1
0 0.808339568359375 0.8982757760416668 0.80393923046875 0.858383625 0.443195248046875 0.9557786901041667 0.447750044921875 0.9997588203125001 0.808339568359375 0.8982757760416668
0 0.440751947265625 0.9066919791666667 0.444577220703125 0.9514047786458333 0.8053988984375 0.8534597864583334 0.800571205078125 0.814753890625 0.440751947265625 0.9066919791666667
0 0.4271959765625 0.8631142786458333 0.428919189453125 0.9025476171875 0.798997193359375 0.8102359635416666 0.799141298828125 0.7852628203125 0.797560248046875 0.7747516927083334 0.4271959765625 0.8631142786458333
0 0.793059802734375 0.7740883229166666 0.797748349609375 0.7640341875000001 0.795548212890625 0.7440881484375 0.792375658203125 0.734672375 0.425372072265625 0.8217332317708334 0.427925810546875 0.8606523619791666 0.793059802734375 0.7740883229166666
0 0.792342 0.7088103437500001 0.7898763125 0.6984024088541667 0.431045341796875 0.7723472786458333 0.43529090234375 0.809880625 0.793657560546875 0.7288595703124999 0.792342 0.7088103437500001
0 0.78979892578125 0.6972230052083334 0.786283228515625 0.6572277369791667 0.4263354609375 0.7277376718749999 0.4291987421875 0.7713742578125 0.78979892578125 0.6972230052083334
0 0.787665509765625 0.6511245 0.785189162109375 0.6133847708333333 0.4223554140625 0.6806661458333334 0.426180689453125 0.7253789453125 0.787665509765625 0.6511245
0 0.79102783203125 0.59368934375 0.788631568359375 0.5730340520833334 0.43699615625 0.6456832473958333 0.44181678125 0.6783959453125 0.792033849609375 0.6090211145833333 0.79102783203125 0.59368934375
0 0.41620853515625 0.6005723515625 0.421150599609375 0.6487200078125 0.7867488828125 0.569232234375 0.7833105703125 0.5304162916666667 0.41620853515625 0.6005723515625
0 0.41030450390625 0.5513484765625 0.416053763671875 0.5982136223958333 0.783962986328125 0.5267749739583333 0.779840228515625 0.4838726354166667 0.41030450390625 0.5513484765625
0 0.78383094140625 0.4840082161458333 0.780116416015625 0.4273985859375 0.3884334765625 0.4897264036458333 0.393121443359375 0.551203953125 0.78383094140625 0.4840082161458333
0 0.3826401953125 0.42860570312499996 0.38762626171875 0.491009078125 0.7817308515625 0.4248333958333333 0.775013482421875 0.36549348958333333 0.3826401953125 0.42860570312499996
0 0.777706783203125 0.3635063098958333 0.77484350390625 0.31986972395833335 0.37960037890625 0.3750214427083333 0.3832152578125 0.4237850546875 0.777706783203125 0.3635063098958333
0 0.374868240234375 0.32374521875 0.379732890625 0.3707135546875 0.7758055234375 0.3209458567708333 0.770916150390625 0.2731703984375 0.374868240234375 0.32374521875
0 0.771593287109375 0.27033620052083335 0.768608630859375 0.2112647291666667 0.349414763671875 0.24828035156249997 0.354367671875 0.31914730989583334 0.771593287109375 0.27033620052083335
0 0.338501943359375 0.17706121093750002 0.34579895703125 0.2475137890625 0.768299087890625 0.20654727083333335 0.763235607421875 0.14296457552083333 0.338501943359375 0.17706121093750002
0 0.76364526171875 0.10845332291666666 0.759973171875 0.091458921875 0.3717088359375 0.11257942708333334 0.3766508828125 0.16072724479166667 0.7645405 0.1356819296875 0.76364526171875 0.10845332291666666
0 0.75621481640625 0.09030583854166667 0.7543135546875 0.047745382812499994 0.36890171484375 0.06257576041666667 0.37243867578125 0.1101175859375 0.75621481640625 0.09030583854166667
0 0.4836271484375 0 0.364975947265625 0.013840846354166667 0.366722779296875 0.050176205729166666 0.75569583203125 0.0416420625 0.757531775390625 0.015283372395833333 0.755569427734375 0 0.4836271484375 0