0 0.33759939453125 1 0.777965146484375 0.9287328020833333 0.770718541015625 0.8739360885416666 0.298441728515625 0.9573205390625 0.301701443359375 1 0.33759939453125 1
0 0.7686611875 0.8720155156249999 0.760077515625 0.8139267942708334 0.2902602734375 0.9044933072916667 0.295355693359375 0.9544396354166667 0.7686611875 0.8720155156249999
0 0.281385171875 0.7737974166666667 0.2975743828125 0.8962155156249999 0.757557607421875 0.8085085312500001 0.741888484375 0.6753525052083332 0.281385171875 0.7737974166666667
0 0.74543494140625 0.6622938229166667 0.72430946484375 0.5230041510416666 0.256453349609375 0.632998359375 0.27324669921875 0.7683432161458333 0.74543494140625 0.6622938229166667
0 0.2525505625 0.5762134140625 0.258872060546875 0.6240147500000001 0.724979171875 0.5144317369791667 0.717301978515625 0.46694130729166666 0.2525505625 0.5762134140625
0 0.7174747734375 0.4645041588541667 0.7111532734375 0.4167028255208333 0.24417169921875 0.5264914270833333 0.249618701171875 0.5744983567708334 0.7174747734375 0.4645041588541667
0 0.709045349609375 0.4075813489583333 0.70359831640625 0.3595744244791667 0.23990021484375 0.478694796875 0.244429462890625 0.5216222968750001 0.709045349609375 0.4075813489583333
0 0.234718318359375 0.4277345260416667 0.239702775390625 0.47224392708333335 0.703856109375 0.3547052864583333 0.696814263671875 0.3082754010416667 0.234718318359375 0.4277345260416667
0 0.229784478515625 0.39042626041666667 0.235284458984375 0.42519724218750005 0.688327109375 0.30546222395833333 0.683650984375 0.2632846822916667 0.229784478515625 0.39042626041666667
0 0.2248000078125 0.3459168645833333 0.229733869140625 0.38322528645833337 0.6874067578125 0.25759315885416667 0.68134903125 0.21757077604166666 0.2248000078125 0.3459168645833333
0 0.215958595703125 0.29269734635416667 0.22053110546875 0.340909875 0.6815478125 0.21328951302083332 0.672925859375 0.16137560416666666 0.215958595703125 0.29269734635416667
0 0.67311830859375 0.15636655989583334 0.665613990234375 0.10643912760416667 0.209829111328125 0.24380747135416667 0.217553423828125 0.29112030729166666 0.67311830859375 0.15636655989583334
0 0.22981066015625 0.16562072395833333 0.236799498046875 0.22528656770833333 0.66659205078125 0.10019840104166666 0.657891482421875 0.032693218749999996 0.22981066015625 0.16562072395833333
0 0.539192626953125 0 0.219913455078125 0.1026087578125 0.2275991171875 0.16253422916666668 0.6564665546875 0.030450848958333332 0.65201771875 0 0.539192626953125 0
0 0.46719175390625 0 0.2161148984375 0.05902883072916667 0.22097164453125 0.09196428125 0.5191403125 0 0.46719175390625 0