0 0.453955787109375 0 0.236618810546875 0.07225092708333333 0.239483921875 0.08757270052083332 0.592498140625 0 0.453955787109375 0
0 0.6084899296875 0 0.235603044921875 0.09618359895833334 0.2435507734375 0.1386857265625 0.64935753515625 0.028182718750000002 0.64614437890625 0 0.6084899296875 0
0 0.239240333984375 0.14499912239583332 0.248052068359375 0.18233357552083332 0.68595561328125 0.0575000234375 0.68430458984375 0.019189536458333333 0.239240333984375 0.14499912239583332
0 0.6896024921875 0.08679057552083334 0.6827239921875 0.059794486979166665 0.24912608984375 0.18807713020833336 0.256454478515625 0.22315235156250002 0.6896024921875 0.08679057552083334
0 0.252768171875 0.22713016666666666 0.259861466796875 0.2552749166666667 0.695151798828125 0.12025521614583333 0.68917048828125 0.08937441145833334 0.252768171875 0.22713016666666666
0 0.70249069140625 0.15571290625 0.696044193359375 0.126132984375 0.258350634765625 0.2618777734375 0.2661306171875 0.2964264973958333 0.70249069140625 0.15571290625
0 0.2678091953125 0.29777704427083335 0.271668455078125 0.3330975911458333 0.70672559375 0.18753073177083335 0.702705501953125 0.1568616484375 0.2678091953125 0.29777704427083335
0 0.272312857421875 0.33654366406249997 0.28391709375 0.3888112734375 0.675952416015625 0.2536036484375 0.665639453125 0.2033469921875 0.272312857421875 0.33654366406249997
0 0.68281415234375 0.31476859375 0.6733651796875 0.2593441875 0.286282298828125 0.3965658125 0.297796005859375 0.44961700781249997 0.68281415234375 0.31476859375
0 0.72824793359375 0.3326077604166667 0.72244825 0.3015927395833333 0.29034678125 0.45256007031249995 0.298084494140625 0.48415096875 0.72824793359375 0.3326077604166667
0 0.29657371875 0.4907538046875 0.303881826171875 0.5200472994791666 0.733830439453125 0.3673554348958334 0.7286775390625 0.3349051640625 0.29657371875 0.4907538046875
0 0.3060346484375 0.52177184375 0.3159179765625 0.5697311015625001 0.70116444921875 0.42690369791666666 0.694840744140625 0.38397735677083333 0.3060346484375 0.52177184375
0 0.71245463671875 0.4781713125 0.7040772890625 0.433371703125 0.313545548828125 0.5766203020833334 0.323768427734375 0.6208034114583333 0.71245463671875 0.4781713125
0 0.32062693359375 0.6291714869791667 0.32620703125 0.668800328125 0.720402365234375 0.5206734375000001 0.713960662109375 0.4813310286458334 0.32062693359375 0.6291714869791667
0 0.727488484375 0.5634619973958334 0.721691197265625 0.527565734375 0.324913345703125 0.6716705390625001 0.335093234375 0.7136586510416666 0.727488484375 0.5634619973958334
0 0.731560173828125 0.6048125208333334 0.7270540859375 0.5709271588541667 0.333290693359375 0.7164701484374999 0.3421782421875 0.756929453125 0.731560173828125 0.6048125208333334
0 0.3431764921875 0.7595480572916666 0.349620623046875 0.7940093776041667 0.75329607421875 0.6378504973958333 0.749219591796875 0.6062624583333334 0.3431764921875 0.7595480572916666
0 0.344448544921875 0.8006092161458334 0.352398640625 0.838230109375 0.765122236328125 0.6766229843749999 0.75932494921875 0.6407267213541666 0.344448544921875 0.8006092161458334
0 0.350236216796875 0.8560304583333332 0.360549208984375 0.9062871041666667 0.817861771484375 0.7286370338541667 0.810231921875 0.6818476250000001 0.350236216796875 0.8560304583333332
0 0.82494548046875 0.7763068385416667 0.817429740234375 0.7312207994791667 0.357532337890625 0.9097303307291668 0.369085484375 0.9546439869791666 0.82494548046875 0.7763068385416667
0 0.37495541796875 0.9539629427083334 0.384194345703125 0.9984761302083333 0.785524189453125 0.8403592187500001 0.779924525390625 0.7949338593749999 0.37495541796875 0.9539629427083334
0 0.546044212890625 1 0.565856890625 0.9934135260416667 0.7938723671875 0.8988872864583333 0.78356180078125 0.8437493880208334 0.389684451171875 1 0.546044212890625 1