0 0.23195905859375 0.9453398125 0.261320951171875 0.9344292734374999 0.093000896484375 0.45703477604166665 0.056329099609375 0.4696071197916667 0.23195905859375 0.9453398125
0 0.261320951171875 0.9344292734374999 0.29299734375 0.923976421875 0.13147655859375 0.44422709374999997 0.09531544921875 0.4574924895833334 0.261320951171875 0.9344292734374999
0 0.173928197265625 0.4269879401041667 0.1404512421875 0.44086972135416663 0.300103330078125 0.9070071197916666 0.32638962890625 0.8980920625 0.173928197265625 0.4269879401041667
0 0.330203873046875 0.904208453125 0.351550244140625 0.8951823828125001 0.2161889609375 0.46617970312499996 0.190811619140625 0.47511605989583333 0.330203873046875 0.904208453125
0 0.35339309765625 0.8977547708333334 0.369038544921875 0.8910708385416667 0.242305392578125 0.4699559348958333 0.242933306640625 0.4658677265625 0.24203382421875 0.45906609895833334 0.2171725390625 0.46992040885416664 0.35339309765625 0.8977547708333334
0 0.375980564453125 0.909476234375 0.39805563671875 0.9002788437499999 0.266065919921875 0.46216615624999996 0.24066108984375 0.4714113177083334 0.375980564453125 0.909476234375
0 0.4033271875 0.9060526197916667 0.43097472265625 0.8935413177083333 0.28687351171875 0.4004341979166666 0.253011064453125 0.41140099479166664 0.4033271875 0.9060526197916667
0 0.44824830859375 0.893487734375 0.465822826171875 0.8843465989583333 0.328279732421875 0.38969761458333335 0.293216923828125 0.4029503619791666 0.43620398828125 0.8933138072916668 0.44824830859375 0.893487734375
0 0.376759310546875 0.4306328072916667 0.349192005859375 0.43988415364583333 0.467109396484375 0.8770309921875 0.485326349609375 0.8727481406250001 0.487255408203125 0.8702908697916666 0.376759310546875 0.4306328072916667
0 0.49308323046875 0.8859525729166666 0.515887005859375 0.8765838619791667 0.406553853515625 0.4247298385416667 0.379324833984375 0.4348035885416666 0.49308323046875 0.8859525729166666
0 0.436807466796875 0.3922349453125 0.405859771484375 0.40251644270833337 0.52175875390625 0.8812146223958334 0.544822779296875 0.8704072916666666 0.436807466796875 0.3922349453125
0 0.548334392578125 0.8719610416666667 0.5719953125 0.8633926510416666 0.469964322265625 0.38558208593750004 0.43937896875 0.3946359921875 0.548334392578125 0.8719610416666667
0 0.504103 0.378417328125 0.475341310546875 0.388184890625 0.577780900390625 0.8730530572916666 0.6041756875 0.8630641145833334 0.504103 0.378417328125
0 0.6070142421875 0.8611708333333333 0.62981791796875 0.8518021432291666 0.534494416015625 0.3582478697916667 0.506589876953125 0.3688157864583333 0.6070142421875 0.8611708333333333
0 0.6311468203125 0.8504878124999999 0.65420758984375 0.843062421875 0.566704171875 0.34851478125 0.537065869140625 0.3606489296875 0.6311468203125 0.8504878124999999
0 0.58464630078125 0.32842328645833335 0.566086140625 0.33579244270833336 0.656564380859375 0.8495214635416667 0.6710725859375 0.8440310546875001 0.58464630078125 0.32842328645833335
0 0.61006386328125 0.32745694010416665 0.589317744140625 0.3353400208333333 0.675851703125 0.8590132265625 0.691153994140625 0.8554156171875 0.61006386328125 0.32745694010416665
0 0.695181259765625 0.87450628125 0.74318792578125 0.868229109375 0.67588758984375 0.3305581328125 0.668571392578125 0.32672601822916664 0.65519816015625 0.327866359375 0.618677994140625 0.341461703125 0.695181259765625 0.87450628125
0 0.79899530859375 0.8641255182291667 0.747525705078125 0.31016739583333336 0.739510234375 0.31205185416666664 0.7359514453125 0.3249110182291667 0.7303790234375 0.3282248515625 0.729393375 0.3264528385416667 0.726393998046875 0.31513551562500003 0.6887596875 0.3259871822916667 0.7517293828125 0.8790570364583333 0.79899530859375 0.8641255182291667
0 0.799467064453125 0.8620108619791668 0.8281424921875 0.8572729375 0.785874404296875 0.2936818567708333 0.74932626953125 0.30673846614583333 0.799467064453125 0.8620108619791668
0 0.823919509765625 0.28143192708333337 0.794889888671875 0.29903195052083337 0.789275134765625 0.29634451041666665 0.831185701171875 0.8575593776041667 0.8594757265625 0.8499064114583333 0.823919509765625 0.28143192708333337
0 0.8742688515625 0.32545407291666667 0.83410532421875 0.3399059791666667 0.86243277734375 0.8552224947916667 0.898392646484375 0.8445761171875 0.8742688515625 0.32545407291666667
0 0.898824439453125 0.8406554244791667 0.931743482421875 0.8339179765625001 0.91952101171875 0.31074075520833333 0.87632641015625 0.32396846614583336 0.898824439453125 0.8406554244791667