0 0.167655943359375 0.949269796875 0.190581490234375 0.9441997760416667 0.06535780859375 0.4907752265625 0.04316659765625 0.4992595286458333 0.167655943359375 0.949269796875
0 0.090963099609375 0.48098562760416663 0.066211341796875 0.49044889583333334 0.19167973828125 0.9450116223958333 0.216186724609375 0.9344102005208333 0.090963099609375 0.48098562760416663
0 0.215333189453125 0.9347365286458333 0.242645494140625 0.9242942916666667 0.125018134765625 0.48833060677083334 0.09658630859375 0.4985428671875 0.215333189453125 0.9347365286458333
0 0.1531626328125 0.47814389322916667 0.124996853515625 0.48891243489583336 0.242771005859375 0.9291730833333333 0.271805896484375 0.9157863463541666 0.1531626328125 0.47814389322916667
0 0.2708112734375 0.9135257499999999 0.2903227578125 0.9097611041666666 0.16814913671875 0.45763377604166666 0.1511578828125 0.46343654687499997 0.2708112734375 0.9135257499999999
0 0.202810591796875 0.4899546041666667 0.18086414453125 0.49957702343750005 0.29215528125 0.9139872578125 0.316053560546875 0.9048502942708333 0.202810591796875 0.4899546041666667
0 0.311905185546875 0.9027412057291667 0.332878966796875 0.8971857499999999 0.224143689453125 0.48158701302083334 0.20366412890625 0.4896282734375 0.311905185546875 0.9027412057291667
0 0.239869171875 0.46470081510416666 0.22328851953125 0.4735034375 0.335439455078125 0.8962068046875 0.3526748359375 0.8902861796875 0.239869171875 0.46470081510416666
0 0.3544614140625 0.8901659296875 0.37006934765625 0.885430328125 0.259258419921875 0.45633923437499996 0.24157617578125 0.46404814062500005 0.3544614140625 0.8901659296875
0 0.27596123828125 0.45213353125000005 0.259989361328125 0.45947170833333334 0.371286818359375 0.8825013828125 0.38834665625 0.8766478723958334 0.27596123828125 0.45213353125000005
0 0.3871395234375 0.8789039348958334 0.40420969921875 0.8723775442708334 0.29293353515625 0.4471594453125 0.277913072265625 0.45261898697916664 0.3871395234375 0.8789039348958334
0 0.311902541015625 0.40020955468749997 0.2854437734375 0.4103254609375 0.404454453125 0.8735156197916667 0.433963236328125 0.8646969973958334 0.311902541015625 0.40020955468749997
0 0.342020095703125 0.38992648958333337 0.313245599609375 0.40215945312499995 0.436159771484375 0.8663205911458333 0.464791111328125 0.8541938619791667 0.342020095703125 0.38992648958333337
0 0.46688609765625 0.8545730807291667 0.51126851953125 0.8376044739583333 0.4019228359375 0.4150602760416667 0.35522462890625 0.4341459635416667 0.46688609765625 0.8545730807291667
0 0.44922980859375 0.39451010677083337 0.40216759765625 0.41619839062499997 0.51541689453125 0.8397135598958334 0.560044013671875 0.8238830520833332 0.44922980859375 0.39451010677083337
0 0.562240623046875 0.8255067005208333 0.585040541015625 0.8155579374999999 0.476131052734375 0.3920181770833333 0.450089615234375 0.4028032786458333 0.562240623046875 0.8255067005208333
0 0.590287205078125 0.8184787708333333 0.611988890625 0.8077182395833334 0.504023837890625 0.37999945052083334 0.4769123359375 0.3900848333333333 0.590287205078125 0.8184787708333333
0 0.616137208984375 0.8098273489583333 0.64028012890625 0.8018285052083334 0.529829875 0.3698530208333333 0.5059317109375 0.37898993750000004 0.616137208984375 0.8098273489583333
0 0.64247672265625 0.803452078125 0.664423177734375 0.7938296953125 0.558477078125 0.36866239322916666 0.533495046875 0.37830532031249997 0.64247672265625 0.803452078125
0 0.587266064453125 0.35774719791666665 0.560198521484375 0.36932754947916663 0.666375001953125 0.7943151145833333 0.689161640625 0.7873747005208332 0.587266064453125 0.35774719791666665
0 0.691980236328125 0.7845255390625 0.729051359375 0.77651075 0.625251484375 0.3295871588541667 0.587015029296875 0.34798958072916664 0.691980236328125 0.7845255390625
0 0.668098234375 0.3169892682291667 0.6293264296875 0.334276171875 0.733563744140625 0.7760172786458334 0.77197159765625 0.7613329140624999 0.668098234375 0.3169892682291667
0 0.704058572265625 0.29092366927083335 0.669634294921875 0.30449106249999996 0.77197159765625 0.7613329140624999 0.79209178515625 0.7561038072916667 0.807818904296875 0.7476275130208333 0.704058572265625 0.29092366927083335
0 0.8273303671875 0.7438627916666666 0.84352086328125 0.7351317578125 0.74197690234375 0.2739630755208333 0.709788380859375 0.28750131510416665 0.808917248046875 0.7484392395833334 0.8273303671875 0.7438627916666666
0 0.744876091796875 0.23590369270833333 0.84451980078125 0.7335957630208334 0.858910171875 0.7317889739583333 0.86988665234375 0.7312874895833333 0.880492677734375 0.7247691328125 0.894081197265625 0.7198648385416666 0.790231296875 0.21486808072916666 0.744876091796875 0.23590369270833333
0 0.896464546875 0.7174309140625 0.94243485546875 0.7035503385416666 0.850106162109375 0.18943683854166668 0.7979128203125 0.21193122395833333 0.896464546875 0.7174309140625