0 0.18971727734375 0.7950358854166667 0.22401271484375 0.7962824557291667 0.23221200390625 0.3519557291666667 0.19133781640625 0.3464238229166667 0.18971727734375 0.7950358854166667
0 0.2462245 0.8049983307291666 0.2565165078125 0.803073453125 0.27158298828125 0.3694320833333333 0.234024388671875 0.363363296875 0.2251958515625 0.8002490208333333 0.23561783984375 0.8032027031250001 0.2462245 0.8049983307291666
0 0.308824765625 0.3724580260416666 0.2738454765625 0.3698072161458333 0.261098251953125 0.7971092890625 0.292986666015625 0.7988109765625001 0.308824765625 0.3724580260416666
0 0.292255091796875 0.8180438020833334 0.3323153984375 0.8172928515625001 0.359668591796875 0.31545197135416664 0.314272453125 0.30831615625000003 0.292255091796875 0.8180438020833334
0 0.412017916015625 0.3230255989583333 0.365248830078125 0.31461259635416666 0.33418236328125 0.8226637734375001 0.373004955078125 0.8239829036458333 0.412017916015625 0.3230255989583333
0 0.457754650390625 0.3493025729166667 0.41427499609375 0.34303225520833336 0.37740205859375 0.8191769661458334 0.415171494140625 0.8214080989583333 0.457754650390625 0.3493025729166667
0 0.497343759765625 0.824118984375 0.55579921484375 0.3492492630208333 0.47165796484375 0.33561534375 0.42162026171875 0.8208148697916666 0.497343759765625 0.824118984375
0 0.501002373046875 0.8239454765625 0.57096094921875 0.8292470937499999 0.641867443359375 0.363886609375 0.5589039609375 0.352550078125 0.501002373046875 0.8239454765625
0 0.5928034765625 0.8402792630208333 0.604647921875 0.84000475 0.6825796640625 0.368233875 0.646047884765625 0.36393264583333335 0.5747495390625 0.8339521484375 0.5928034765625 0.8402792630208333
0 0.6856844140625 0.37153465104166666 0.6065149609375 0.8453756067708333 0.61085742578125 0.8466062994791667 0.6223325 0.8486480442708334 0.63207064453125 0.8501974505208333 0.63765094140625 0.8493580937499999 0.720978357421875 0.37790596875 0.6856844140625 0.37153465104166666
0 0.646801375 0.8773705 0.67793747265625 0.8813530182291666 0.777930216796875 0.396467484375 0.7441885859375 0.3917465807291667 0.646801375 0.8773705
0 0.814461873046875 0.40076872395833335 0.77985177734375 0.39580164322916667 0.6796744140625 0.88184528125 0.711673875 0.8841912786458334 0.814461873046875 0.40076872395833335
0 0.715413052734375 0.8968156484375 0.777869763671875 0.9036225078125 0.89417938671875 0.42457179427083336 0.82564315625 0.41604194791666665 0.715413052734375 0.8968156484375
0 0.95813387890625 0.43906576562500005 0.894678609375 0.427134140625 0.7773705390625 0.9010601588541666 0.830730552734375 0.9139394635416668 0.95813387890625 0.43906576562500005