0 0.151615935546875 0.3552788385416667 0.1019719609375 0.3530844505208333 0.099705498046875 0.4106295911458333 0.0925658671875 0.8703429921875 0.141058103515625 0.8670858802083333 0.151615935546875 0.3552788385416667
0 0.145287232421875 0.8705505052083334 0.191181220703125 0.8729328203125001 0.195344927734375 0.3617981223958333 0.15122896875 0.3611762473958333 0.145287232421875 0.8705505052083334
0 0.191079921875 0.885796484375 0.222904390625 0.8875280208333334 0.22622265625 0.36431084375 0.19632133203125 0.36445546874999996 0.191079921875 0.885796484375
0 0.243680021484375 0.231320859375 0.235378388671875 0.23332371875 0.228177388671875 0.23492236979166667 0.222987408203125 0.9202216354166667 0.229556859375 0.9219784244791667 0.240613421875 0.9232681875000001 0.258368427734375 0.9243488854166667 0.27362648046875 0.9182054088541666 0.28047075 0.23660297395833332 0.271017384765625 0.23351936979166665 0.256947916015625 0.2328685807291667 0.243680021484375 0.231320859375
0 0.29526962109375 0.8939886979166666 0.324274716796875 0.8934105130208333 0.329893982421875 0.38895073177083334 0.301435970703125 0.3883335911458334 0.29526962109375 0.8939886979166666
0 0.325490947265625 0.8975140625 0.3528283046875 0.8997126223958333 0.359948609375 0.3929807552083333 0.331110208984375 0.3930543151041667 0.325490947265625 0.8975140625
0 0.3868273046875 0.9135828489583333 0.399744986328125 0.909147203125 0.3997161015625 0.3436127916666667 0.360039380859375 0.3417982734375 0.35913978515625 0.9054009296875 0.3676625390625 0.9113472499999999 0.3868273046875 0.9135828489583333
0 0.41580341796875 0.3474702421875 0.40301462109375 0.3499401171875 0.40471125 0.9126977473958333 0.419324404296875 0.9163832994791666 0.433393873046875 0.9170340755208333 0.444514931640625 0.9173409088541667 0.442944107421875 0.34820159375 0.428398677734375 0.34794907812500003 0.41580341796875 0.3474702421875
0 0.448108283203125 0.907855890625 0.480863365234375 0.9067246927083333 0.4812401953125 0.39950510677083334 0.447416119140625 0.3977077760416667 0.448108283203125 0.907855890625
0 0.48348930078125 0.911983140625 0.5124943984375 0.9114049557291667 0.514408185546875 0.40446341927083335 0.48346972265625 0.40290390364583334 0.48348930078125 0.911983140625
0 0.519862060546875 0.26710391666666666 0.514779537109375 0.9671351223958333 0.560699287109375 0.9691247916666667 0.565691552734375 0.27046916145833333 0.519862060546875 0.26710391666666666
0 0.561677791015625 0.9428932343750001 0.589816724609375 0.9441948489583334 0.596992966796875 0.39336686197916665 0.567315287109375 0.39287616927083335 0.561677791015625 0.9428932343750001
0 0.638869685546875 0.3437786276041667 0.600970640625 0.34267292447916664 0.591834572265625 0.9474015234375001 0.619844515625 0.9506689270833334 0.63538823828125 0.951491671875 0.638869685546875 0.3437786276041667
0 0.6763712421875 0.9721191770833334 0.6909552265625 0.33103645833333334 0.652440138671875 0.3301602760416667 0.63717575 0.9695277994791667 0.6763712421875 0.9721191770833334
0 0.716525037109375 0.9827456927083333 0.7366204140625 0.9821185625000001 0.74578811328125 0.9782359244791666 0.760335240234375 0.3490339661458333 0.74203659375 0.34491856510416663 0.725083208984375 0.34294092447916663 0.700656892578125 0.34232012239583337 0.684958595703125 0.9770825833333333 0.716525037109375 0.9827456927083333
0 0.819176470703125 1 0.846301095703125 0.3508247552083333 0.784448783203125 0.3426191666666667 0.773833154296875 0.34758860416666665 0.75326153125 0.9877075885416667 0.763802134765625 0.9968605885416667 0.7725841171875 1 0.819176470703125 1