0 0.1233269609375 0.14172047916666666 0.091224552734375 0.13527492708333333 0.073694984375 0.7481663776041666 0.097873494140625 0.752749 0.1006545078125 0.75670825 0.1233269609375 0.14172047916666666
0 0.10371815234375 0.758530328125 0.10730040625 0.7626779505208333 0.128273958984375 0.7665070807291667 0.13430658203125 0.7646199401041667 0.160466625 0.14824849739583332 0.1250262890625 0.14211999739583334 0.123468275390625 0.14065189322916666 0.10371815234375 0.758530328125
0 0.135767748046875 0.7660652734375 0.16673347265625 0.7755490130208332 0.197747607421875 0.1537079296875 0.164060603515625 0.14688983333333333 0.135767748046875 0.7660652734375
0 0.168995876953125 0.7771827187499999 0.20104547265625 0.7847176640625001 0.2336620859375 0.16325332552083333 0.199560078125 0.15964308854166667 0.168995876953125 0.7771827187499999
0 0.208775240234375 0.7887385677083333 0.223056244140625 0.7931978802083334 0.242568630859375 0.7955816770833333 0.25180621484375 0.7944480338541666 0.294231115234375 0.2424999609375 0.2453428125 0.23210799739583332 0.20759670703125 0.7851560677083333 0.208775240234375 0.7887385677083333
0 0.258074818359375 0.7970236041666667 0.2699521015625 0.8009177942708333 0.279189685546875 0.7997841510416667 0.32227451171875 0.24909303645833333 0.311717078125 0.24771276302083334 0.29984063671875 0.24492058072916667 0.298096001953125 0.24451041145833333 0.258074818359375 0.7970236041666667
0 0.28154675390625 0.8069491536458333 0.30266162109375 0.8097096979166666 0.348715427734375 0.2553093671875 0.32496786328125 0.2486244427083333 0.28154675390625 0.8069491536458333
0 0.375957583984375 0.26171406770833333 0.351415337890625 0.2548423125 0.304688046875 0.8068806901041666 0.31534014453125 0.8137922604166666 0.3273587421875 0.8166178645833333 0.375957583984375 0.26171406770833333
0 0.4009373359375 0.26648506510416664 0.376920056640625 0.26194034895833335 0.331552908203125 0.809891265625 0.342205005859375 0.8168028333333334 0.352385146484375 0.8147889791666666 0.4009373359375 0.26648506510416664
0 0.418584119140625 0.25190312760416667 0.4091169609375 0.249677375 0.3603690390625 0.7858153776041666 0.368381435546875 0.7876991145833333 0.375875224609375 0.7872573072916667 0.418584119140625 0.25190312760416667
0 0.43790445703125 0.20576220572916668 0.423066587890625 0.206681015625 0.422256953125 0.20538885937499998 0.37371020703125 0.8286170234375 0.3796961796875 0.8333297682291666 0.390112296875 0.835778625 0.400528416015625 0.8382274817708333 0.41042592578125 0.838350796875 0.4658065390625 0.21342386718749998 0.452986701171875 0.21040988802083335 0.43790445703125 0.20576220572916668
0 0.419098248046875 0.8414914895833333 0.437526765625 0.8458240807291667 0.448225515625 0.8461357708333334 0.451854419921875 0.8436835104166667 0.51175984375 0.2220239921875 0.473321041015625 0.21408873697916667 0.416599865234375 0.8353950703124999 0.419098248046875 0.8414914895833333
0 0.463543736328125 0.8552461666666668 0.472640005859375 0.8551811067708334 0.48333875390625 0.8554927942708334 0.49149246875 0.8563079453125 0.55436687109375 0.23093920833333334 0.5159386015625 0.22300642968749998 0.455436673828125 0.8478311328125 0.463543736328125 0.8552461666666668
0 0.579346623046875 0.23571020572916668 0.558414849609375 0.23299270572916667 0.494933408203125 0.8615241536458332 0.5052082109375 0.86504159375 0.51510571875 0.8651649088541666 0.579346623046875 0.23571020572916668
0 0.518970603515625 0.8671753619791667 0.53032927734375 0.8687440078124999 0.5384829921875 0.8695591562499999 0.608473888671875 0.24035448697916664 0.595512734375 0.23840909375 0.58688914453125 0.23638166406250002 0.58495530078125 0.23702882031250003 0.518970603515625 0.8671753619791667
0 0.5574301171875 0.8762172942708334 0.62850488671875 0.24506382812500002 0.622094966796875 0.24355683854166665 0.613195302734375 0.24366811979166667 0.543007798828125 0.8728265703125001 0.55248136328125 0.8761556354166666 0.5574301171875 0.8762172942708334
0 0.631769705078125 0.246933203125 0.5574301171875 0.8762172942708334 0.560635076171875 0.8769707890624999 0.56959003125 0.8779743125 0.580006150390625 0.880423171875 0.590422267578125 0.8828720260416666 0.662958201171875 0.25316389322916666 0.65494580078125 0.25128015625 0.64452968359375 0.24883129947916668 0.631769705078125 0.246933203125
0 0.5969268515625 0.8899103125 0.609086763671875 0.8916673333333334 0.69038832421875 0.25190012760416663 0.673490966796875 0.25013113020833333 0.5969268515625 0.8899103125
0 0.632841330078125 0.8994557109375 0.643398763671875 0.9008359817708333 0.727669302734375 0.2573595598958333 0.693950876953125 0.25163588541666665 0.612150408203125 0.8934894114583334 0.619361568359375 0.8951847734374999 0.632841330078125 0.8994557109375
0 0.652872326171875 0.9041650520833334 0.6584810078125 0.9054836666666667 0.664089685546875 0.9068022812500001 0.7521304453125 0.2598050130208333 0.7479829296875 0.25993173177083334 0.740198138671875 0.25810150520833336 0.738368052734375 0.2576712473958333 0.652872326171875 0.9041650520833334
0 0.666634720703125 0.9062988177083334 0.67530704296875 0.9094395130208334 0.68892812109375 0.9126418645833333 0.698543 0.9149023463541667 0.789270109375 0.26633303125 0.783661431640625 0.26501441666666664 0.770040353515625 0.26181206510416666 0.756509541015625 0.2597327395833333 0.666634720703125 0.9062988177083334
0 0.81156351171875 0.27267607552083334 0.7995449140625 0.2698504713541667 0.7971411953125 0.26928534895833334 0.705376865234375 0.9132035807291666 0.717395462890625 0.9160291848958333 0.81156351171875 0.27267607552083334
0 0.73342026171875 0.9197966588541666 0.749727689453125 0.9214269609375 0.848420548828125 0.2813412604166667 0.842151943359375 0.2787656901041667 0.83173582421875 0.27631683333333334 0.8159573125 0.2726072630208333 0.7199405 0.9155257213541667 0.73342026171875 0.9197966588541666
0 0.87768912890625 0.2849169557291667 0.86647176953125 0.2822797265625 0.864588021484375 0.3027712109375 0.760898396484375 0.9306640755208333 0.767308314453125 0.9321710625 0.87768912890625 0.2849169557291667
0 0.79935791015625 0.9397060078125 0.81340293359375 0.9397026041666666 0.930853591796875 0.2952124479166667 0.880637662109375 0.28340654947916666 0.76928808984375 0.9359419401041666 0.778243041015625 0.9369454635416666 0.79935791015625 0.9397060078125