0 0.46281958203125 1 0.211097748046875 0.8796868906249999 0.205715541015625 0.9047135390625001 0.2053372734375 0.9074921484375 0.447297189453125 1 0.46281958203125 1
0 0.538024134765625 1 0.213689865234375 0.8479509296875 0.208123021484375 0.8738361223958333 0.469597962890625 1 0.538024134765625 1
0 0.6166436796875 1 0.220083865234375 0.8142829765625 0.217283259765625 0.8233688854166666 0.21485244921875 0.8425450520833334 0.548637595703125 1 0.6166436796875 1
0 0.640737466796875 1 0.64934006640625 0.9637285651041667 0.23040501953125 0.7584176197916667 0.22226046484375 0.8002254505208333 0.6360918984375 1 0.640737466796875 1
0 0.6501276015625 0.9561300416666666 0.659989724609375 0.9181454583333334 0.240496658203125 0.7114926536458334 0.23242334765625 0.7490326276041667 0.6501276015625 0.9561300416666666
0 0.660328740234375 0.9126324895833333 0.669403328125 0.8822464348958333 0.24219699609375 0.6760301875 0.23518394140625 0.7047035026041667 0.660328740234375 0.9126324895833333
0 0.668735810546875 0.87747715625 0.677252380859375 0.8457492369791666 0.248257236328125 0.6399775963541666 0.242810626953125 0.6692402890625 0.668735810546875 0.87747715625
0 0.675468826171875 0.8382962317708333 0.683761138671875 0.8076110911458333 0.316675359375 0.6288946328125 0.310223994140625 0.6588927447916667 0.675468826171875 0.8382962317708333
0 0.68723451953125 0.7953968515625 0.694186537109375 0.7630707630208334 0.323069359375 0.5952266822916666 0.317741345703125 0.6200013385416666 0.68723451953125 0.7953968515625
0 0.69385803515625 0.7527885130208333 0.70203558984375 0.7265735677083334 0.315272876953125 0.5527477734375 0.3109533984375 0.5767694244791667 0.69385803515625 0.7527885130208333
0 0.702598865234375 0.7200178151041667 0.707981072265625 0.6949911666666666 0.31998230859375 0.530849453125 0.31577898046875 0.5503944453125 0.702598865234375 0.7200178151041667
0 0.7138065390625 0.6757765755208333 0.725243728515625 0.6225949453125 0.3305329765625 0.4660437083333333 0.3200522421875 0.5147779244791667 0.7138065390625 0.6757765755208333
0 0.725024728515625 0.615740109375 0.738808748046875 0.5634557369791667 0.342867201171875 0.40869096875 0.3319408984375 0.4594970338541667 0.725024728515625 0.615740109375
0 0.741626318359375 0.5542909479166667 0.75407530078125 0.49246801562500003 0.330973068359375 0.33409008333333334 0.318463048828125 0.39226024218750005 0.741626318359375 0.5542909479166667
0 0.7550818359375 0.4917243229166666 0.76820359375 0.4267730598958333 0.343422048828125 0.27226715104166666 0.33214621875 0.32863506770833334 0.7550818359375 0.4917243229166666
0 0.7668685546875 0.41723450260416667 0.7858105234375 0.3409662552083333 0.36628066015625 0.1895967213541667 0.351310970703125 0.2592040677083333 0.7668685546875 0.41723450260416667
0 0.78413646875 0.3369406692708334 0.7944523671875 0.288972921875 0.394922681640625 0.15089258854166668 0.386903537109375 0.19605386718749998 0.78413646875 0.3369406692708334
0 0.799047041015625 0.271544796875 0.8173214921875 0.19050727343749999 0.404039328125 0.057325645833333334 0.38862259375 0.13688486197916666 0.799047041015625 0.271544796875
0 0.41610084375 0 0.40739794921875 0.0495816015625 0.815986453125 0.18096871354166666 0.8346281171875 0.10778770572916667 0.63289502734375 0.030659664062499998 0.536210375 0 0.41610084375 0