0 0.2742144140625 0.8467374635416666 0.166089041015625 0.2996912291666667 0.16139654296875 0.30148529947916664 0.145809458984375 0.30575146875 0.131313640625 0.3121402109375 0.11950054296875 0.31919647395833334 0.2278760078125 0.8644538958333333 0.2742144140625 0.8467374635416666
0 0.294316708984375 0.8280460390625 0.336549181640625 0.8118994166666668 0.247025166015625 0.3661059010416667 0.203992205078125 0.380865375 0.294316708984375 0.8280460390625
0 0.339900318359375 0.8097715885416666 0.382382880859375 0.7918361536458334 0.288671076171875 0.35018353906250005 0.248331744140625 0.365606359375 0.339900318359375 0.8097715885416666
0 0.2934135234375 0.333131609375 0.38757555859375 0.7864644609375001 0.393359326171875 0.7867929635416666 0.403162646484375 0.7821982890625 0.40659563671875 0.7774993723958333 0.310533056640625 0.3308193359375 0.30851875390625 0.32735646875 0.303739876953125 0.3257971744791667 0.2980424921875 0.32882203645833336 0.2934135234375 0.333131609375
0 0.413720763671875 0.7781616354166667 0.4232739921875 0.7753557734375001 0.42829843359375 0.7692018020833333 0.32695226953125 0.318615640625 0.319577052734375 0.31974219010416666 0.3118516953125 0.324389 0.40911012109375 0.7773846145833333 0.413720763671875 0.7781616354166667
0 0.43139948046875 0.7688627864583334 0.44983299609375 0.7601219557291666 0.35883558984375 0.36060804166666666 0.34198012890625 0.36705234375 0.43139948046875 0.7688627864583334
0 0.45368883984375 0.7603409583333334 0.471704029296875 0.7526066640625001 0.37844223046875 0.35141869531250003 0.3610050078125 0.3580854192708333 0.45368883984375 0.7603409583333334
0 0.477064943359375 0.7480172473958334 0.503123765625 0.7363610546875 0.397512484375 0.29841133593749997 0.371868337890625 0.30821578906249997 0.477064943359375 0.7480172473958334
0 0.505638251953125 0.736246296875 0.53303843359375 0.7249238645833334 0.4270906796875 0.28540959114583336 0.400699009765625 0.29465324479166666 0.505638251953125 0.736246296875
0 0.536283744140625 0.7219898984375 0.576001732421875 0.7059580338541668 0.47502371875 0.29840760677083333 0.43659558203125 0.313946328125 0.536283744140625 0.7219898984375
0 0.5799394296875 0.7036059479166666 0.618652529296875 0.6888048776041668 0.514491615234375 0.2841645546875 0.477246640625 0.2992509192708333 0.5799394296875 0.7036059479166666
0 0.560375490234375 0.2200590208333333 0.548894337890625 0.22275538281249999 0.53799975 0.22522748437499998 0.528614755859375 0.22881562239583333 0.5176383125 0.23385881249999999 0.508726736328125 0.23895914583333333 0.50850793359375 0.24158259375 0.625104712890625 0.6863380338541667 0.6305520078125 0.6851019817708334 0.64622094921875 0.6782647213541666 0.65677906640625 0.6742280651041667 0.66792374609375 0.6699671510416666 0.678731955078125 0.6641416848958334 0.564481423828125 0.21848921093749998 0.560375490234375 0.2200590208333333
0 0.621546185546875 0.19751840104166665 0.61400273046875 0.19786267447916664 0.60461773828125 0.2014508125 0.59288649609375 0.20593598437500002 0.581155255859375 0.21042115625 0.570499267578125 0.21618842708333333 0.68501590234375 0.6608925625000001 0.69079966796875 0.6612210651041667 0.69825673828125 0.6575234270833333 0.708646623046875 0.6527044947916667 0.722974201171875 0.6455334765624999 0.732359197265625 0.6419453359375 0.73881137890625 0.6394784921875 0.624815466796875 0.19796166145833335 0.621546185546875 0.19751840104166665
0 0.6604740546875 0.17755563020833331 0.6505025 0.18136802864583335 0.642040541015625 0.1862964609375 0.63269026953125 0.19241111458333335 0.748247435546875 0.6358708307291666 0.750761919921875 0.6357560729166667 0.7638345234375 0.6316046588541667 0.772046392578125 0.6284650390625001 0.7843641953125 0.623755609375 0.789638728515625 0.6158128255208334 0.672714529296875 0.1813417421875 0.6693588671875 0.1775451171875 0.6604740546875 0.17755563020833331
0 0.7187074140625 0.15021184635416665 0.715438130859375 0.14976858854166666 0.7078946796875 0.15011286197916665 0.698677921875 0.15448327604166667 0.6881198046875 0.1585199296875 0.680709822265625 0.164739359375 0.679157662109375 0.16702598958333334 0.797936978515625 0.6160265703125 0.80061969921875 0.6166940885416666 0.8070718828125 0.6142272447916667 0.815702076171875 0.6100810885416666 0.8243322734375 0.6059349322916666 0.834303830078125 0.6021225338541667 0.841006103515625 0.5978668776041667 0.7187074140625 0.15021184635416665
0 0.84729005078125 0.5946177552083333 0.876449919921875 0.582622546875 0.759607576171875 0.145580375 0.730588435546875 0.15752177864583333 0.84729005078125 0.5946177552083333
0 0.894637869140625 0.581594984375 0.925220955078125 0.5673624453125 0.801667287109375 0.12272702343750001 0.77466926953125 0.1322025 0.894637869140625 0.581594984375
0 0.92857208984375 0.5652346171875 0.9723096328125 0.5442795781249999 0.84767374609375 0.1093704921875 0.807779365234375 0.12377659895833333 0.92857208984375 0.5652346171875