0 0.76190240625 1 0.76226021484375 0.9846554973958334 0.37927548828125 0.9839645989583333 0.378828869140625 0.9922190937500001 0.4901802734375 1 0.76190240625 1
0 0.38255784765625 0.9211891901041667 0.379494140625 0.9784017734375 0.763243224609375 0.9803790338541667 0.76400967578125 0.9608793854166667 0.764516984375 0.9272398697916667 0.38255784765625 0.9211891901041667
0 0.384686875 0.8670235078125 0.383589796875 0.9156675703125 0.76541483203125 0.9251300338541667 0.7665645078125 0.8958805625 0.76677375390625 0.8698242447916668 0.384686875 0.8670235078125
0 0.38771375 0.8107479791666666 0.385627302734375 0.8638303541666666 0.7651909609375 0.8686273567708334 0.77006342578125 0.8483283359375 0.7695877265625 0.8189652890625 0.38771375 0.8107479791666666
0 0.7745490078125 0.817139390625 0.776163412109375 0.7553337213541668 0.370849259765625 0.7422196145833334 0.36744655859375 0.8080567916666667 0.7745490078125 0.817139390625
0 0.387134609375 0.6803528177083332 0.386155255859375 0.7052690338541666 0.38432879296875 0.7310042578124999 0.769147294921875 0.7472394296874999 0.77474728515625 0.7291638255208334 0.777309431640625 0.7054445 0.775765564453125 0.6825245494791666 0.77319610546875 0.6649643749999999 0.767890521484375 0.6548170364583333 0.38871008984375 0.6402702109375 0.387943640625 0.6597698567708333 0.387134609375 0.6803528177083332
0 0.360967982421875 0.49602779947916664 0.359605404296875 0.5306938385416667 0.35687659375 0.5793861666666666 0.35475665234375 0.6333206927083334 0.772851802734375 0.6529911354166666 0.77541760546875 0.6499115598958333 0.779349642578125 0.6328056953125 0.782511572265625 0.6145597265625 0.783405763671875 0.5918101354166666 0.78365758984375 0.5646705078124999 0.781130712890625 0.5460270208333333 0.777578244140625 0.5327433151041666 0.360967982421875 0.49602779947916664
0 0.77910748828125 0.4731042734375 0.780299744140625 0.4427714895833333 0.77760254296875 0.4284612578125 0.774050076171875 0.41517755208333335 0.36710689453125 0.381310125 0.36213182421875 0.4871506458333333 0.775480828125 0.5239064427083333 0.77910748828125 0.4731042734375
0 0.401534197265625 0.33473822395833336 0.401452693359375 0.35754460156249995 0.398163021484375 0.3790405104166667 0.77259873046875 0.4106364140625 0.775803240234375 0.3913071328125 0.777552701171875 0.3675310182291667 0.777719365234375 0.34255801562500005 0.773183888671875 0.3335507786458333 0.401952689453125 0.2826255885416667 0.402680216796875 0.28484900520833334 0.402513548828125 0.30982200781249997 0.401534197265625 0.33473822395833336
0 0.415462990234375 0.24989468489583333 0.41482428125 0.26614439322916666 0.41517745703125 0.27789184375000003 0.765312505859375 0.3264830130208333 0.7692019609375 0.3104604583333333 0.769585185546875 0.30071063541666665 0.772491630859375 0.28896454947916667 0.772232494140625 0.2748246822916667 0.770177658203125 0.26490449479166667 0.419476529296875 0.2099824453125 0.41793997265625 0.22834198697916666 0.415462990234375 0.24989468489583333
0 0.793656755859375 0.24807822916666666 0.7997178203125 0.17680667708333334 0.399953765625 0.10542078385416666 0.394246732421875 0.18841802604166666 0.793656755859375 0.24807822916666666
0 0.79757782421875 0.16905311979166668 0.801885771484375 0.1009179296875 0.401734833984375 0.018642111979166667 0.396241603515625 0.09619994791666665 0.79757782421875 0.16905311979166668
0 0.4331745703125 0 0.431773044921875 0.021537122395833334 0.80141373046875 0.09219463020833334 0.80767312890625 0.020813114583333334 0.50981971484375 0 0.4331745703125 0