0 0.210466859375 0.0596505390625 0.216918689453125 0.13017002604166666 0.707187158203125 0.09717608854166666 0.705355185546875 0.022623179687499998 0.210466859375 0.0596505390625
0 0.708759279296875 0.162427421875 0.708163091796875 0.09822975260416666 0.2171043125 0.132524796875 0.22474477734375 0.20388066666666668 0.708759279296875 0.162427421875
0 0.22490328515625 0.20880740625000002 0.23010071875 0.27474112760416664 0.711771474609375 0.22858638802083334 0.708340216796875 0.16843814062499998 0.22490328515625 0.20880740625000002
0 0.23149005859375 0.31501976822916666 0.239843072265625 0.4209846067708333 0.646428890625 0.3712875 0.639259625 0.2662081276041667 0.23149005859375 0.31501976822916666
0 0.6983527578125 0.4948151744791667 0.691346921875 0.39461353125000004 0.2349904765625 0.4459663828125 0.2438704453125 0.5513635989583333 0.6983527578125 0.4948151744791667
0 0.244427306640625 0.5584278229166667 0.2533371875 0.6714569661458333 0.708353025390625 0.6087495625 0.69802649609375 0.5020033177083333 0.244427306640625 0.5584278229166667
0 0.718959697265625 0.7335773567708334 0.70860982421875 0.61360759375 0.253103716796875 0.6798224557291667 0.262192951171875 0.8035087942708333 0.718959697265625 0.7335773567708334
0 0.264196109375 0.80921128125 0.271477521484375 0.9355629661458332 0.7333185703125 0.863174265625 0.722629984375 0.7461573359375001 0.264196109375 0.80921128125
0 0.734369197265625 0.9064057395833333 0.731072984375 0.8759174479166667 0.2727319296875 0.9401488958333334 0.27533063671875 0.9731156354166667 0.734369197265625 0.9064057395833333
0 0.317573703125 1 0.73519969140625 0.9493215130208333 0.731300767578125 0.91278765625 0.280722169921875 0.9735504218750001 0.282038806640625 1 0.317573703125 1
0 0.519652921875 1 0.73534373046875 0.9697733098958333 0.734270732421875 0.9504640885416666 0.33585215625 1 0.519652921875 1