0 0.574684798828125 1 0.574769142578125 0.9980946354166668 0.284258302734375 0.94358621875 0.453955787109375 1 0.574684798828125 1
0 0.206502642578125 0.9177373359375 0.2246063125 0.923755671875 0.577332537109375 0.9933567526041666 0.5832396875 0.9662522473958334 0.21095641796875 0.8939198515625 0.206502642578125 0.9177373359375
0 0.585013453125 0.9612518645833333 0.589737318359375 0.9359900130208333 0.216270765625 0.8655002682291667 0.213350193359375 0.890089046875 0.585013453125 0.9612518645833333
0 0.59289119921875 0.9280943984375 0.60293173046875 0.8788857708333334 0.2310421171875 0.8044482239583334 0.222810880859375 0.8619220859375 0.59289119921875 0.9280943984375
0 0.604705498046875 0.8738853880208333 0.615929314453125 0.822834109375 0.241867642578125 0.7465564765625 0.232650462890625 0.8003324635416668 0.604705498046875 0.8738853880208333
0 0.619481484375 0.8217789635416667 0.62656496484375 0.7794133723958333 0.229011259765625 0.6942081015625 0.220581564453125 0.7392876536458334 0.619481484375 0.8217789635416667
0 0.631497248046875 0.7754629999999999 0.63996083984375 0.7302021796874999 0.23825984375 0.6402641640625 0.231018142578125 0.6879610807291666 0.631497248046875 0.7754629999999999
0 0.638576091796875 0.7241517890625001 0.644286412109375 0.698099859375 0.245938443359375 0.6036864635416667 0.24125572265625 0.6332134947916667 0.638576091796875 0.7241517890625001
0 0.647442609375 0.6946770546875 0.65177050390625 0.667047546875 0.250460845703125 0.5705315677083334 0.245976515625 0.5989976640625 0.647442609375 0.6946770546875
0 0.65492669921875 0.6636247447916667 0.659254591796875 0.6359952369791667 0.25636567578125 0.5389542526041667 0.2520796875 0.5663596822916667 0.65492669921875 0.6636247447916667
0 0.660437876953125 0.6341525833333334 0.671453275390625 0.561789828125 0.263625126953125 0.4552807864583333 0.250879326171875 0.532412015625 0.660437876953125 0.6341525833333334
0 0.6748086171875 0.5617872604166666 0.688588876953125 0.49257966666666664 0.276411974609375 0.37344483854166666 0.265050193359375 0.44765995052083335 0.6748086171875 0.5617872604166666
0 0.26494517578125 0.30918016666666664 0.2558911015625 0.35759871875 0.709133330078125 0.4993292760416667 0.714459267578125 0.49327374479166664 0.721345919921875 0.45196073177083335 0.26494517578125 0.30918016666666664
0 0.726669541015625 0.441432390625 0.73316021875 0.3977517239583333 0.275173265625 0.24102772135416664 0.266951037109375 0.29396820572916665 0.726669541015625 0.441432390625
0 0.72859609765625 0.35039602864583336 0.73410958984375 0.3253966744791667 0.296062498046875 0.17865545833333332 0.286268287109375 0.24000246354166666 0.72091981640625 0.3914465364583333 0.7236730859375 0.37223764583333335 0.72859609765625 0.35039602864583336
0 0.749276916015625 0.26671228645833334 0.752819814453125 0.2477658984375 0.313584802734375 0.09392170833333334 0.301189291015625 0.16917969270833333 0.7390395546875 0.3169734895833333 0.745537189453125 0.2867112526041667 0.749276916015625 0.26671228645833334
0 0.754197609375 0.24039785677083333 0.764821669921875 0.17461306510416666 0.314920876953125 0.006043075520833333 0.3041543359375 0.08156021354166666 0.754197609375 0.24039785677083333
0 0.345013486328125 0 0.770339798828125 0.15855933854166668 0.78274458203125 0.10119259635416666 0.538324880859375 0 0.345013486328125 0