0 0.49695241015625 0 0.153159580078125 0.1674085390625 0.146791865234375 0.17322864062499999 0.14892494921875 0.18708382812500002 0.527857212890625 0 0.49695241015625 0
0 0.51984614453125 0.03407478645833333 0.520162142578125 0.03160755208333333 0.172184763671875 0.20076131249999998 0.170964484375 0.21477006770833332 0.17611717578125 0.230856328125 0.1829491796875 0.25081461197916666 0.530707556640625 0.08851568489583334 0.5303685390625 0.08300271614583334 0.525434849609375 0.060061619791666666 0.51984614453125 0.03407478645833333
0 0.532611125 0.093430484375 0.191668982421875 0.25199486458333337 0.189327408203125 0.26078973177083337 0.18989594140625 0.27524309114583334 0.193932595703125 0.294013078125 0.198970529296875 0.30562914583333334 0.5433755390625 0.14348378385416666 0.542812265625 0.13692803645833332 0.538327091796875 0.11607249479166666 0.532611125 0.093430484375
0 0.205249771484375 0.33482690364583334 0.210741478515625 0.35642613802083334 0.574145390625 0.18814549479166667 0.563519669921875 0.14267369270833333 0.56226494140625 0.14077592187500002 0.201546875 0.31367227604166664 0.205249771484375 0.33482690364583334
0 0.21556578125 0.3827951666666667 0.218371640625 0.3997786875 0.222742056640625 0.41616403124999995 0.229010783203125 0.42956656770833335 0.588268427734375 0.24594284114583334 0.57630558203125 0.2021267265625 0.57426540625 0.20051329947916666 0.21556578125 0.3827951666666667
0 0.23205141796875 0.46338808593749997 0.240447974609375 0.4827482005208333 0.5700992265625 0.3228580494791667 0.557127482421875 0.2704140807291667 0.555084412109375 0.26878720572916664 0.224875142578125 0.4300192213541667 0.23205141796875 0.46338808593749997
0 0.240338474609375 0.48617561458333336 0.25344971875 0.5353316588541667 0.584780283203125 0.37931353125 0.5710293203125 0.3271828723958333 0.240338474609375 0.48617561458333336
0 0.25457101171875 0.5405455442708333 0.263426599609375 0.5777864348958334 0.600566859375 0.41729006510416666 0.5905164296875 0.3784298723958333 0.25457101171875 0.5405455442708333
0 0.26711898046875 0.5831458385416667 0.276866345703125 0.6166602265625 0.6105437421875 0.4597448385416667 0.6012778671875 0.4205961640625 0.26711898046875 0.5831458385416667
0 0.651477931640625 0.4926208255208333 0.641765822265625 0.4513972005208333 0.273851998046875 0.6223267630208333 0.276099841796875 0.6406521432291666 0.281701048828125 0.6588239583333334 0.651477931640625 0.4926208255208333
0 0.283714119140625 0.6603113411458333 0.293576244140625 0.6982959218749999 0.661679072265625 0.5361183776041667 0.651187021484375 0.4952047005208333 0.283714119140625 0.6603113411458333
0 0.669194365234375 0.5750002135416666 0.65960162890625 0.53826825 0.660896794921875 0.5364174635416666 0.29067139453125 0.7005350416666666 0.2981866875 0.7394168776041666 0.669194365234375 0.5750002135416666
0 0.681512818359375 0.6086601197916667 0.6714789921875 0.5777502994791667 0.296178875 0.7458271067708333 0.301790595703125 0.7797941432291666 0.68308262890625 0.6159595625 0.681512818359375 0.6086601197916667
0 0.62589846484375 0.6886058958333333 0.615363568359375 0.647492984375 0.61335049609375 0.6460056041666666 0.307939310546875 0.780828875 0.316909654296875 0.8225399583333334 0.62589846484375 0.6886058958333333
0 0.639572984375 0.7443176848958334 0.62684763671875 0.6930194296875 0.625006689453125 0.6923323984374999 0.320487279296875 0.8234291692708333 0.329457625 0.8651402526041667 0.639572984375 0.7443176848958334
0 0.6647573984375 0.7945004140625 0.654611787109375 0.7512610651041666 0.653101205078125 0.7481736171875001 0.330020900390625 0.871696 0.341343333984375 0.9204074375000001 0.6647573984375 0.7945004140625
0 0.68066924609375 0.8527423645833333 0.66806499609375 0.8059437864583333 0.66655146875 0.8028426302083332 0.341906607421875 0.9269631848958334 0.35300478125 0.97463184375 0.68066924609375 0.8527423645833333
0 0.445921974609375 1 0.692560212890625 0.9159071614583333 0.6800686328125 0.86569590625 0.67877619140625 0.8636227890625 0.355356869140625 0.9816322005208334 0.359307029296875 1 0.445921974609375 1