0 0.389602107421875 0 0.7672762109375 0.08391048697916666 0.773052322265625 0.04384277604166667 0.676605841796875 0.021995223958333334 0.5196529140625 0 0.389602107421875 0
0 0.355130349609375 0 0.351699125 0.043527908854166665 0.76137843359375 0.124747828125 0.766997775390625 0.08744267708333332 0.355299828125 0 0.355130349609375 0
0 0.346029154296875 0.04749488541666667 0.344732625 0.08659618229166667 0.788249046875 0.16898679166666666 0.796524810546875 0.13223379947916666 0.346029154296875 0.04749488541666667
0 0.784162521484375 0.19817398177083334 0.784623751953125 0.16966917708333332 0.34426856640625 0.092483140625 0.34215767578125 0.1287850078125 0.784162521484375 0.19817398177083334
0 0.337673310546875 0.13084187760416668 0.3371192734375 0.16052402604166668 0.78079298046875 0.23215109114583332 0.783093779296875 0.20040498697916667 0.337673310546875 0.13084187760416668
0 0.778593849609375 0.2688171536458333 0.7801238203125 0.23808134114583335 0.334005822265625 0.16603970052083333 0.332454345703125 0.20205276041666667 0.778593849609375 0.2688171536458333
0 0.3336852578125 0.2040873385416667 0.328251521484375 0.23903772135416668 0.774411603515625 0.3006473567708333 0.77850103515625 0.26999457552083334 0.3336852578125 0.2040873385416667
0 0.327973091796875 0.24256983333333335 0.325470076171875 0.2969771640625 0.728545572265625 0.34870219270833336 0.731746150390625 0.29677339583333334 0.327973091796875 0.24256983333333335
0 0.719303765625 0.409307578125 0.72464183203125 0.3529166875 0.325703486328125 0.3053426458333333 0.3229143984375 0.36044502083333335 0.719303765625 0.409307578125
0 0.757421537109375 0.44678993489583335 0.7599274375 0.41500053645833335 0.3151594765625 0.3598135494791667 0.31432700390625 0.393027890625 0.757421537109375 0.44678993489583335
0 0.31121361328125 0.3985435703125 0.310566763671875 0.4294031432291667 0.75375407421875 0.4819878411458333 0.757235916015625 0.44914470052083333 0.31121361328125 0.3985435703125
0 0.3121473828125 0.4320054296875 0.3091323984375 0.48157945572916666 0.7077830546875 0.5230483359375 0.712851970703125 0.4798269921875 0.3121473828125 0.4320054296875
0 0.705241443359375 0.5763727630208334 0.708861087890625 0.5304546067708333 0.30513586328125 0.4869712942708333 0.303408591796875 0.5331517447916666 0.705241443359375 0.5763727630208334
0 0.298310015625 0.5395825572916667 0.2933881953125 0.5793661614583333 0.701807427734375 0.6199360755208333 0.70584612890625 0.5800287135416667 0.298310015625 0.5395825572916667
0 0.6974902890625 0.6633756276041667 0.7012505546875 0.6270004583333334 0.29143627734375 0.5814733229166666 0.290231658203125 0.6255715442708333 0.6974902890625 0.6633756276041667
0 0.690709390625 0.7040892109375 0.69516716015625 0.6701924895833334 0.2878166328125 0.6273914817708334 0.2857897734375 0.6694637526041666 0.690709390625 0.7040892109375
0 0.286056109375 0.6723796640624999 0.28327176171875 0.7077014088541667 0.702659716796875 0.7450469088541666 0.706931884765625 0.7135048749999999 0.286056109375 0.6723796640624999
0 0.276718640625 0.7115446223958334 0.274538958984375 0.7505221536458334 0.7038269453125 0.7868741770833334 0.707587212890625 0.7504990026041667 0.276718640625 0.7115446223958334
0 0.26794088671875 0.7662628880208334 0.26474033984375 0.8181916875 0.7400435078125 0.8598020390625 0.744875984375 0.8123549609374999 0.26794088671875 0.7662628880208334
0 0.7344719921875 0.9078273645833334 0.738974755859375 0.8620329661458334 0.261022169921875 0.8200514869791666 0.260357544921875 0.8675250651041666 0.7344719921875 0.9078273645833334
0 0.266048177734375 0.8695619401041667 0.263311623046875 0.9156038541666667 0.680997693359375 0.9500397447916668 0.68738801953125 0.9048002734375 0.266048177734375 0.8695619401041667
0 0.674526326171875 1 0.67828401953125 0.9523305598958333 0.2630331875 0.9191360442708333 0.2592038515625 0.9690092135416667 0.4353172109375 0.9936895598958334 0.5346281953125 1 0.674526326171875 1