0 0.10427225390625 0.772984109375 0.12873339453125 0.7754295625 0.170074427734375 0.22543028645833332 0.144692587890625 0.218361140625 0.10427225390625 0.772984109375
0 0.132220986328125 0.7740458880208334 0.1550796484375 0.77611459375 0.196656658203125 0.23057803124999998 0.173420701171875 0.22511519531250002 0.132220986328125 0.7740458880208334
0 0.15880321875 0.7791936328125 0.21465403125 0.7879170729166667 0.2581161484375 0.24062008593749998 0.20027448046875 0.22922497395833333 0.15880321875 0.7791936328125
0 0.25829827734375 0.801483375 0.289451970703125 0.8032986484375 0.2925228125 0.2553200338541667 0.262174978515625 0.25479602864583334 0.25829827734375 0.801483375
0 0.34253305078125 0.31445533333333336 0.307390494140625 0.31280407552083334 0.30509947265625 0.8036719921875001 0.332105650390625 0.8056139817708333 0.340601287109375 0.32281563802083335 0.34253305078125 0.31445533333333336
0 0.332861599609375 0.8311332994791667 0.37122644921875 0.8346439375 0.383537599609375 0.3229938046875 0.341050916015625 0.3207177291666667 0.332861599609375 0.8311332994791667
0 0.41656648046875 0.8353872213541668 0.423164365234375 0.8292257421875 0.424774044921875 0.27980179947916667 0.3953641484375 0.27729468489583337 0.392906578125 0.8331301432291666 0.40186153125 0.8341336666666667 0.41656648046875 0.8353872213541668
0 0.463893484375 0.2901006875 0.43533216796875 0.288894890625 0.43273259375 0.8380861093749999 0.459880083984375 0.838959515625 0.46379162109375 0.8343700859375001 0.463893484375 0.2901006875
0 0.503250263671875 0.32359335677083334 0.469749533203125 0.32232809635416665 0.47241729296875 0.8441106614583332 0.50187383984375 0.840017890625 0.502779666015625 0.3333989921875 0.503250263671875 0.32359335677083334
0 0.54076722265625 0.3335155026041667 0.508878708984375 0.3326292786458333 0.508388345703125 0.334717609375 0.50569207421875 0.8486282265625 0.537128396484375 0.8483063307291667 0.54076722265625 0.3335155026041667
0 0.540805314453125 0.85798525 0.5575366875 0.8564097994791666 0.56720677734375 0.321000765625 0.5511168203125 0.31942159375 0.540805314453125 0.85798525
0 0.588981568359375 0.32501827083333334 0.5727556640625 0.32450894270833336 0.559233830078125 0.86231784375 0.57408009375 0.8625028124999999 0.5786515546875 0.8591703411458332 0.588981568359375 0.32501827083333334
0 0.58218715625 0.8699178463541667 0.60386728515625 0.8684040520833333 0.61853278125 0.32645679427083335 0.602314029296875 0.3259491484375 0.58218715625 0.8699178463541667
0 0.608345443359375 0.8782713463541666 0.628423091796875 0.8763808046875 0.649262529296875 0.3314778255208333 0.62956294140625 0.3323554401041667 0.608345443359375 0.8782713463541666
0 0.6339851171875 0.8842993020833334 0.686818939453125 0.8846007786458333 0.713128458984375 0.379547125 0.65573169921875 0.37817288541666666 0.6339851171875 0.8842993020833334
0 0.70240565625 0.8926724921875001 0.753449029296875 0.9002656901041667 0.858798669921875 0.4159981927083333 0.80459698828125 0.4010516171875 0.70240565625 0.8926724921875001
0 0.769992435546875 0.9063587057291667 0.82702178515625 0.9186646484375 0.927705298828125 0.43219832291666666 0.86966739453125 0.41634984114583334 0.769992435546875 0.9063587057291667