0 0.1610797890625 0.75232359375 0.193887453125 0.7471018098958333 0.17513476953125 0.25022984895833333 0.137990763671875 0.24895229166666666 0.1610797890625 0.75232359375
0 0.2173949375 0.7477776119791667 0.249947404296875 0.7457932057291666 0.217857537109375 0.2562169739583333 0.181593259765625 0.2563719583333333 0.2173949375 0.7477776119791667
0 0.26075630859375 0.7518903489583333 0.292772251953125 0.7504853802083334 0.260580302734375 0.26220409895833335 0.2237899765625 0.26293998958333337 0.26075630859375 0.7518903489583333
0 0.296963599609375 0.7595829114583333 0.329950515625 0.758314015625 0.299419181640625 0.2676469401041667 0.26253641015625 0.26967913020833334 0.296963599609375 0.7595829114583333
0 0.33723727734375 0.7658814505208333 0.36299294140625 0.762944546875 0.32984880078125 0.20579390885416668 0.298872265625 0.20734453906250003 0.33723727734375 0.7658814505208333
0 0.37014824609375 0.7718028177083333 0.39035940625 0.770707421875 0.359642697265625 0.2138969609375 0.336596447265625 0.21459504947916666 0.37014824609375 0.7718028177083333
0 0.394908029296875 0.7752726276041666 0.416626689453125 0.7737338645833334 0.3902283125 0.21818319791666665 0.36680612109375 0.21751934895833333 0.394908029296875 0.7752726276041666
0 0.418594765625 0.7799013177083333 0.44856668359375 0.7795191588541667 0.43129046484375 0.22655611718750002 0.398498869140625 0.22654313281250002 0.418594765625 0.7799013177083333
0 0.469592818359375 0.23257839843749997 0.4367596953125 0.23321422135416667 0.43650382421875 0.23514224739583334 0.452809072265625 0.7879692161458333 0.4821934296875 0.7888139713541666 0.469592818359375 0.23257839843749997
0 0.49011432421875 0.7879601119791667 0.51852770703125 0.788668796875 0.510861578125 0.2632376171875 0.47993055859375 0.264794625 0.49011432421875 0.7879601119791667
0 0.54180201953125 0.238115328125 0.5163218515625 0.23912695833333333 0.51599531640625 0.24169970833333332 0.520112375 0.793473265625 0.545025279296875 0.7950006510416667 0.54180201953125 0.238115328125
0 0.54671202734375 0.7985101692708333 0.5692485390625 0.7990499010416667 0.574815068359375 0.2427417421875 0.548371873046875 0.24361841406249998 0.54671202734375 0.7985101692708333
0 0.573387625 0.7963568098958334 0.600293509765625 0.7975088619791667 0.613270537109375 0.24682159635416667 0.582466400390625 0.24708713281250003 0.573387625 0.7963568098958334
0 0.60323255859375 0.8038123880208333 0.631058376953125 0.805747984375 0.65394928125 0.25383153124999996 0.622286125 0.25266742708333334 0.60323255859375 0.8038123880208333
0 0.6925153125 0.27625645833333334 0.66601841796875 0.27712560416666665 0.63502669140625 0.8187420286458332 0.640213919921875 0.8214328463541666 0.6526834375 0.8251441927083333 0.669138921875 0.8281048776041667 0.684980708984375 0.8263971614583333 0.69384644140625 0.8197840625 0.7349057109375 0.28023312239583337 0.72174655078125 0.2790436380208333 0.6925153125 0.27625645833333334
0 0.70588519140625 0.8600942005208333 0.773316703125 0.8701986119791667 0.870855666015625 0.18079738020833333 0.795072978515625 0.17214115364583335 0.70588519140625 0.8600942005208333
0 0.77860601171875 0.8715944765625 0.810264677734375 0.8747218359375001 0.91406391796875 0.18685254166666665 0.879619529296875 0.18333479427083332 0.77860601171875 0.8715944765625
0 0.8169545 0.8272168828124999 0.827686232421875 0.8280661901041667 0.907204650390625 0.3299094036458333 0.893693458984375 0.3286705859375 0.8169545 0.8272168828124999
0 0.83254108984375 0.8287465442708334 0.867445044921875 0.834292578125 0.950898388671875 0.3360325989583333 0.914191005859375 0.3302338359375 0.83254108984375 0.8287465442708334