0 0.502069693359375 1 0.794136078125 0.84902525 0.7835514609375 0.8131250338541666 0.43912165625 0.9885877916666667 0.441577138671875 1 0.502069693359375 1
0 0.7736878828125 0.8031721354166667 0.76376769921875 0.76778325 0.428312126953125 0.9347988411458333 0.43706281640625 0.9727530130208333 0.7736878828125 0.8031721354166667
0 0.457827140625 0.9167670208333334 0.76421677734375 0.7616331145833333 0.758152359375 0.7398409375 0.452352185546875 0.889523265625 0.457827140625 0.9167670208333334
0 0.7645063515625 0.7323298932291666 0.753463099609375 0.691352546875 0.402108208984375 0.8603048541666666 0.412318716796875 0.9083181171875 0.7645063515625 0.7323298932291666
0 0.388884234375 0.8028862265625 0.398673591796875 0.8488038203125 0.3990947421875 0.8508994921875 0.748390927734375 0.6856775390625001 0.737066908203125 0.6433030755208333 0.388884234375 0.8028862265625
0 0.729898541015625 0.6383769661458333 0.72158798828125 0.6054078645833333 0.381228552734375 0.7592011953125 0.389165408203125 0.7959006015625 0.729898541015625 0.6383769661458333
0 0.71718024609375 0.6002441901041666 0.709431228515625 0.5700693203125 0.372983412109375 0.7209677395833333 0.381021146484375 0.7553742005208334 0.71718024609375 0.6002441901041666
0 0.69978300390625 0.566777890625 0.687083076171875 0.5091720416666666 0.377632931640625 0.6406918645833334 0.391353029296875 0.7061690755208333 0.69978300390625 0.566777890625
0 0.684387865234375 0.5041452526041666 0.670218689453125 0.4448181770833333 0.363248404296875 0.5747033229166667 0.37727953515625 0.6361384192708334 0.684387865234375 0.5041452526041666
0 0.315506994140625 0.5886820182291667 0.317359904296875 0.5895174609375 0.678166783203125 0.4396496432291667 0.678437990234375 0.4298194921875 0.67619185546875 0.4186425703125 0.672860134765625 0.4048586354166666 0.669425521484375 0.3933576015625 0.66473701171875 0.38679681250000003 0.302666681640625 0.5303776119791667 0.315506994140625 0.5886820182291667
0 0.301171552734375 0.5285275963541667 0.66469952734375 0.38381535677083334 0.665466857421875 0.38204379166666663 0.665457296875 0.37081652604166665 0.663351544921875 0.36033816145833336 0.66030059375 0.34795134375 0.65756789453125 0.33994309895833336 0.652214955078125 0.33287097656250003 0.28779558984375 0.4675577473958333 0.301171552734375 0.5285275963541667
0 0.335567763671875 0.4257828984375 0.33989063671875 0.4472938072916666 0.64746103515625 0.3315745390625 0.64833126171875 0.327520078125 0.646468791015625 0.31545736979166666 0.644222654296875 0.30428044531250004 0.6403014765625 0.29594809114583337 0.635893734375 0.29078441666666666 0.329185095703125 0.3996121484375 0.3329004765625 0.4125102994791667 0.335567763671875 0.4257828984375
0 0.646505525390625 0.27651122395833333 0.633421931640625 0.21979115625 0.262283279296875 0.3434016822916666 0.275301458984375 0.4053861015625 0.646505525390625 0.27651122395833333
0 0.2460083515625 0.27359623958333334 0.260495779296875 0.33730188541666667 0.269788263671875 0.3332332890625 0.632682529296875 0.21331691145833334 0.620647033203125 0.15622239583333333 0.2460083515625 0.27359623958333334
0 0.618810765625 0.1470850078125 0.608010796875 0.10452332291666666 0.248494544921875 0.21050474739583333 0.25948207421875 0.2595895833333333 0.618810765625 0.1470850078125
0 0.1950305546875 0.13451916666666666 0.2120516484375 0.21362743750000002 0.21208237109375 0.21378030989583333 0.610134916015625 0.09552861458333334 0.59504846875 0.02604728385416667 0.1950305546875 0.13451916666666666
0 0.4506303125 0 0.185646826171875 0.09466948177083334 0.194050560546875 0.13243757552083332 0.592531126953125 0.024700507812499998 0.587567265625 0 0.4506303125 0