0 0.1490833125 0.08039091145833334 0.142131646484375 0.07713740885416666 0.124264580078125 0.06941027083333333 0.111471546875 0.066585875 0.0243680078125 0.68009975 0.06553040625 0.6883160885416667 0.1490833125 0.08039091145833334
0 0.106753291015625 0.7010054921875 0.189513447265625 0.09283628645833332 0.177195615234375 0.0868173359375 0.16786570703125 0.08283175520833333 0.157376919921875 0.08071666145833332 0.15117944921875 0.083263375 0.06851833203125 0.6903494557291667 0.106753291015625 0.7010054921875
0 0.11754772265625 0.6965330000000001 0.14706245703125 0.7045047421875 0.223108060546875 0.15440363802083332 0.193593328125 0.14643190104166667 0.11754772265625 0.6965330000000001
0 0.154929451171875 0.7024719479166667 0.1838345 0.7091424010416666 0.2569510546875 0.17595744531250002 0.228046001953125 0.16928699218749999 0.154929451171875 0.7024719479166667
0 0.181698197265625 0.7263025729166667 0.22334769921875 0.7413505234375001 0.300431212890625 0.1804328046875 0.259138189453125 0.16883541927083334 0.181698197265625 0.7263025729166667
0 0.24566721875 0.7426529557291667 0.295732908203125 0.7524963333333333 0.375075302734375 0.1688881171875 0.325260064453125 0.15355377864583333 0.24566721875 0.7426529557291667
0 0.432213626953125 0.190931125 0.381192982421875 0.17299851041666667 0.29872083203125 0.7545297031249999 0.34799377734375 0.7641290520833333 0.347750224609375 0.7607132473958332 0.432213626953125 0.190931125
0 0.351104279296875 0.7606320963541666 0.376228658203125 0.76502515625 0.467280814453125 0.17165815364583334 0.440327392578125 0.16336123697916666 0.351104279296875 0.7606320963541666
0 0.38000933203125 0.7673025494791667 0.406170009765625 0.7753554401041667 0.49600280078125 0.17938586458333336 0.47079773828125 0.17162713541666666 0.38000933203125 0.7673025494791667
0 0.408304701171875 0.7726717161458333 0.431660517578125 0.7776339817708333 0.512335197265625 0.27795671614583334 0.487930947265625 0.27044449479166666 0.408304701171875 0.7726717161458333
0 0.433733115234375 0.7849536432291666 0.460503474609375 0.7943078229166667 0.552101607421875 0.22672194010416666 0.525325794921875 0.21847969791666666 0.433733115234375 0.7849536432291666
0 0.463918015625 0.798699734375 0.4916641875 0.8072406796874999 0.58179940625 0.233636421875 0.5554556640625 0.2266407890625 0.463918015625 0.798699734375
0 0.49349484375 0.7966680859375 0.51727727734375 0.8039888958333333 0.60423667578125 0.2728378828125 0.579670787109375 0.2663895182291667 0.49349484375 0.7966680859375
0 0.515935333984375 0.8069166484375 0.543437953125 0.8120417864583334 0.6313731640625 0.2800775390625 0.606813962890625 0.273631234375 0.515935333984375 0.8069166484375
0 0.55544853125 0.8391247708333333 0.578194666015625 0.8427857473958333 0.6892566328125 0.18207990885416667 0.669647796875 0.17604383333333332 0.55544853125 0.8391247708333333
0 0.580025322265625 0.83221315625 0.59130685546875 0.8345722760416666 0.620028841796875 0.8422999869791666 0.642408845703125 0.8480754843749999 0.73778604296875 0.2972434479166667 0.729005330078125 0.2900860859375 0.709186638671875 0.2839854140625 0.67592352734375 0.27485983333333336 0.580025322265625 0.83221315625
0 0.64893389453125 0.8489704427083334 0.66637434375 0.8543390364583333 0.682229298828125 0.8592195755208333 0.70162137890625 0.862961703125 0.7999865 0.3141630364583333 0.78888803125 0.3107466588541667 0.77065483203125 0.3051340390625 0.746739326171875 0.2999994869791667 0.64893389453125 0.8489704427083334
0 0.713282251953125 0.8732328697916666 0.766885064453125 0.8819378385416666 0.86195500390625 0.3521698359375 0.802305095703125 0.33603536979166665 0.713282251953125 0.8732328697916666
0 0.781337587890625 0.8852730651041667 0.828841970703125 0.8954416197916667 0.92147318359375 0.3604684739583333 0.870193884765625 0.34913790624999996 0.781337587890625 0.8852730651041667
0 0.937146681640625 0.3519298229166667 0.9250911328125 0.3504460520833333 0.835489599609375 0.8908062552083332 0.84561225390625 0.8950358645833334 0.86640676171875 0.9003233072916667 0.88067622265625 0.9047157916666667 0.886531103515625 0.8998363984375 0.97160096875 0.36030846614583334 0.969222724609375 0.3595763854166667 0.954160517578125 0.3549398723958333 0.937146681640625 0.3519298229166667