0 0.17040402734375 0.8009558723958333 0.19619784765625 0.8021895885416667 0.178953609375 0.36404794270833335 0.150905828125 0.3614538046875 0.17040402734375 0.8009558723958333
0 0.20479495703125 0.7950608255208333 0.21655294140625 0.79313703125 0.20288853515625 0.36621165625 0.18494926171875 0.367269171875 0.20479495703125 0.7950608255208333
0 0.21799536328125 0.8088157369791666 0.2354705390625 0.8136456953125001 0.217611767578125 0.2813680286458333 0.198882248046875 0.281124296875 0.21799536328125 0.8088157369791666
0 0.236865328125 0.8186032473958332 0.25559484765625 0.8188469791666666 0.24261533984375 0.2813005 0.21779740625 0.2790130390625 0.236865328125 0.8186032473958332
0 0.276961080078125 0.28730417708333333 0.24312712890625 0.2861342265625 0.2608002578125 0.8207669218750001 0.28774503515625 0.8179216744791667 0.276961080078125 0.28730417708333333
0 0.289800140625 0.8153069192708333 0.310295677734375 0.815798140625 0.30046705859375 0.19297681510416667 0.2791349609375 0.19220015885416666 0.289800140625 0.8153069192708333
0 0.32251542578125 0.3663089375 0.304576150390625 0.36736649479166666 0.32140391796875 0.8221168437499999 0.337577119140625 0.8208117942708334 0.32251542578125 0.3663089375
0 0.342918140625 0.3679776536458333 0.324095861328125 0.3689114244791667 0.3410164453125 0.8224843177083333 0.35731361328125 0.8198154088541667 0.342918140625 0.3679776536458333
0 0.361742818359375 0.8087217864583334 0.3840973046875 0.8082830546875001 0.369913634765625 0.3086639661458333 0.344212630859375 0.306252796875 0.361742818359375 0.8087217864583334
0 0.3973807109375 0.3113226744791667 0.37070387890625 0.3099652526041667 0.386608435546875 0.8217305234375 0.407560015625 0.8176921015624999 0.3973807109375 0.3113226744791667
0 0.409055751953125 0.8201141770833332 0.427878029296875 0.8191804505208333 0.424624453125 0.3147108411458333 0.39798531640625 0.31497894791666664 0.409055751953125 0.8201141770833332
0 0.48601092578125 0.33088627083333333 0.4272661015625 0.32860634375000003 0.433687984375 0.8247566562499999 0.488885228515625 0.8199241432291666 0.48601092578125 0.33088627083333333
0 0.488622140625 0.8300740677083334 0.54048824609375 0.8290089791666667 0.548735533203125 0.33472215364583335 0.487498482421875 0.3346662447916667 0.488622140625 0.8300740677083334
0 0.576216408203125 0.30781239583333336 0.55474504296875 0.30837492968749997 0.547693115234375 0.8395426770833333 0.56510064453125 0.837151171875 0.576216408203125 0.30781239583333336
0 0.56883839453125 0.8317913958333333 0.58766073046875 0.8308576744791667 0.6017905625 0.3094258411458333 0.57593794921875 0.31134488020833334 0.56883839453125 0.8317913958333333
0 0.6465335703125 0.3105235598958333 0.60182458984375 0.3114011015625 0.588867390625 0.8155502083333334 0.637886166015625 0.8106921041666667 0.6465335703125 0.3105235598958333
0 0.70420969140625 0.3150346875 0.654899908203125 0.31764852083333334 0.641664130859375 0.82533009375 0.691098712890625 0.8207677682291666 0.70420969140625 0.3150346875
0 0.745253501953125 0.3719782708333333 0.712814283203125 0.37576582812500003 0.70310566796875 0.8387024557291666 0.72642111328125 0.8335733463541667 0.745253501953125 0.3719782708333333
0 0.7300609609375 0.8365273932291667 0.75497177734375 0.8376373645833333 0.779692001953125 0.3768044479166666 0.75008756640625 0.37860826302083334 0.7300609609375 0.8365273932291667
0 0.845819732421875 0.3194032083333333 0.802598421875 0.32406077604166666 0.76767287109375 0.8459006041666667 0.8118575859375 0.8408472786458333 0.845819732421875 0.3194032083333333
0 0.817203498046875 0.8523110052083332 0.8631667734375 0.8468471510416666 0.911164697265625 0.3285605833333333 0.861947736328125 0.3299969244791667 0.817203498046875 0.8523110052083332