0 0.483627142578125 0 0.15989566796875 0.037763778645833336 0.16266140625 0.06744145572916667 0.164252119140625 0.07923428125 0.665977107421875 0.03159672395833333 0.665064005859375 0 0.483627142578125 0
0 0.168152166015625 0.13867126302083332 0.170624498046875 0.15145019270833335 0.6683668671875 0.10536615625 0.667087234375 0.036065359375 0.163654146484375 0.08257086979166667 0.164443671875 0.11950286979166667 0.168152166015625 0.13867126302083332
0 0.16706733984375 0.15948775 0.170886958984375 0.192799453125 0.672541037109375 0.14408122395833334 0.670430751953125 0.11192032552083332 0.16706733984375 0.15948775
0 0.170288982421875 0.19613604166666665 0.17248719140625 0.2296368854166667 0.67170915234375 0.18120236718750002 0.671575513671875 0.15426614583333334 0.170288982421875 0.19613604166666665
0 0.673096654296875 0.21479778125 0.671413078125 0.18913994791666666 0.175202947265625 0.23367586458333334 0.174574275390625 0.24899441927083332 0.17690478515625 0.25961200260416667 0.673096654296875 0.21479778125
0 0.175567015625 0.26412383333333334 0.178890263671875 0.2898708307291667 0.674869404296875 0.24181459114583334 0.6750204609375 0.219217140625 0.175567015625 0.26412383333333334
0 0.681414296875 0.30420988020833334 0.67929669140625 0.24703788281250003 0.176599966796875 0.2923158854166667 0.178767478515625 0.3377986953125 0.17968930859375 0.3518474375 0.681414296875 0.30420988020833334
0 0.682213341796875 0.36618648697916667 0.68126208203125 0.3143398984375 0.181594359375 0.35598098697916664 0.183508927734375 0.3851591432291666 0.184400060546875 0.4111898489583334 0.682213341796875 0.36618648697916667
0 0.676171013671875 0.3985987317708333 0.675363705078125 0.37384552083333333 0.186313447265625 0.4154504401041667 0.1914094453125 0.46821425 0.67607892578125 0.43454463020833334 0.676171013671875 0.3985987317708333
0 0.19509676171875 0.5244092161458334 0.676736150390625 0.49435989062499996 0.67989854296875 0.46785633593750003 0.677983974609375 0.4386781822916667 0.189048240234375 0.4695786328125 0.191246447265625 0.5030794765625001 0.19509676171875 0.5244092161458334
0 0.6806361953125 0.553796875 0.678514283203125 0.49655921093750005 0.197883427734375 0.5295288671875 0.200334580078125 0.5793343671875 0.2025941796875 0.5888712786458333 0.6806361953125 0.553796875
0 0.68260049609375 0.6210822760416667 0.680266892578125 0.56061840625 0.203019638671875 0.5953553125000001 0.205501486328125 0.6331788489583333 0.209280890625 0.6534279114583333 0.68260049609375 0.6210822760416667
0 0.6851627734375 0.6850310859375001 0.683924619140625 0.6288122239583334 0.20801403125 0.6590204140625 0.209685171875 0.6969385208333333 0.212795693359375 0.7194435 0.6851627734375 0.6850310859375001
0 0.217617568359375 0.7929292239583333 0.69019737890625 0.7617588281250001 0.68902260546875 0.7314054296875 0.6866297890625 0.6949387291666667 0.21128540625 0.733775953125 0.21362543359375 0.769438140625 0.217617568359375 0.7929292239583333
0 0.217251357421875 0.8495970390625001 0.220888943359375 0.8676847604166666 0.68948613671875 0.8380678854166667 0.689446310546875 0.77521203125 0.216634345703125 0.8028444140625001 0.215651126953125 0.8127596067708334 0.217251357421875 0.8495970390625001
0 0.225037919921875 0.9184656848958334 0.230124400390625 0.9461848854166667 0.679264666015625 0.9188376927083333 0.67925112109375 0.8439325963541666 0.22442091015625 0.8717130598958334 0.224106572265625 0.8793723359375 0.225037919921875 0.9184656848958334
0 0.2344710859375 0.9750793307291666 0.673214 0.9511228906250001 0.677936412109375 0.9483941276041666 0.677943185546875 0.9235978098958334 0.229455515625 0.9484408020833334 0.231400779296875 0.9656369895833333 0.2344710859375 0.9750793307291666
0 0.51637285546875 1 0.700080255859375 0.9785702473958334 0.6995988671875 0.9548372838541667 0.234227658203125 0.9838192812500001 0.23562997265625 1 0.51637285546875 1