0 0.09227108984375 0.9502365677083334 0.11329820703125 0.9449145989583334 0.0555907265625 0.5133091822916667 0.03618921875 0.5142125364583333 0.09227108984375 0.9502365677083334
0 0.11587952734375 0.9502230651041667 0.133739427734375 0.9483057578124999 0.07908555859375 0.508958046875 0.060412552734375 0.5109132109375 0.11587952734375 0.9502230651041667
0 0.175110720703125 0.3209985026041667 0.113419736328125 0.3227851666666667 0.16999566015625 0.871702203125 0.224473671875 0.8691656510416667 0.176964140625 0.3295980520833333 0.175110720703125 0.3209985026041667
0 0.204467693359375 0.3228888046875 0.178626248046875 0.3251777421875 0.2270549921875 0.8744741145833334 0.283915517578125 0.8696551692708333 0.241057404296875 0.32118515104166667 0.204467693359375 0.3228888046875
0 0.28428342578125 0.29311496354166666 0.23891419140625 0.29522740104166667 0.284029123046875 0.8739928046875001 0.290590763671875 0.87585875 0.326338966796875 0.8731085442708334 0.28428342578125 0.29311496354166666
0 0.33393961328125 0.29297438020833333 0.288582681640625 0.2950862447916667 0.331189193359375 0.871796984375 0.3386207421875 0.8757938854166666 0.370331822265625 0.8743173854166667 0.33393961328125 0.29297438020833333
0 0.37596675390625 0.8718835546875 0.418248197265625 0.8699148880208334 0.39010063671875 0.2925309296875 0.340662689453125 0.293747078125 0.37596675390625 0.8718835546875
0 0.4223705234375 0.8718944088541667 0.462968953125 0.8678326432291666 0.442224541015625 0.29336117968750003 0.392827900390625 0.2956611380208333 0.4223705234375 0.8718944088541667
0 0.465907927734375 0.8828960338541667 0.5024408359375 0.8790235625 0.484835234375 0.3000630260416667 0.445806212890625 0.3018802578125 0.465907927734375 0.8828960338541667
0 0.5040954453125 0.8800322526041667 0.536477625 0.8730958489583333 0.52305115625 0.29828365364583337 0.486585337890625 0.2999815416666667 0.5040954453125 0.8800322526041667
0 0.538803333984375 0.868644640625 0.55660643359375 0.8645585182291667 0.5476073671875 0.3655413359375 0.527384921875 0.3653971822916667 0.538803333984375 0.868644640625
0 0.579685779296875 0.8754269583333333 0.571943705078125 0.36223675000000005 0.563841060546875 0.3636997473958334 0.551812513671875 0.3653455390625 0.560171267578125 0.8763355729166666 0.57161153515625 0.8779743645833333 0.579685779296875 0.8754269583333333
0 0.585519517578125 0.8805839869791666 0.6244349375 0.8744291223958333 0.621465220703125 0.29478712760416664 0.579330662109375 0.29674895572916665 0.585519517578125 0.8805839869791666
0 0.6492256953125 0.8884750703125 0.666244091796875 0.8855112161458334 0.66955200390625 0.296891078125 0.62236353125 0.2980024921875 0.62634516015625 0.8851974869791667 0.632963603515625 0.8892322500000001 0.6492256953125 0.8884750703125
0 0.705386720703125 0.8880316171875 0.7150587734375 0.8843240833333333 0.72484312109375 0.29431666666666667 0.68601580078125 0.2972102395833333 0.6784690625 0.8860277395833333 0.68505910546875 0.8889780911458334 0.705386720703125 0.8880316171875
0 0.761462541015625 0.8843349401041666 0.7620484375 0.8756218124999999 0.780219443359375 0.29499548177083335 0.739836025390625 0.30013296614583335 0.7282672578125 0.8913092005208334 0.748509669921875 0.8871095000000001 0.761462541015625 0.8843349401041666
0 0.836437271484375 0.2967208463541667 0.799235787109375 0.298452984375 0.769621990234375 0.8850407578125 0.795556134765625 0.8805760442708334 0.805984490234375 0.8746618359374999 0.836437271484375 0.2967208463541667
0 0.83786598046875 0.8796917864583333 0.8433873046875 0.8729203229166668 0.8827558359375 0.2934784739583333 0.84396763671875 0.29637022395833335 0.807781107421875 0.8810925677083333 0.81916457421875 0.8805625416666666 0.83786598046875 0.8796917864583333
0 0.93816055859375 0.29524169791666666 0.89860116796875 0.29925508333333334 0.852530265625 0.880094734375 0.870418568359375 0.8792618359375001 0.88337144140625 0.8764872734375001 0.93816055859375 0.29524169791666666
0 0.91191530859375 0.8784154348958334 0.923185169921875 0.8735477760416667 0.986975240234375 0.2940545677083333 0.94742794921875 0.298067390625 0.892315591796875 0.8760708255208334 0.901344947265625 0.8789076015625 0.91191530859375 0.8784154348958334