0 0.331631056640625 0.7448172786458334 0.346863458984375 0.7415543411458333 0.32446523046875 0.421974046875 0.3012053203125 0.42215619791666664 0.331631056640625 0.7448172786458334
0 0.374197412109375 0.7255502291666667 0.37530099609375 0.7241289348958334 0.356062021484375 0.41185706510416664 0.331115140625 0.4112764661458333 0.35141035546875 0.7257433854166666 0.35301838671875 0.7272277916666666 0.374197412109375 0.7255502291666667
0 0.38153229296875 0.4138968229166667 0.361540591796875 0.4141550390625 0.378498126953125 0.7285442786458334 0.386632978515625 0.7287336067708333 0.39696553125 0.7268036119791667 0.38153229296875 0.4138968229166667
0 0.42004611328125 0.7041890989583334 0.406126220703125 0.3999994140625 0.38929525390625 0.40105467708333337 0.3866732890625 0.40099365625 0.402644416015625 0.7074015520833333 0.41350982421875 0.7062074479166666 0.42004611328125 0.7041890989583334
0 0.421701490234375 0.7020571588541666 0.43472672265625 0.7016368098958333 0.42420541796875 0.4279127890625 0.410742765625 0.42759946875 0.421701490234375 0.7020571588541666
0 0.4379901328125 0.7009892708333334 0.44993071875 0.7005436770833334 0.44157870703125 0.4268701484375 0.42756825 0.42726756510416664 0.4379901328125 0.7009892708333334
0 0.451853830078125 0.719399171875 0.469236587890625 0.7176332578125 0.4595321953125 0.422947046875 0.443356171875 0.42329406249999996 0.451853830078125 0.719399171875
0 0.473032853515625 0.717721609375 0.49040614453125 0.7166789661458334 0.482871044921875 0.4220432421875 0.465082662109375 0.4216292447916667 0.473032853515625 0.717721609375
0 0.496390640625 0.715371265625 0.506704255859375 0.7148878072916666 0.509463216796875 0.7113345729166666 0.506276171875 0.41607654947916667 0.501965990234375 0.41380576822916665 0.4874178828125 0.4149141666666667 0.4915286640625 0.7138111328125 0.496390640625 0.715371265625
0 0.51087241015625 0.7280076328125 0.528778556640625 0.7277008828125 0.52630426953125 0.41943663281250004 0.509068625 0.41903549999999995 0.51087241015625 0.7280076328125
0 0.53900612890625 0.2460946927083333 0.532772041015625 0.8370407864583332 0.5349318671875 0.8378145416666666 0.53818580859375 0.8378902734375 0.542524396484375 0.8379912473958333 0.545254951171875 0.8366078151041667 0.5479665703125 0.8366709244791667 0.550697123046875 0.8352874947916668 0.559508095703125 0.2451248619791667 0.53900612890625 0.2460946927083333
0 0.55935536328125 0.8369359791666667 0.5718098671875 0.8386728203125 0.577822767578125 0.8351953124999999 0.5958153671875 0.248140328125 0.59473071875 0.24811508333333332 0.587699451171875 0.2465044609375 0.579555130859375 0.24703840624999998 0.57247651953125 0.24904413020833335 0.55935536328125 0.8369359791666667
0 0.58325547265625 0.8345982578125 0.599534646484375 0.8342536406250001 0.628345310546875 0.24962089843750002 0.60842105859375 0.24915719270833334 0.58325547265625 0.8345982578125
0 0.60882989453125 0.8286820546875 0.615318841796875 0.8302800546875 0.62292083984375 0.8297334895833334 0.62728783203125 0.82766465625 0.656659755859375 0.24159799479166666 0.6501329375 0.2428930755208333 0.64037111328125 0.2426658828125 0.6345534453125 0.24253048697916668 0.60882989453125 0.8286820546875
0 0.64843844921875 0.8281569036458333 0.6544324140625 0.8261259322916666 0.68818080078125 0.23726716927083333 0.6666243984375 0.23821245833333335 0.63488036328125 0.8278413593749999 0.642472890625 0.8280180625 0.64843844921875 0.8281569036458333
0 0.67992162109375 0.8267191536458333 0.68538273046875 0.8239522916666666 0.740262798828125 0.23703231510416667 0.718728205078125 0.2372546223958333 0.66796209765625 0.8286112838541667 0.6750217734375 0.8280520963541668 0.67992162109375 0.8267191536458333