0 0.3992120625 0 0.6918887421875 0.07248152604166667 0.696613583984375 0.03865568229166667 0.6116413203125 0.017343768229166667 0.529513138671875 0 0.3992120625 0
0 0.3415827109375 0 0.33745753125 0.03472713802083333 0.654772466796875 0.10748854427083333 0.660287919921875 0.06694336979166667 0.38075448046875 0 0.3415827109375 0
0 0.337341779296875 0.035701583333333335 0.33236457421875 0.0776013671875 0.650738595703125 0.14838328125 0.655194962890625 0.10981759895833333 0.337341779296875 0.035701583333333335
0 0.333479080078125 0.08083332552083333 0.329196365234375 0.11688664322916666 0.6689759375 0.19563305729166666 0.67302984375 0.1618794921875 0.333479080078125 0.08083332552083333
0 0.328849115234375 0.11980991145833332 0.3252973046875 0.15601757552083334 0.66165396484375 0.23204343489583334 0.665473681640625 0.19988776302083333 0.328849115234375 0.11980991145833332
0 0.32483430859375 0.15991522135416666 0.318931107421875 0.2096103619791667 0.638971478515625 0.28212408854166665 0.645842498046875 0.23269979947916666 0.32483430859375 0.15991522135416666
0 0.3196983671875 0.2157655234375 0.31279640625 0.26125432552083333 0.632184283203125 0.332324734375 0.6403229296875 0.2854724895833333 0.3196983671875 0.2157655234375
0 0.3171023359375 0.26915559895833335 0.31281961328125 0.305208984375 0.649870771484375 0.37538830729166667 0.654180974609375 0.34136436197916664 0.3171023359375 0.26915559895833335
0 0.30993246484375 0.31059240625 0.30638065234375 0.34680007552083336 0.64331603515625 0.4179538385416666 0.64906052734375 0.38220921874999997 0.30993246484375 0.31059240625
0 0.305302501953125 0.3495689895833333 0.3013670390625 0.3826990390625 0.613568291015625 0.4476306458333333 0.618003140625 0.4166036979166667 0.305302501953125 0.3495689895833333
0 0.3010197890625 0.38562230468750003 0.297200078125 0.4177779114583333 0.6096328203125 0.48076076041666665 0.614183423828125 0.4487593697916667 0.3010197890625 0.38562230468750003
0 0.295159568359375 0.42234137239583336 0.291954958984375 0.455625765625 0.646203146484375 0.5264407526041667 0.649136705078125 0.49509622395833336 0.295159568359375 0.42234137239583336
0 0.641747412109375 0.5639506197916667 0.64631574609375 0.531458234375 0.291607708984375 0.45854903125 0.289018302734375 0.4929621614583333 0.61033733203125 0.5568226562499999 0.641747412109375 0.5639506197916667
0 0.28928616015625 0.49701414843749997 0.28176246875 0.5603511119791666 0.63123858203125 0.6331543984375 0.6397978671875 0.5734262708333333 0.28928616015625 0.49701414843749997
0 0.282261865234375 0.5624543541666667 0.277046541015625 0.6252798411458333 0.62274625 0.6961637473958334 0.63089133203125 0.6360776640625 0.282261865234375 0.5624543541666667
0 0.27377578125 0.6275857239583333 0.26613634375 0.6918970651041666 0.616075453125 0.760802703125 0.6239827734375 0.7005433515625 0.27377578125 0.6275857239583333
0 0.260964044921875 0.7417465572916666 0.6353693984375 0.812822359375 0.641672625 0.7726678723958332 0.264826751953125 0.6966147473958334 0.260964044921875 0.7417465572916666
0 0.636130068359375 0.8379544739583333 0.63721479296875 0.8162086666666667 0.259039294921875 0.7453355104166667 0.256288755859375 0.7846633645833333 0.6331999609375 0.8563139765625 0.634741083984375 0.8496474114583333 0.636130068359375 0.8379544739583333
0 0.2539463359375 0.7882097395833334 0.24954787890625 0.8252374348958332 0.628130693359375 0.9005408984375 0.6325054765625 0.8621603776041667 0.2539463359375 0.7882097395833334
0 0.2500472265625 0.8273406614583334 0.2458802578125 0.8624195989583333 0.623129806640625 0.941087921875 0.62837488671875 0.9032401953125001 0.2500472265625 0.8273406614583334
0 0.24664752734375 0.8685746953125001 0.2415545703125 0.9114489244791667 0.616760453125 0.9893231223958333 0.622319560546875 0.9479088359375 0.24664752734375 0.8685746953125001
0 0.616057916015625 1 0.616763607421875 0.9946807083333334 0.241706716796875 0.9164754296875 0.238186498046875 0.9509429817708334 0.47048686328125 1 0.616057916015625 1