0 0.095320078125 0.9339621119791667 0.140061279296875 0.9329208307291667 0.14571300390625 0.92953359375 0.15200433203125 0.2912691510416667 0.143855365234375 0.29037356770833334 0.126715548828125 0.2864315338541667 0.11614035546875 0.28667765364583336 0.10489375390625 0.2891098697916667 0.095320078125 0.9339621119791667
0 0.148167638671875 0.9305617005208333 0.195377673828125 0.9316334296875 0.2007845078125 0.2879634010416667 0.156155474609375 0.28791683333333334 0.148167638671875 0.9305617005208333
0 0.244157849609375 0.9283276796875 0.249852185546875 0.9281951536458334 0.247166865234375 0.28796915625 0.203348806640625 0.286818484375 0.200230125 0.9293500286458333 0.2026847578125 0.9303781328124999 0.244157849609375 0.9283276796875
0 0.253933771484375 0.9291853932291666 0.302742353515625 0.9280494505208333 0.300870509765625 0.2878045260416667 0.25448815234375 0.287798765625 0.253933771484375 0.9291853932291666
0 0.303555830078125 0.9280305182291667 0.354019771484375 0.9290265208333334 0.352932998046875 0.2865928515625 0.303473826171875 0.2877439375 0.303555830078125 0.9280305182291667
0 0.4060822578125 0.9278148489583334 0.402512447265625 0.282183265625 0.3886549453125 0.28033530729166667 0.356277689453125 0.2800036015625 0.35890062890625 0.9289129270833333 0.397975900390625 0.9301739817708333 0.4060822578125 0.9278148489583334
0 0.4491823046875 0.9257265286458334 0.454848234375 0.9234241953125001 0.4513494375 0.28321713020833333 0.447267853515625 0.282226890625 0.427716013671875 0.28051145572916664 0.405140986328125 0.28212209114583336 0.409307759765625 0.9255693098958333 0.4491823046875 0.9257265286458334
0 0.483405125 0.9292709869791667 0.49800508984375 0.9256754895833333 0.49317368359375 0.37014775000000005 0.45979274609375 0.3687541692708333 0.465522845703125 0.9307724010416667 0.469590228515625 0.9306777395833333 0.483405125 0.9292709869791667
0 0.508580283203125 0.9254293697916666 0.518342 0.9252021822916667 0.528103716796875 0.9249749921875 0.53622427734375 0.9237007630208334 0.52979432421875 0.37038069791666667 0.49746597265625 0.37113308854166666 0.499589435546875 0.9223829140625001 0.508580283203125 0.9254293697916666
0 0.569668869140625 0.3705379166666667 0.53409569140625 0.37136582552083336 0.54029166015625 0.9236061015625 0.564710154296875 0.9241230364583334 0.57768316796875 0.92056540625 0.569668869140625 0.3705379166666667
0 0.607902259765625 0.36964809375 0.575363205078125 0.370405390625 0.58175055078125 0.9204707421874999 0.60452788671875 0.9199406380208334 0.618328580078125 0.9174489765625 0.607902259765625 0.36964809375
0 0.6606435546875 0.9175493984375 0.675271927734375 0.9161237109374999 0.663823001953125 0.2902097265625 0.6095588359375 0.291472640625 0.62485059375 0.918382421875 0.64191939453125 0.9168999375000001 0.6606435546875 0.9175493984375
0 0.681090744140625 0.9159882864583334 0.7323113515625 0.9126257395833334 0.726599369140625 0.2898339401041667 0.673839408203125 0.28997661197916663 0.681090744140625 0.9159882864583334
0 0.79492062890625 0.9089981380208334 0.789237052734375 0.2883761458333333 0.7444958515625 0.28941742708333335 0.738976267578125 0.291716359375 0.742886544921875 0.9123796171874999 0.781119935546875 0.9114897968750001 0.79492062890625 0.9089981380208334
0 0.7971338125 0.8915828723958333 0.810106826171875 0.8880252421875 0.805058458984375 0.3780824114583334 0.79138841796875 0.3784005625 0.7971338125 0.8915828723958333
0 0.835537634765625 0.9037119010416667 0.8509936875 0.9033521875 0.84387808203125 0.3598151901041667 0.827762486328125 0.35910502083333334 0.835537634765625 0.9037119010416667
0 0.85834337890625 0.9053516015624999 0.875397978515625 0.9027842161458333 0.867440490234375 0.35709634375000004 0.85133074609375 0.35638603645833333 0.85834337890625 0.9053516015624999