0 0.50981971484375 1 0.79203859765625 0.9802793802083333 0.791371669921875 0.9633117109375 0.343708986328125 0.9978519192708334 0.343763474609375 1 0.50981971484375 1
0 0.790346080078125 0.9579519322916666 0.78885941796875 0.8993962005208332 0.343592212890625 0.932682734375 0.3449893828125 0.9889615807291667 0.790346080078125 0.9579519322916666
0 0.787535763671875 0.8864532239583333 0.782926095703125 0.8313745885416667 0.34257759375 0.8654037057291667 0.343974107421875 0.9216658958333334 0.787535763671875 0.8864532239583333
0 0.329620841796875 0.8467558828125 0.33012620703125 0.8596131510416667 0.78536415625 0.8312042239583333 0.7864785625 0.8180908854166667 0.787592970703125 0.8049775442708333 0.785971251953125 0.7844513723958334 0.78229469921875 0.7738453880208334 0.327147513671875 0.8045634348958334 0.327488158203125 0.8132299453125 0.328982134765625 0.8305061770833334 0.329620841796875 0.8467558828125
0 0.32604041796875 0.7763972786458333 0.32598795703125 0.7957953645833333 0.785545447265625 0.7736182343750001 0.78366458984375 0.7672319270833333 0.78730221875 0.7561148515624999 0.787990818359375 0.7321683723958333 0.78491405078125 0.71608903125 0.324337197265625 0.7330647291666667 0.32305246875 0.7418448177083333 0.324716765625 0.7634543020833333 0.32604041796875 0.7763972786458333
0 0.7794843828125 0.7023466796875 0.777483095703125 0.6514309375 0.3388913671875 0.6679566692708333 0.33926031640625 0.7188088333333332 0.7794843828125 0.7023466796875
0 0.77658525 0.6493210989583333 0.77543923046875 0.5994318802083333 0.337745349609375 0.6180674505208333 0.33871354296875 0.6634325546875001 0.77658525 0.6493210989583333
0 0.778477076171875 0.59378815625 0.776642455078125 0.5678454140625 0.358282734375 0.5807848177083333 0.358696896484375 0.6120544869791666 0.778477076171875 0.59378815625
0 0.778140087890625 0.5644819010416667 0.77694783203125 0.5341491145833334 0.356320373046875 0.5515921354166667 0.3565638828125 0.5785202187499999 0.778140087890625 0.5644819010416667
0 0.7742542890625 0.5278195989583333 0.77186612109375 0.48779377864583334 0.33485718359375 0.5031226197916666 0.33646658203125 0.5440681276041667 0.7742542890625 0.5278195989583333
0 0.771695798828125 0.4834605234375 0.770120318359375 0.4433779140625 0.33294105859375 0.4543735052083333 0.334473958984375 0.4933727994791666 0.771695798828125 0.4834605234375
0 0.796513177734375 0.43067076822916667 0.797205435546875 0.38608454166666667 0.26306096484375 0.39733803906250004 0.2640269609375 0.44264725781250003 0.796513177734375 0.43067076822916667
0 0.79057619921875 0.38328890625 0.7907927578125 0.36806572656250003 0.36909712890625 0.3790656536458333 0.36968315625 0.39397509114583334 0.79057619921875 0.38328890625
0 0.7793725625 0.36777744791666667 0.778819015625 0.35369436718749997 0.32867934765625 0.36668188020833337 0.329864958984375 0.376112859375 0.7793725625 0.36777744791666667
0 0.779546541015625 0.351470953125 0.776640095703125 0.3397248671875 0.329538271484375 0.34706865885416666 0.3317597734375 0.36212147395833333 0.779546541015625 0.351470953125
0 0.7795076171875 0.329747890625 0.7795112734375 0.30910814322916663 0.26884955859375 0.31654815364583333 0.26810767578125 0.3391390494791667 0.7795076171875 0.329747890625
0 0.777378587890625 0.27558220572916664 0.269112353515625 0.28176853645833333 0.26872547265625 0.29265846354166664 0.268455314453125 0.306518 0.777460095703125 0.2983885807291667 0.77724719140625 0.29297201302083337 0.777378587890625 0.27558220572916664
0 0.775710634765625 0.27461246614583334 0.771782255859375 0.2368668515625 0.382423775390625 0.241262 0.383817703125 0.27672564843749997 0.775710634765625 0.27461246614583334
0 0.775547625 0.22899971614583334 0.77243193359375 0.1911973098958333 0.38067797265625 0.19684613541666665 0.38211405859375 0.2333823515625 0.775547625 0.22899971614583334
0 0.773376017578125 0.17375071614583334 0.770430646484375 0.14028156770833333 0.376923572265625 0.14279402604166666 0.38011227734375 0.18245397916666664 0.773376017578125 0.17375071614583334
0 0.764277109375 0.1081228828125 0.3488274921875 0.11216862239583332 0.34822770703125 0.11764198177083333 0.34835544921875 0.12089192187499999 0.34878125390625 0.13172505989583333 0.349322271484375 0.14548938802083333 0.76709473828125 0.13834209114583332 0.764277109375 0.1081228828125
0 0.77618031640625 0.037768619791666666 0.77357193359375 0.03360572916666667 0.354999310546875 0.0411285625 0.354379125 0.08754842708333332 0.77437730859375 0.07482844010416666 0.776645046875 0.07032481770833333 0.77618031640625 0.037768619791666666
0 0.49018027734375 0 0.353757412109375 0.009532825520833333 0.353849634765625 0.01187909375 0.353704580078125 0.028921401041666666 0.776269134765625 0.0192955 0.778111068359375 0.0039587421875 0.777955466796875 0 0.49018027734375 0