0 0.50608399609375 1 0.7861946875 0.7955152161458333 0.77441785546875 0.7433564973958333 0.455813619140625 0.9685200989583334 0.464492646484375 1 0.50608399609375 1
0 0.43987830078125 0.9069598463541667 0.454463109375 0.9591467421875 0.766036775390625 0.7357842994791667 0.751333359375 0.6863416718750001 0.43987830078125 0.9069598463541667
0 0.750903220703125 0.6813454635416667 0.738346 0.6183217317708333 0.414528607421875 0.8220926067708333 0.440174099609375 0.9043421119791667 0.750903220703125 0.6813454635416667
0 0.392596044921875 0.7780680390625 0.40578756640625 0.8283690416666666 0.73781866015625 0.6123261796875 0.72711794140625 0.5684149401041666 0.392596044921875 0.7780680390625
0 0.727139353515625 0.5646712395833333 0.71529828125 0.5237436197916666 0.377116904296875 0.7266129296875 0.390654013671875 0.7739302031249999 0.727139353515625 0.5646712395833333
0 0.37324359765625 0.6756651145833333 0.385084638671875 0.7165927499999999 0.71308189453125 0.5184798098958333 0.703746775390625 0.47421188541666665 0.37324359765625 0.6756651145833333
0 0.704640408203125 0.47234505989583336 0.697274978515625 0.4344575625 0.360683412109375 0.6296814010416667 0.373813763671875 0.6741732682291667 0.704640408203125 0.47234505989583336
0 0.33968394921875 0.55327625 0.362860060546875 0.6253924557291667 0.696198828125 0.4262101822916667 0.680302142578125 0.3611504869791667 0.33968394921875 0.55327625
0 0.68562647265625 0.35983705208333333 0.66945961328125 0.28966351041666666 0.317690970703125 0.47068921875 0.34194315625 0.55105275 0.68562647265625 0.35983705208333333
0 0.286094779296875 0.3486947317708333 0.320541716796875 0.46323027083333335 0.669481025390625 0.2859198098958333 0.64641262109375 0.184159515625 0.286094779296875 0.3486947317708333
0 0.652177568359375 0.16893644010416667 0.625498744140625 0.07095224739583333 0.2500229921875 0.21350040364583334 0.28620171875 0.32997629427083336 0.652177568359375 0.16893644010416667
0 0.4406058359375 0 0.21936213671875 0.09584858072916667 0.247934873046875 0.1959340234375 0.627779388671875 0.06498503645833333 0.61399027734375 0 0.4406058359375 0