0 0.489767716796875 0 0.259052193359375 0.047537851562500004 0.265034125 0.09789575520833334 0.691842806640625 0.007762614583333333 0.691053275390625 0 0.489767716796875 0
0 0.265288673828125 0.10003864062500001 0.271143330078125 0.14932509895833332 0.699941404296875 0.06206680989583333 0.69423240625 0.014006552083333334 0.265288673828125 0.10003864062500001
0 0.27152515625 0.15253943489583333 0.2767033046875 0.20306707552083333 0.7064324375 0.11671048958333334 0.700470435546875 0.06652036197916666 0.27152515625 0.15253943489583333
0 0.277339681640625 0.20842429947916666 0.283067060546875 0.2566393125 0.7110613515625 0.16955076562500002 0.705228203125 0.12044536979166666 0.277339681640625 0.20842429947916666
0 0.28543827734375 0.26272849479166666 0.29099825 0.31647047135416667 0.717512251953125 0.23079285416666664 0.711848150390625 0.1761743125 0.28543827734375 0.26272849479166666
0 0.292183859375 0.31951506510416666 0.29960594921875 0.37506044791666665 0.722482859375 0.29344587239583336 0.716693283203125 0.23777103645833333 0.292183859375 0.31951506510416666
0 0.299311265625 0.37951596875 0.305969705078125 0.4286326822916667 0.730199630859375 0.344535734375 0.72530271875 0.2963756223958333 0.299311265625 0.37951596875
0 0.7361815625 0.3948936380208334 0.729805873046875 0.3481572083333333 0.728042833984375 0.3471878515625 0.308340921875 0.4347218671875 0.3122061875 0.48113347395833334 0.7361815625 0.3948936380208334
0 0.321322984375 0.5440092265625 0.7124705390625 0.46580026822916665 0.712510671875 0.45920185677083336 0.711700009765625 0.43850492187499995 0.710849216796875 0.42440640104166666 0.70909723828125 0.40965765364583334 0.31390089453125 0.48846384375 0.321322984375 0.5440092265625
0 0.322770404296875 0.5492578255208334 0.329810666015625 0.601588875 0.332731115234375 0.6053654270833334 0.71812491796875 0.52727321875 0.719518064453125 0.5181924348958333 0.7176089375 0.5021207630208333 0.715699810546875 0.48604909375 0.713138556640625 0.47142385416666666 0.322770404296875 0.5492578255208334
0 0.334265294921875 0.6390894375 0.72168862109375 0.5572736692708333 0.71935753515625 0.5445860755208333 0.718660166015625 0.5317791223958334 0.330956142578125 0.6112318776041666 0.333247095703125 0.6305178828125 0.334265294921875 0.6390894375
0 0.3385055078125 0.6678487031250001 0.72605610546875 0.5871043802083333 0.724401529296875 0.5731755963541666 0.72154827734375 0.56302846875 0.334097890625 0.6446164036458334 0.336810798828125 0.6605183333333333 0.3385055078125 0.6678487031250001
0 0.337534318359375 0.6735454114583334 0.344152625 0.7292605364583333 0.73263428125 0.6494179166666666 0.72697504296875 0.5948402968750001 0.337534318359375 0.6735454114583334
0 0.73221232421875 0.6528019921875 0.343730666015625 0.7326446119791666 0.347120083984375 0.7473053541666667 0.348479978515625 0.7656896562500001 0.3514875703125 0.7771360651041667 0.737430603515625 0.6967312239583333 0.735012376953125 0.6763737760416667 0.733300435546875 0.6550258229166667 0.73221232421875 0.6528019921875
0 0.73849581640625 0.7195710494791667 0.73729436328125 0.7025205651041667 0.726814021484375 0.7044648385416666 0.350938337890625 0.7794486953124999 0.35217095703125 0.7967615520833333 0.73849581640625 0.7195710494791667
0 0.351749 0.8001456276041666 0.353658126953125 0.8162172994791667 0.74053221875 0.7367141614583333 0.73971319140625 0.7228830651041668 0.351749 0.8001456276041666
0 0.356029341796875 0.8223064817708333 0.362138548828125 0.8737358281250001 0.748208857421875 0.7944024348958334 0.7478671640625 0.7845896901041667 0.745576212890625 0.7653036875 0.7420047109375 0.7421738541666666 0.728308068359375 0.7447872630208333 0.356029341796875 0.8223064817708333
0 0.362520373046875 0.8769501614583333 0.36761137890625 0.919807953125 0.752074123046875 0.8408140416666666 0.74875196484375 0.7989745052083334 0.362520373046875 0.8769501614583333
0 0.370160798828125 0.9204610494791666 0.37334267578125 0.9472471666666666 0.717234453125 0.8735260364583333 0.71538996484375 0.8510622630208333 0.370160798828125 0.9204610494791666
0 0.72016178125 0.898169265625 0.716837759765625 0.8771227994791667 0.7165579453125 0.8747672239583334 0.377616142578125 0.9485413463541666 0.381769208984375 0.9696307552083333 0.72016178125 0.898169265625
0 0.383765478515625 0.99337228125 0.721608818359375 0.9242234244791666 0.721648951171875 0.9176250104166667 0.720248923828125 0.9058391197916666 0.383885875 0.9735770494791667 0.38329651171875 0.9824880911458332 0.383765478515625 0.99337228125
0 0.487604603515625 1 0.72627098828125 0.9495986119791667 0.72478381640625 0.9301428619791667 0.713530857421875 0.9325192552083333 0.384529130859375 0.9998009505208333 0.38454196484375 1 0.487604603515625 1