0 0.654576638671875 1 0.65829046484375 0.9801550208333333 0.1729830859375 0.859636890625 0.16832733984375 0.8960101458333334 0.571734384765625 1 0.654576638671875 1
0 0.21141244140625 0.8536925468750001 0.209712177734375 0.8620266822916666 0.658983115234375 0.9813802734375 0.669693171875 0.9187549869791667 0.220284271484375 0.7929137213541666 0.21141244140625 0.8536925468750001
0 0.225745900390625 0.7566914791666667 0.220637341796875 0.7895640755208334 0.670951978515625 0.9146090286458333 0.68119584765625 0.84861 0.232706060546875 0.7218455026041667 0.225745900390625 0.7566914791666667
0 0.68614437109375 0.8484418333333333 0.6909000859375 0.8033236171875 0.219252912109375 0.6623605572916667 0.208403099609375 0.71071865625 0.68614437109375 0.8484418333333333
0 0.695382419921875 0.7997817057291666 0.70347489453125 0.7541932994791667 0.266480658203125 0.6197237734375 0.256000353515625 0.6723728385416666 0.695382419921875 0.7997817057291666
0 0.2690982421875 0.6026868984375 0.267984052734375 0.6132573854166666 0.7039278203125 0.7498963281250001 0.71282617578125 0.7044589322916667 0.276851021484375 0.5603212187500001 0.2690982421875 0.6026868984375
0 0.733286400390625 0.6896700859374999 0.736130443359375 0.6704847213541667 0.20929053515625 0.49179268229166667 0.20402884375 0.5105250078125 0.200831841796875 0.5252623880208334 0.200059087890625 0.5325936276041666 0.72883058984375 0.7085534244791667 0.733286400390625 0.6896700859374999
0 0.743077341796875 0.6279680286458333 0.2169168203125 0.44283052864583333 0.2103963203125 0.46570881770833333 0.208719064453125 0.4816212161458333 0.73416572265625 0.6657347083333334 0.739200951171875 0.6491508671875 0.743077341796875 0.6279680286458333
0 0.7412258515625 0.6221437760416667 0.74729342578125 0.6035624609375 0.75607855078125 0.5591993072916667 0.75386083984375 0.5412563567708334 0.239209130859375 0.35608454427083336 0.2323091484375 0.35917341927083335 0.223963685546875 0.3915688802083333 0.2165862265625 0.4381703723958333 0.7412258515625 0.6221437760416667
0 0.2341588359375 0.3494216901041667 0.75442699609375 0.535885140625 0.76301218359375 0.5090119036458333 0.767581224609375 0.4890543203125 0.7714576171875 0.4678714817708333 0.7720105078125 0.45482955208333337 0.250558787109375 0.26400165625 0.243232404296875 0.2867289322916667 0.237204619140625 0.3283223932291667 0.2341588359375 0.3494216901041667
0 0.269946873046875 0.22819813802083333 0.265305115234375 0.2566421484375 0.7705986796875 0.43703760937499997 0.78252775390625 0.34725422135416667 0.285139265625 0.16203094270833332 0.269946873046875 0.22819813802083333
0 0.78791594140625 0.33511836458333333 0.7978935546875 0.24825567708333332 0.297621232421875 0.059205619791666664 0.280207423828125 0.15424428645833335 0.78791594140625 0.33511836458333333
0 0.35205159765625 0.0495915390625 0.348437353515625 0.07608389583333333 0.792488701171875 0.24495658854166666 0.795459240234375 0.2323676953125 0.797157708984375 0.2162540442708333 0.35205159765625 0.0495915390625
0 0.80688847265625 0.18630909114583336 0.360157333984375 0.011673843750000001 0.35385003515625 0.024732932291666666 0.351835134765625 0.04384860937500001 0.797384171875 0.21410555989583333 0.80335177734375 0.20426920052083333 0.80688847265625 0.18630909114583336
0 0.334305748046875 0 0.808486974609375 0.17894040364583333 0.812829552734375 0.16113130729166666 0.8159000625 0.13979745572916666 0.453615271484375 0 0.334305748046875 0
0 0.486069751953125 0 0.82394562109375 0.13363686458333332 0.82988669921875 0.108459078125 0.831811630859375 0.0901969453125 0.683969951171875 0.029559934895833334 0.526222556640625 0 0.486069751953125 0