0 0 0.6650586067708334 0.023024484375 0.6732844635416666 0.094525353515625 0.07952989322916666 0.068659759765625 0.0705760546875 0.064137318359375 0.09308002604166667 0.05507721875 0.14785717708333332 0 0.6251719479166666 0 0.6650586067708334
0 0.125197169921875 0.08710608854166667 0.09580722265625 0.07783182031250001 0.023820466796875 0.6784718281250001 0.0534691875 0.68629725 0.125197169921875 0.08710608854166667
0 0.054297861328125 0.6869088567708334 0.088665498046875 0.6942842447916666 0.1554640859375 0.16870199739583333 0.11615533984375 0.15496928645833333 0.054297861328125 0.6869088567708334
0 0.19271603515625 0.181096 0.159895490234375 0.17059613541666666 0.092953763671875 0.6958162942708334 0.1247889375 0.7036892473958334 0.19271603515625 0.181096
0 0.12640208984375 0.7077662291666668 0.160310130859375 0.7174289140625 0.231771171875 0.16630754427083333 0.198002078125 0.15479228645833334 0.12640208984375 0.7077662291666668
0 0.26855920703125 0.17877417447916666 0.232935873046875 0.16849867708333333 0.162025423828125 0.7180417291666666 0.194592171875 0.7286275416666667 0.26855920703125 0.17877417447916666
0 0.21166258203125 0.7271951093750001 0.227100291015625 0.7327104739583333 0.240026720703125 0.7324256536458332 0.245862091796875 0.7308331484375 0.327843505859375 0.20853466406249999 0.27381158984375 0.18923091927083333 0.200972794921875 0.7209245234375 0.21166258203125 0.7271951093750001
0 0.288744568359375 0.7461535833333334 0.29349248828125 0.7453983567708334 0.379700533203125 0.22951288541666667 0.329726994140625 0.21288480729166667 0.25327913671875 0.7334181822916667 0.263642876953125 0.7384114010416667 0.27713547265625 0.7444575442708333 0.288744568359375 0.7461535833333334
0 0.295712296875 0.7572231822916667 0.336251638671875 0.770480703125 0.42114234375 0.25657612760416665 0.378030041015625 0.24239933333333333 0.295712296875 0.7572231822916667
0 0.4613622421875 0.2439788046875 0.42425344140625 0.23194685156249997 0.333157361328125 0.7767297864583332 0.367693203125 0.7878424661458333 0.4613622421875 0.2439788046875
0 0.497153712890625 0.2579916119791667 0.461990033203125 0.24542883854166667 0.368719005859375 0.7918862317708334 0.40279519140625 0.8052861848958334 0.497153712890625 0.2579916119791667
0 0.4090285703125 0.8062874531249999 0.471238994140625 0.8260616041666666 0.57747012109375 0.2425588984375 0.508005509765625 0.220512046875 0.4090285703125 0.8062874531249999
0 0.652315400390625 0.26807279427083336 0.583473681640625 0.24470376302083333 0.47381196484375 0.8269808359374999 0.53939741015625 0.8491185546875001 0.652315400390625 0.26807279427083336
0 0.545226662109375 0.8512690625 0.605890037109375 0.8741677864583334 0.7315149375 0.2855360989583333 0.65969793359375 0.26335579947916665 0.545226662109375 0.8512690625
0 0.76962853125 0.3246937395833333 0.729716931640625 0.31288619270833334 0.61281290625 0.8717381041666666 0.6505202421875 0.8847748723958334 0.76962853125 0.3246937395833333
0 0.80663078125 0.3281073567708333 0.782156884765625 0.3218151875 0.657455537109375 0.9011706354166668 0.66385705859375 0.9059091692708333 0.685006814453125 0.9195939427083334 0.7011956875 0.9167974869791666 0.840733046875 0.34073216145833335 0.82767396875 0.3331738697916667 0.80663078125 0.3281073567708333
0 0.86550028125 0.3736544192708333 0.833537421875 0.36346093229166665 0.7055007421875 0.8999492083333333 0.73792325 0.9078554583333333 0.86550028125 0.3736544192708333
0 0.906897291015625 0.3872183984375 0.867843423828125 0.3757172890625 0.741353837890625 0.9090810885416666 0.777999427734375 0.919534671875 0.906897291015625 0.3872183984375
0 0.781893236328125 0.9223386328125001 0.8193999921875 0.9369642942708333 0.9595690546875 0.40340841666666666 0.91570365234375 0.3891388385416667 0.781893236328125 0.9223386328125001
0 1 0.41802927864583334 0.962246484375 0.40454124739583336 0.822432619140625 0.9355962526041667 0.860169208984375 0.9490782395833333 1 0.425001671875 1 0.41802927864583334