0 0.682902703125 1 0.68727264453125 0.9275149635416667 0.320655818359375 0.8701736302083334 0.308423205078125 0.9626730963541666 0.3165626171875 0.9645866927083334 0.572092296875 1 0.682902703125 1
0 0.71047212109375 0.9293627864583334 0.71869204296875 0.8399330312500001 0.336384861328125 0.7716899817708334 0.324153794921875 0.8709960130208333 0.71047212109375 0.9293627864583334
0 0.325259859375 0.6512652005208334 0.309530826171875 0.7497487708333334 0.7149098125 0.8210899244791667 0.723206775390625 0.7376107786458334 0.325259859375 0.6512652005208334
0 0.722691255859375 0.7278724427083333 0.734975318359375 0.6418024453125 0.33959009375 0.5398144375 0.3265439296875 0.6347371588541667 0.722691255859375 0.7278724427083333
0 0.382078373046875 0.4602602890625 0.36984494140625 0.5391293984375 0.73749522265625 0.6363841796874999 0.750070611328125 0.5702109869791666 0.382078373046875 0.4602602890625
0 0.7471051328125 0.5568983541666667 0.754867265625 0.5118399010416667 0.386981662109375 0.39890676302083333 0.3794019140625 0.4464075546875 0.7471051328125 0.5568983541666667
0 0.3936903125 0.3451811015625 0.3864943203125 0.3927768411458334 0.752552185546875 0.5088912734375001 0.761260431640625 0.4631016276041667 0.3936903125 0.3451811015625
0 0.7623716640625 0.4619123229166667 0.771008240234375 0.41705961458333335 0.39958619921875 0.296096515625 0.391066828125 0.34456431510416663 0.7623716640625 0.4619123229166667
0 0.4067452734375 0.2532815677083333 0.401657234375 0.2917558333333333 0.770287974609375 0.41568802604166666 0.77754464453125 0.3849555442708333 0.4067452734375 0.2532815677083333
0 0.778411439453125 0.38153383333333335 0.785043708984375 0.35183758333333337 0.413154810546875 0.21598981770833334 0.4070536484375 0.25094972135416665 0.778411439453125 0.38153383333333335
0 0.416454044921875 0.13895703385416666 0.406020224609375 0.21103627864583333 0.787151634765625 0.3427161067708333 0.79772915625 0.2773165208333333 0.416454044921875 0.13895703385416666
0 0.786474779296875 0.27283307291666664 0.79495723828125 0.2291462239583333 0.424964853515625 0.08919372395833335 0.41748273828125 0.13799662760416667 0.786474779296875 0.27283307291666664
0 0.78698316015625 0.22126071614583334 0.793410671875 0.19993129166666668 0.43424283203125 0.05898957552083334 0.428485064453125 0.08889158333333334 0.78698316015625 0.22126071614583334
0 0.7949018671875 0.19547334635416666 0.798910623046875 0.16516029947916666 0.438591556640625 0.0236445546875 0.4328021953125 0.056246695312500004 0.7949018671875 0.19547334635416666
0 0.433504986328125 0 0.4315109765625 0.011464119791666666 0.804054033203125 0.16035891145833334 0.808525341796875 0.12654817708333332 0.510637208984375 0 0.433504986328125 0
0 0.516033689453125 0 0.80651855859375 0.12126784895833333 0.81320141015625 0.0843706171875 0.71537223828125 0.04292127604166667 0.53280825390625 0 0.516033689453125 0