0 0.456460353515625 0 0.16921001171875 0.09543131249999999 0.176098982421875 0.13227151302083334 0.540712923828125 0.005470174479166667 0.53928458203125 0 0.456460353515625 0
0 0.55530115234375 0 0.15734472265625 0.139624140625 0.16502563671875 0.17172902604166665 0.58254701953125 0.022867239583333334 0.578895537109375 0 0.55530115234375 0
0 0.16975645703125 0.18357245052083335 0.180392107421875 0.22699318229166665 0.5935670546875 0.08628437239583332 0.58628674609375 0.04286620833333333 0.16975645703125 0.18357245052083335
0 0.212752978515625 0.24306746354166667 0.2233839921875 0.2954338203125 0.552265498046875 0.18386530989583336 0.544417837890625 0.13292790364583332 0.212752978515625 0.24306746354166667
0 0.223580818359375 0.29648639843749997 0.23283172265625 0.34595752864583335 0.561511765625 0.24228205989583332 0.553469912109375 0.19030617447916667 0.223580818359375 0.29648639843749997
0 0.234012689453125 0.3522729921875 0.243856392578125 0.4004290390625 0.570563521484375 0.295173421875 0.56232511328125 0.24663160416666666 0.234012689453125 0.3522729921875
0 0.244053220703125 0.4014816145833333 0.25409375390625 0.45069024218750003 0.579024796875 0.34490704947916667 0.570392806640625 0.2987456822916667 0.244053220703125 0.4014816145833333
0 0.233169751953125 0.455410140625 0.240649205078125 0.4954080729166667 0.604075228515625 0.3757097057291667 0.59820333984375 0.33982335416666665 0.233169751953125 0.455410140625
0 0.24261980078125 0.5014610364583333 0.249311943359375 0.5372486588541666 0.613326130859375 0.42518083333333334 0.60607627734375 0.38641073958333333 0.24261980078125 0.5014610364583333
0 0.66739367578125 0.4496911458333333 0.66365394921875 0.42969217708333335 0.6613269375 0.41724800260416667 0.23864616015625 0.5519744635416667 0.2384400625 0.5688131302083334 0.240010048828125 0.5861793697916667 0.24296246484375 0.6019680260416667 0.247299626953125 0.6117062942708333 0.24985838671875 0.6253897968750001 0.254788353515625 0.633812984375 0.676836771484375 0.5091604713541666 0.66739367578125 0.4496911458333333
0 0.275698447265625 0.6559299505208334 0.278653181640625 0.667245796875 0.636348021484375 0.5617507968750001 0.6302486796875 0.5246480911458333 0.27097458203125 0.6306680963541667 0.272940541015625 0.6456666796875 0.275698447265625 0.6559299505208334
0 0.647789525390625 0.5735993541666666 0.64621490234375 0.5651787369791667 0.643058705078125 0.5617559348958333 0.63816503125 0.5624972291666667 0.29365380859375 0.6667310677083332 0.295223794921875 0.6840973046875 0.29679609765625 0.696990734375 0.299354859375 0.7106742369791667 0.304085677734375 0.72251765625 0.654474712890625 0.6228054114583333 0.653096919921875 0.6154373697916666 0.649753166015625 0.5930707473958333 0.647789525390625 0.5735993541666666
0 0.2894671171875 0.7475015963541667 0.29812521875 0.7982878020833333 0.662134771484375 0.6951655989583333 0.651154638671875 0.6409322630208333 0.2894671171875 0.7475015963541667
0 0.2941538984375 0.8443284218749999 0.307549771484375 0.8935396171875 0.716771939453125 0.7630889401041667 0.7065851953125 0.7086132005208333 0.2941538984375 0.8443284218749999
0 0.311301087890625 0.8911745260416667 0.323511361328125 0.9430158802083333 0.7268078359375 0.8212431848958334 0.717216529296875 0.7654664661458334 0.311301087890625 0.8911745260416667
0 0.345988328125 1 0.729139638671875 0.8920206536458334 0.721522341796875 0.8423151692708334 0.3207418671875 0.9551166666666666 0.330673064453125 1 0.345988328125 1
0 0.546044212890625 1 0.73714907421875 0.936469609375 0.73110559765625 0.9070192369791666 0.368459994140625 1 0.546044212890625 1