0 0.626927576171875 1 0.26738669921875 0.8983355286458333 0.263955984375 0.9116560572916667 0.26035679296875 0.9252355390624999 0.259997828125 0.934768203125 0.259176310546875 0.9477985572916667 0.25899331640625 0.9510519973958332 0.46719175390625 1 0.626927576171875 1
0 0.720393564453125 1 0.722958734375 0.9726855416666668 0.2866722734375 0.8499828151041666 0.280414875 0.8962913932291667 0.648505302734375 1 0.720393564453125 1
0 0.293881765625 0.8080952135416667 0.28833117578125 0.850067171875 0.72326709765625 0.9703537760416667 0.7290225078125 0.9200150104166666 0.293881765625 0.8080952135416667
0 0.3403194140625 0.70240565625 0.32469395703125 0.8069242786458334 0.7275818828125 0.9172720494791666 0.74211921484375 0.8102987161458333 0.3403194140625 0.70240565625
0 0.745006900390625 0.8059637187500001 0.76181524609375 0.6993189322916668 0.355532931640625 0.59418375 0.33831266015625 0.6971253359374999 0.745006900390625 0.8059637187500001
0 0.348115466796875 0.5070883072916667 0.342615484375 0.5418592890625 0.34092187890625 0.5751208984375 0.3415182421875 0.58522153125 0.759912078125 0.7000735833333334 0.764797705078125 0.6904029791666666 0.771225158203125 0.6690735416666667 0.77456661328125 0.6506249322916667 0.775696466796875 0.6352628072916667 0.777597296875 0.6140712395833333 0.776000087890625 0.5920572760416667 0.352793958984375 0.48534768489583335 0.348115466796875 0.5070883072916667
0 0.789878962890625 0.5075643125 0.789464634765625 0.4834242604166667 0.37181381640625 0.37561639583333334 0.369243310546875 0.3882355572916667 0.366210248046875 0.4043524036458333 0.36091505859375 0.43075657031250003 0.359014255859375 0.4519481432291667 0.35613539453125 0.4668989895833333 0.357371220703125 0.4780088463541667 0.775022005859375 0.585816703125 0.785152255859375 0.5569428385416667 0.789110392578125 0.5338306067708333 0.789878962890625 0.5075643125
0 0.797070173828125 0.41909488020833335 0.797841080078125 0.41326550520833333 0.35727258984375 0.3086253671875 0.34732790625 0.3698596927083333 0.7901319453125 0.47155974739583334 0.796918392578125 0.44069765364583335 0.797070173828125 0.41909488020833335
0 0.798612009765625 0.40743596875 0.801286083984375 0.40085194010416664 0.8063235625 0.3695784973958333 0.807353462890625 0.34700989583333336 0.36701510546875 0.24826389583333333 0.35930594921875 0.30655829687499997 0.798612009765625 0.40743596875
0 0.80925303515625 0.3474266744791667 0.82528805859375 0.22617449479166665 0.393118744140625 0.12004955208333333 0.37622263671875 0.24682217447916666 0.80925303515625 0.3474266744791667
0 0.4103097109375 0 0.396420591796875 0.09409110677083334 0.82631436328125 0.20477732291666664 0.846001564453125 0.08318152864583334 0.50817674609375 0 0.4103097109375 0