0 0.0138133515625 0.5926073020833333 0.070474693359375 0.6197683125 0.180400384765625 0.09414445572916667 0.12045487890625 0.06318048958333333 0.0138133515625 0.5926073020833333
0 0.072782517578125 0.62082784375 0.128435205078125 0.6452305963541667 0.24191675 0.125829609375 0.18318696484375 0.10001415104166667 0.072782517578125 0.62082784375
0 0.188968490234375 0.670726453125 0.192575482421875 0.6700872526041667 0.31857922265625 0.16217320833333335 0.258933197265625 0.13019914322916668 0.1358885703125 0.6463572760416666 0.137905875 0.651873796875 0.188968490234375 0.670726453125
0 0.32483787109375 0.2545587421875 0.30019552734375 0.24668813281250002 0.20106306640625 0.67054115625 0.211832908203125 0.6754856276041666 0.22363696875 0.6797573203125 0.32483787109375 0.2545587421875
0 0.350198349609375 0.2696446015625 0.32694453515625 0.2601162890625 0.2341162890625 0.6891587812500001 0.25003166796875 0.6941704036458334 0.258784203125 0.6935983541666667 0.350198349609375 0.2696446015625
0 0.26592148046875 0.7026130625000001 0.284913955078125 0.7090373906249999 0.3731998671875 0.2905330052083333 0.35252569140625 0.2810414192708333 0.26592148046875 0.7026130625000001
0 0.392859337890625 0.31103465625 0.37370424609375 0.3056832630208333 0.3028210703125 0.7229965677083333 0.319505724609375 0.7283613671875 0.322078494140625 0.7283949427083334 0.392859337890625 0.31103465625
0 0.415672615234375 0.32265590625 0.392808197265625 0.31789672916666667 0.32380528125 0.738368453125 0.33457512109375 0.7433129244791666 0.342267861328125 0.7468446901041667 0.415672615234375 0.32265590625
0 0.438246515625 0.33187206770833333 0.418068267578125 0.3271985338541667 0.346114232421875 0.7486105703125 0.354071923828125 0.7511163828125 0.36486733203125 0.7526298151041666 0.438246515625 0.33187206770833333
0 0.443519904296875 0.3147840390625 0.44019394140625 0.3281757708333333 0.368688134765625 0.757826734375 0.38433856640625 0.7638643098958333 0.46073445703125 0.31809693229166663 0.443519904296875 0.3147840390625
0 0.475085716796875 0.32583323697916666 0.46147816015625 0.32188114322916667 0.38746680078125 0.7584149427083333 0.3912876015625 0.7636118619791666 0.400544462890625 0.7644189427083333 0.475085716796875 0.32583323697916666
0 0.4050833984375 0.7768311093750001 0.4415298046875 0.7889734166666668 0.5369763828125 0.27276843229166664 0.496306037109375 0.25753930989583335 0.4050833984375 0.7768311093750001
0 0.48203638671875 0.8087177213541666 0.5838765390625 0.297743234375 0.576183796875 0.29421146875 0.560772744140625 0.29057897656250004 0.55079775 0.28255664583333334 0.546321259765625 0.2805014739583333 0.444820708984375 0.7962222421875 0.48203638671875 0.8087177213541666
0 0.599552541015625 0.30034977343749997 0.590975609375 0.2975596640625 0.484053693359375 0.8142342421875001 0.485592240234375 0.8149405937499999 0.49020788671875 0.8170596536458333 0.599552541015625 0.30034977343749997
0 0.494054255859375 0.8188255338541667 0.501242673828125 0.8209781692708332 0.611860927734375 0.30600059635416665 0.60275715234375 0.30526379947916665 0.494054255859375 0.8188255338541667
0 0.50384101171875 0.8175807109375 0.518722171875 0.823265109375 0.607751787109375 0.40854493750000004 0.592101353515625 0.402507359375 0.50384101171875 0.8175807109375
0 0.629795787109375 0.41981300781249997 0.613111134765625 0.41444820833333335 0.52126937109375 0.8267297213541666 0.529970765625 0.8330197473958334 0.536124958984375 0.8358451588541667 0.629795787109375 0.41981300781249997
0 0.5397063828125 0.8386369921875 0.553313939453125 0.8425890859375 0.64635259375 0.4423329895833333 0.630099517578125 0.43601873697916665 0.5397063828125 0.8386369921875
0 0.66611434375 0.4491104921875 0.649336142578125 0.44485033854166667 0.55485248828125 0.8432954401041667 0.56920375 0.8510317473958334 0.57307569140625 0.8493665911458333 0.66611434375 0.4491104921875
0 0.5732639296875 0.8586337473958333 0.608171787109375 0.8700696979166667 0.72304770703125 0.40524569531250004 0.6878378359375 0.38908072135416666 0.5732639296875 0.8586337473958333
0 0.6091804375 0.8728279583333333 0.64408829296875 0.8842639088541667 0.765862115234375 0.4260495286458333 0.73297132421875 0.41094925260416665 0.6091804375 0.8728279583333333
0 0.645336326171875 0.8894272526041668 0.679979232421875 0.9018891562500001 0.811514240234375 0.4458609869791667 0.772255685546875 0.4312800234375 0.645336326171875 0.8894272526041668
0 0.68531301171875 0.9112234635416666 0.720460248046875 0.9250644973958333 0.86861951953125 0.44797879166666665 0.831135978515625 0.43076996614583335 0.68531301171875 0.9112234635416666
0 0.7268801484375 0.9303070807291666 0.7604888359375 0.9434417604166666 0.914272404296875 0.47123337239583335 0.877278498046875 0.4553969348958333 0.7268801484375 0.9303070807291666
0 0.762873369140625 0.9342081822916667 0.770061783203125 0.9363608177083332 0.90047878515625 0.5612983932291666 0.88710082421875 0.5540089322916667 0.762873369140625 0.9342081822916667
0 0.913317068359375 0.5648973098958333 0.90198560546875 0.5596949947916666 0.7762926875 0.9288931197916667 0.781412658203125 0.9323913072916666 0.78573778515625 0.9389673567708333 0.913317068359375 0.5648973098958333