0 0.273592724609375 0 0.273328765625 0.020162872395833333 0.691243962890625 0.050018143229166666 0.6918413125 0.004388640625 0.50327254296875 0 0.273592724609375 0
0 0.271444595703125 0.02840740625 0.270747271484375 0.08167359375000001 0.69120559765625 0.10382082291666667 0.690309625 0.0535485078125 0.271444595703125 0.02840740625
0 0.280921150390625 0.1186160234375 0.2806267265625 0.14110614583333334 0.6943660625 0.15073527604166667 0.694583009765625 0.1341635546875 0.280921150390625 0.1186160234375
0 0.27882003515625 0.14343219531249998 0.278948548828125 0.20145380208333333 0.64748491015625 0.2041106171875 0.647309876953125 0.1496401171875 0.27882003515625 0.14343219531249998
0 0.2708958828125 0.20600258593749998 0.2703380234375 0.24861553645833334 0.755229568359375 0.25042814583333334 0.754042716796875 0.20540657291666667 0.2708958828125 0.20600258593749998
0 0.267612521484375 0.25328830208333336 0.267132142578125 0.28998277083333335 0.755096359375 0.2967431875 0.755059111328125 0.26344876302083337 0.267612521484375 0.25328830208333336
0 0.266182279296875 0.29469686197916667 0.263879712890625 0.33490102604166666 0.757480212890625 0.3384716796875 0.758099154296875 0.3025932604166667 0.266182279296875 0.29469686197916667
0 0.7550682734375 0.3984310729166667 0.756560470703125 0.3522876796875 0.263817728515625 0.339635859375 0.26261380859375 0.38816168489583336 0.7550682734375 0.3984310729166667
0 0.26316689453125 0.3893508645833333 0.262856970703125 0.41302479427083333 0.757331763671875 0.4244188177083333 0.7567664921875 0.40439080208333333 0.26316689453125 0.3893508645833333
0 0.262748498046875 0.42131065624999997 0.263094017578125 0.4627604609375 0.753720787109375 0.4764260442708333 0.758139294921875 0.43520811197916665 0.262748498046875 0.42131065624999997
0 0.26482323046875 0.46635289583333334 0.26241219140625 0.5148429244791667 0.7550600546875 0.5233393541666667 0.754886896484375 0.48012637239583333 0.26482323046875 0.46635289583333334
0 0.2623966953125 0.5160265729166666 0.26204028515625 0.543251609375 0.755627427734375 0.5546073177083334 0.755123908203125 0.5298621979166667 0.2623966953125 0.5160265729166666
0 0.26191631640625 0.5527211171875 0.26033111328125 0.6059665625 0.68649446875 0.6129033151041666 0.686340857421875 0.5602307526041667 0.26191631640625 0.5527211171875
0 0.68563261328125 0.682171703125 0.68718680859375 0.6312937135416666 0.259494873046875 0.6264066458333334 0.257625650390625 0.6769467161458333 0.68563261328125 0.682171703125
0 0.25831201953125 0.6923554479166666 0.256009453125 0.7325596171875 0.759592408203125 0.7312551302083333 0.7606557265625 0.692766203125 0.25831201953125 0.6923554479166666
0 0.757057384765625 0.789214828125 0.756696404296875 0.7489485104166667 0.25492946875 0.7513194322916666 0.254331333984375 0.7929072734374999 0.757057384765625 0.789214828125
0 0.258584662109375 0.8072148541666667 0.258992103515625 0.8439300651041667 0.757418369140625 0.829480984375 0.75869363671875 0.7999093098958333 0.258584662109375 0.8072148541666667
0 0.256627552734375 0.8888689843750001 0.75497633984375 0.8803384687500001 0.756298078125 0.8472156901041666 0.2562045546875 0.8533375833333333 0.256627552734375 0.8888689843750001
0 0.25566219140625 0.8947668828125 0.255026853515625 0.9432982369791666 0.757768447265625 0.938421984375 0.758031048828125 0.8932564947916667 0.25566219140625 0.8947668828125
0 0.25524627734375 0.9943799088541666 0.3939055859375 0.997606984375 0.75792798046875 0.9940762135416666 0.759451169921875 0.9455655234375001 0.2558217578125 0.950420953125 0.25524627734375 0.9943799088541666