0 0.51309529296875 1 0.67529019140625 0.9848776354166667 0.819648421875 0.9569077291666667 0.813598826171875 0.8981335729166666 0.430861322265625 0.9694213229166667 0.43273589453125 1 0.51309529296875 1
0 0.426664984375 0.903551578125 0.430551634765625 0.9635163307291666 0.810488595703125 0.8865995911458334 0.806449720703125 0.8325391380208332 0.426664984375 0.903551578125
0 0.807616408203125 0.8264965598958334 0.803130849609375 0.7834001145833334 0.42372297265625 0.8474546223958334 0.427093482421875 0.8975778281250001 0.807616408203125 0.8264965598958334
0 0.422484232421875 0.8238348541666666 0.42446115625 0.8473857968749999 0.807405119140625 0.7800347317708334 0.80632121875 0.7593673958333333 0.422484232421875 0.8238348541666666
0 0.34783482421875 0.7724456536458333 0.352614517578125 0.8352940729166667 0.834372353515625 0.7567520260416667 0.83047799609375 0.6922095885416667 0.34783482421875 0.7724456536458333
0 0.830175990234375 0.6908823515625001 0.82702751953125 0.6308487109375 0.343912140625 0.6976496640625 0.3477688125 0.7589697213541666 0.830175990234375 0.6908823515625001
0 0.391936236328125 0.6091097135416667 0.39429490625 0.6682279947916667 0.80178989453125 0.6163892942708333 0.795895142578125 0.5605676380208333 0.391936236328125 0.6091097135416667
0 0.797216671875 0.5574774921875 0.792163357421875 0.5035553125 0.388939359375 0.5484645312499999 0.39104320703125 0.6062260442708333 0.797216671875 0.5574774921875
0 0.79496125390625 0.5003275182291667 0.7906461015625 0.4463365182291667 0.38617103125 0.4850371197916667 0.389319494140625 0.5450706302083334 0.79496125390625 0.5003275182291667
0 0.789066505859375 0.44450592708333336 0.7857835859375 0.4101980182291667 0.34281958203125 0.4505091640625 0.34401694140625 0.4852143229166667 0.789066505859375 0.44450592708333336
0 0.78779170703125 0.4060549244791667 0.784612068359375 0.3737153828125 0.34202492578125 0.4070685963541667 0.34408949609375 0.4464348984375 0.78779170703125 0.4060549244791667
0 0.78588198046875 0.36964111718750003 0.785242169921875 0.32915304166666665 0.336011361328125 0.3631256796875 0.338075931640625 0.40249198437499994 0.78588198046875 0.36964111718750003
0 0.78366256640625 0.32732231770833337 0.78391580859375 0.2897179114583333 0.336058115234375 0.32158452604166665 0.33501508984375 0.3582736354166667 0.78366256640625 0.32732231770833337
0 0.78187168359375 0.27902983333333337 0.779564603515625 0.2208957421875 0.34886004296875 0.250903171875 0.35267512109375 0.3131124296875 0.78187168359375 0.27902983333333337
0 0.34428244921875 0.181373078125 0.348427173828125 0.24625863281250002 0.7836324140625 0.21359367708333332 0.77964255859375 0.15166061718749999 0.34428244921875 0.181373078125
0 0.789476615234375 0.12700840364583335 0.781634158203125 0.0408689765625 0.304612240234375 0.061450575520833335 0.311353263671875 0.1616969921875 0.787674953125 0.13508824479166667 0.789476615234375 0.12700840364583335
0 0.486904701171875 0 0.339169685546875 0.013774184895833333 0.342311404296875 0.058924601562500005 0.7740321640625 0.030540390625 0.78022694140625 0.0072165520833333335 0.780035576171875 0 0.486904701171875 0