0 0.7115094375 0.24398585937499997 0.718906029296875 0.21549742708333333 0.694768892578125 0.20372997916666666 0.428337296875 0.07562791145833334 0.42110495703125 0.10925747135416668 0.7115094375 0.24398585937499997
0 0.418585990234375 0.11506550520833332 0.411521841796875 0.147912984375 0.705618705078125 0.27728196614583334 0.710486326171875 0.24874321354166665 0.418585990234375 0.11506550520833332
0 0.41168609375 0.153054109375 0.4026896875 0.19193393749999998 0.687066783203125 0.31335484635416666 0.694870048828125 0.2800229921875 0.41168609375 0.153054109375
0 0.402099037109375 0.19763282812500002 0.394362115234375 0.23360863802083334 0.677151224609375 0.3476513151041667 0.685371083984375 0.31533478125 0.402099037109375 0.19763282812500002
0 0.649051673828125 0.36907083593749995 0.651832787109375 0.34728165625 0.64948595703125 0.3463844010416666 0.38393803125 0.2761745625 0.379893490234375 0.30679096875 0.649051673828125 0.36907083593749995
0 0.37762878515625 0.3084642734375 0.3726611484375 0.34042052864583333 0.641482943359375 0.40426456250000004 0.644664974609375 0.3776587317708333 0.37762878515625 0.3084642734375
0 0.370811015625 0.3490234401041667 0.365839435546875 0.38690290364583335 0.647823060546875 0.4515471197916667 0.6533539453125 0.4199242630208333 0.370811015625 0.3490234401041667
0 0.3593817109375 0.3903586536458334 0.3553332265625 0.42689826302083334 0.637062587890625 0.49567721354166666 0.644018982421875 0.46037833854166665 0.3593817109375 0.3903586536458334
0 0.352563939453125 0.4309178203125 0.347510236328125 0.46622671875 0.629153529296875 0.5383583098958333 0.63484801953125 0.5059747057291667 0.352563939453125 0.4309178203125
0 0.34314901953125 0.46879124739583333 0.33817744140625 0.5066707109375 0.61830698828125 0.5858410494791667 0.623580462890625 0.5524626848958333 0.34314901953125 0.46879124739583333
0 0.611527974609375 0.6941260651041666 0.61846987109375 0.6647994765624999 0.617669025390625 0.6626184401041667 0.321878396484375 0.5588399088541667 0.314055404296875 0.5981683645833333 0.611527974609375 0.6941260651041666
0 0.314051462890625 0.6040915729166666 0.304049833984375 0.6417406875 0.59959014453125 0.7437307369791667 0.609212673828125 0.7137492656250001 0.314051462890625 0.6040915729166666
0 0.306556974609375 0.6537022760416666 0.29411850390625 0.6997299895833334 0.58747229296875 0.8118871171875001 0.59835935546875 0.7671683984375001 0.306556974609375 0.6537022760416666
0 0.294533076171875 0.7066595911458333 0.282430994140625 0.7511231380208333 0.575115951171875 0.8604853906250001 0.586587091796875 0.8160032083333334 0.294533076171875 0.7066595911458333
0 0.2821727890625 0.7611810755208334 0.274353740234375 0.7945863229166666 0.57676240625 0.9059734348958334 0.58461638671875 0.8753582005208332 0.2821727890625 0.7611810755208334
0 0.27267180078125 0.8024071510416667 0.264266044921875 0.8355880807291666 0.567597806640625 0.9456353411458333 0.575535892578125 0.9116765807291666 0.27267180078125 0.8024071510416667