0 0.506545669921875 1 0.58161628515625 0.9965046354166667 0.74750011328125 0.9734536041666666 0.746508513671875 0.9355927161458334 0.400791603515625 0.9823013203125001 0.401041123046875 1 0.506545669921875 1
0 0.40018728125 0.9434256145833334 0.401209865234375 0.9824696093749999 0.75008928125 0.9366106223958334 0.74737163671875 0.8958088385416666 0.40018728125 0.9434256145833334
0 0.7454859296875 0.8965487213541666 0.7474665703125 0.8703954270833334 0.388887185546875 0.9190753151041666 0.38899943359375 0.9424611875000001 0.7454859296875 0.8965487213541666
0 0.42079312109375 0.8820519479166666 0.422486240234375 0.9127725494791666 0.750985361328125 0.8690470390625 0.750117712890625 0.8359187421875 0.42079312109375 0.8820519479166666
0 0.74757930078125 0.8407753750000001 0.74861048828125 0.8122970286458333 0.419864787109375 0.8524284270833333 0.4207621328125 0.8808687578125 0.74757930078125 0.8407753750000001
0 0.411380669921875 0.8279987968750001 0.41377530859375 0.8515791901041667 0.74851752734375 0.808747625 0.748378576171875 0.7850174088541667 0.411380669921875 0.8279987968750001
0 0.748723279296875 0.7826769713541667 0.74905298046875 0.7613389114583334 0.40998644921875 0.8008915390625 0.411318666015625 0.8256325000000001 0.748723279296875 0.7826769713541667
0 0.410966646484375 0.7782651901041667 0.412442849609375 0.8007037135416667 0.747216056640625 0.7590552578124999 0.7470834765625 0.7355683828125 0.410966646484375 0.7782651901041667
0 0.748433232421875 0.737675875 0.747813482421875 0.7140128411458333 0.411452865234375 0.7551043203125 0.41179211328125 0.7758574921875 0.748433232421875 0.737675875
0 0.381875423828125 0.7192053854166667 0.382836033203125 0.7558830859375 0.748700896484375 0.7139715208333333 0.74942221484375 0.6736617760416667 0.381875423828125 0.7192053854166667
0 0.381678310546875 0.6777537760416666 0.38361932421875 0.7179395572916666 0.75113512890625 0.6712128411458332 0.749236791015625 0.6312379609375 0.381678310546875 0.6777537760416666
0 0.75001958203125 0.6286193619791667 0.748408236328125 0.5670955182291667 0.414460498046875 0.606336359375 0.41705225 0.6713683645833334 0.75001958203125 0.6286193619791667
0 0.41095028515625 0.5401624869791667 0.41534794140625 0.6062950390625 0.750946646484375 0.5622388854166667 0.75022271875 0.5006738020833333 0.41095028515625 0.5401624869791667
0 0.751935689453125 0.4982247838541667 0.750211556640625 0.46632107552083335 0.415644853515625 0.50475675 0.417193412109375 0.5410564296875 0.751935689453125 0.4982247838541667
0 0.75360639453125 0.4602399375 0.751025833984375 0.42956065625 0.413646439453125 0.46576348958333336 0.41442692578125 0.5032782630208333 0.75360639453125 0.4602399375
0 0.753564248046875 0.4247041015625 0.753584017578125 0.3915346458333333 0.41250570703125 0.4299228619791667 0.4133733515625 0.46305100000000005 0.753564248046875 0.4247041015625
0 0.7552969296875 0.38908563020833337 0.75360383984375 0.35836502604166665 0.418569646484375 0.3925731458333333 0.419543314453125 0.4272259244791667 0.7552969296875 0.38908563020833337
0 0.417591107421875 0.3526874140625 0.419470150390625 0.3905069817708333 0.754429279296875 0.3559573333333333 0.75489117578125 0.3247985911458333 0.417591107421875 0.3526874140625
0 0.753499658203125 0.3204628203125 0.756635439453125 0.2705639322916667 0.4062879375 0.2967320963541667 0.410429546875 0.3506516041666667 0.753499658203125 0.3204628203125
0 0.40748574609375 0.23825236458333332 0.410686052734375 0.2925946015625 0.757367974609375 0.26460675260416666 0.755973541015625 0.21136498177083332 0.40748574609375 0.23825236458333332
0 0.3972168359375 0.18542364322916668 0.39876213671875 0.23324153125 0.755973541015625 0.21136498177083332 0.757035720703125 0.18406990364583334 0.754672072265625 0.1616726953125 0.3972168359375 0.18542364322916668
0 0.756652650390625 0.13551940625 0.75421572265625 0.11246108854166666 0.394047515625 0.13226451302083334 0.396112478515625 0.17718288802083335 0.755528494140625 0.160448109375 0.756652650390625 0.13551940625
0 0.36705225 0.11930635416666667 0.753339611328125 0.11079714322916667 0.7555061171875 0.09174282031249999 0.757796626953125 0.077420921875 0.75561890625 0.06212268229166667 0.7553373046875 0.043356382812500004 0.36271659375 0.05554009635416667 0.36705225 0.11930635416666667
0 0.49345435546875 0 0.360452552734375 0.006192700520833334 0.362437708984375 0.04489180729166667 0.754142669921875 0.039684158854166665 0.754786919921875 0 0.49345435546875 0