0 0.400842005859375 0 0.795063248046875 0.16624215364583333 0.811489568359375 0.10413001302083334 0.556044126953125 0 0.400842005859375 0
0 0.390937974609375 0.017385294270833334 0.37588730859375 0.07931203906249999 0.801110375 0.25491908854166667 0.81637027734375 0.19207982552083333 0.390937974609375 0.017385294270833334
0 0.37422219140625 0.08657383854166667 0.35672816796875 0.15544513541666666 0.782967349609375 0.33033203125 0.798460880859375 0.266473890625 0.37422219140625 0.08657383854166667
0 0.73365338671875 0.3635448854166667 0.743909626953125 0.32252729166666666 0.354414052734375 0.16924857552083336 0.345612724609375 0.2076323671875 0.34645558984375 0.21137905468749998 0.73365338671875 0.3635448854166667
0 0.341612880859375 0.21394243489583334 0.331557564453125 0.2540837838541667 0.722646578125 0.407835828125 0.73266234375 0.3678669609375 0.341612880859375 0.21394243489583334
0 0.722814263671875 0.48504113020833334 0.739250203125 0.417073015625 0.330908564453125 0.26062542447916665 0.324703236328125 0.2728426484375 0.313825666015625 0.3239924791666667 0.722814263671875 0.48504113020833334
0 0.75912483984375 0.6087420208333333 0.78156787890625 0.5182873958333333 0.297849685546875 0.3231518515625 0.295579576171875 0.3256295625 0.276267798828125 0.4209846744791667 0.75912483984375 0.6087420208333333
0 0.24973457421875 0.5292771640625 0.733369859375 0.7173517578125 0.735446099609375 0.7045857161458334 0.7425823125 0.6734637213541667 0.74775091015625 0.647211484375 0.753169595703125 0.6235798567708334 0.271316458984375 0.4314443411458333 0.24973457421875 0.5292771640625
0 0.24155528515625 0.5612368958333334 0.24192240234375 0.5670583802083333 0.656164833984375 0.7200394062500001 0.6616047578125 0.69631515625 0.24942573046875 0.5417578749999999 0.24661525390625 0.5428809427083333 0.24155528515625 0.5612368958333334
0 0.646931767578125 0.7491722708333333 0.65159173828125 0.7251382369791667 0.241749150390625 0.5715252239583334 0.237294171875 0.5946652630208333 0.236883046875 0.6001695078125 0.646931767578125 0.7491722708333333
0 0.6508408125 0.8063497317708334 0.661510654296875 0.7598170937500001 0.236947666015625 0.6035989505208333 0.233185697265625 0.6088716145833334 0.223735369140625 0.6537970520833333 0.6508408125 0.8063497317708334
0 0.223626740234375 0.6616933359375 0.209418939453125 0.7273667656249999 0.634254275390625 0.8823971588541667 0.64926704296875 0.8206356901041666 0.223626740234375 0.6616933359375
0 0.196315271484375 0.7696685807291667 0.191211294921875 0.7993502630208332 0.613970388671875 0.9671466979166666 0.61600262109375 0.9657063854166666 0.623679201171875 0.9359390364583334 0.6299944921875 0.9046859140625 0.204165103515625 0.735434390625 0.196315271484375 0.7696685807291667
0 0.608139162109375 1 0.609770212890625 0.9928867630208332 0.18822756640625 0.8049401744791668 0.186195333984375 0.8063804869791666 0.179103130859375 0.8261767526041667 0.174410279296875 0.8503541901041666 0.16893918359375 0.8742143854166667 0.4550388671875 1 0.608139162109375 1