0 0 0.34659666145833334 0.07026946484375 0.8227583802083333 0.1010062578125 0.8165335442708334 0.0110273671875 0.20858324739583334 0 0.2091225182291667 0 0.34659666145833334
0 0.048280916015625 0.20608113802083336 0.015673283203125 0.21141942447916665 0.1037814453125 0.8184830859375 0.13822437890625 0.8091965755208333 0.048280916015625 0.20608113802083336
0 0.1389246796875 0.8115367812500001 0.176495306640625 0.8018074140625 0.107233841796875 0.2536877994791667 0.0698951640625 0.25622200260416667 0.1389246796875 0.8115367812500001
0 0.142593515625 0.24909184375 0.108223314453125 0.25471868229166666 0.18012865234375 0.802405421875 0.212740185546875 0.7956855286458334 0.142593515625 0.24909184375
0 0.214931728515625 0.8014792005208333 0.252610568359375 0.792924953125 0.1765983046875 0.15747829427083335 0.133595814453125 0.16109923437499998 0.214931728515625 0.8014792005208333
0 0.255687322265625 0.7971927343749999 0.29358259765625 0.7909887942708332 0.223255021484375 0.15357813281250002 0.180520421875 0.1558028203125 0.255687322265625 0.7971927343749999
0 0.277662267578125 0.21982211458333334 0.24054002734375 0.22470662760416668 0.30043199609375 0.7779387421875 0.33524410546875 0.769070765625 0.277662267578125 0.21982211458333334
0 0.336456484375 0.7708481614583333 0.36553892578125 0.7660869947916668 0.3103780625 0.21565899479166664 0.28118740234375 0.21924500520833334 0.336456484375 0.7708481614583333
0 0.370470966796875 0.7807870130208333 0.41221602734375 0.777531390625 0.348830556640625 0.13779132291666665 0.30543108203125 0.14251060416666667 0.370470966796875 0.7807870130208333
0 0.39564688671875 0.131319765625 0.351474376953125 0.13735849479166667 0.411999591796875 0.775181078125 0.453343302734375 0.7694143463541666 0.39564688671875 0.131319765625
0 0.4679118046875 0.18748296875 0.446761001953125 0.190945625 0.43078962109375 0.19236747135416665 0.417570341796875 0.19453163802083331 0.460037455078125 0.7625451796874999 0.50861646484375 0.7557850078125 0.4679118046875 0.18748296875
0 0.510827353515625 0.7506515729166666 0.539136763671875 0.7472098723958333 0.501137681640625 0.20828675 0.472055240234375 0.2130479140625 0.510827353515625 0.7506515729166666
0 0.5339616953125 0.20529878385416667 0.503889662109375 0.2090290859375 0.540126234375 0.7482407135416667 0.569062240234375 0.7439103723958334 0.5339616953125 0.20529878385416667
0 0.572378142578125 0.7584680390625 0.579320193359375 0.7561387057291666 0.539187751953125 0.17462131770833333 0.534116546875 0.17783727864583332 0.572378142578125 0.7584680390625
0 0.627017890625 0.7495228151041666 0.600584244140625 0.14190528125 0.56137478125 0.14355288541666666 0.54153810546875 0.15157188541666666 0.58340192578125 0.7518918203124999 0.587360048828125 0.7560153098958334 0.6010122109375 0.7585518463541666 0.608943732421875 0.7572533541666666 0.61941091015625 0.7543468307291666 0.627017890625 0.7495228151041666
0 0.62735805859375 0.7435028098958334 0.662052912109375 0.7414013932291666 0.64050404296875 0.24511444791666667 0.60856128515625 0.247958140625 0.62735805859375 0.7435028098958334
0 0.663258822265625 0.744782625 0.718115009765625 0.7381877109375 0.70132887109375 0.1576197421875 0.64353643359375 0.163681859375 0.663258822265625 0.744782625
0 0.72268060546875 0.16605295052083333 0.702302837890625 0.16819617708333334 0.719568486328125 0.7248281302083334 0.740251173828125 0.7224438723958334 0.72268060546875 0.16605295052083333
0 0.743023009765625 0.7269527239583334 0.78124299609375 0.7242742005208332 0.7673481875 0.12653265625000001 0.733714142578125 0.12792883072916666 0.743023009765625 0.7269527239583334
0 0.79188489453125 0.14040882291666668 0.773053197265625 0.13991317708333334 0.782789068359375 0.7216353463541667 0.802761361328125 0.7174576041666666 0.79188489453125 0.14040882291666668
0 0.802556126953125 0.722574296875 0.8184192890625 0.7199772968749999 0.81155065234375 0.23739083854166665 0.79833137109375 0.2395550052083333 0.802556126953125 0.722574296875
0 0.852106490234375 0.08522051041666667 0.8253432734375 0.086023375 0.810361365234375 0.08847610416666667 0.82025153125 0.7107307760416667 0.837320603515625 0.7115150052083333 0.856600677734375 0.7071657005208333 0.854858587890625 0.08596283072916666 0.852106490234375 0.08522051041666667
0 0.85938869921875 0.07687106770833334 0.8596929375 0.7018879713541667 0.87059299609375 0.7036821484375001 0.8881105625 0.6996213880208333 0.90111340625 0.6951069114583334 0.9011183203125 0.08316103125 0.88867207421875 0.084005765625 0.877988453125 0.0845619375 0.871386564453125 0.08087124479166667 0.85938869921875 0.07687106770833334