0 0.4463138203125 1 0.752955025390625 0.8750843333333332 0.74449990625 0.831516578125 0.31631276953125 1 0.4463138203125 1
0 0.304353095703125 1 0.745365103515625 0.83125025 0.738240955078125 0.7848426875 0.28124809765625 0.9583968932291667 0.289603357421875 1 0.304353095703125 1
0 0.73631076171875 0.7842217994791666 0.729985505859375 0.7424284401041666 0.279780716796875 0.90940425 0.28665950390625 0.9505807057291666 0.73631076171875 0.7842217994791666
0 0.733246669921875 0.7402095234375 0.7249249609375 0.7026757083333334 0.271140427734375 0.8652922708333333 0.27966877734375 0.9102071614583332 0.733246669921875 0.7402095234375
0 0.72712119921875 0.6995696354166667 0.719398701171875 0.6654964375 0.261256107421875 0.8255722317708334 0.269083697265625 0.8648649609375 0.72712119921875 0.6995696354166667
0 0.714204673828125 0.6197097083333333 0.7065484921875 0.5807560598958333 0.310740302734375 0.7159605651041666 0.31833023828125 0.7597947265624999 0.714204673828125 0.6197097083333333
0 0.718999232421875 0.6631893854166667 0.712208234375 0.623969328125 0.32046016015625 0.7615691041666667 0.3272043984375 0.8012627473958333 0.718999232421875 0.6631893854166667
0 0.696095958984375 0.5256529791666666 0.236726611328125 0.6779930546875 0.246610447265625 0.7352008437499999 0.70508402734375 0.5775617864583333 0.696095958984375 0.5256529791666666
0 0.226739876953125 0.6203166510416667 0.23632715625 0.675686078125 0.697227201171875 0.5216596848958334 0.687014919921875 0.47134565364583336 0.226739876953125 0.6203166510416667
0 0.211164009765625 0.5935209479166667 0.21455948828125 0.6131308619791667 0.693696533203125 0.464425890625 0.686506068359375 0.42289878125 0.678317853515625 0.39139904427083333 0.20357321484375 0.5338918880208333 0.20423957421875 0.5482668828125 0.2065700859375 0.5669896484375 0.207502490234375 0.5776378385416666 0.211164009765625 0.5935209479166667
0 0.671062822265625 0.38634217708333335 0.66547023046875 0.35404328125 0.29036037890625 0.47194129427083337 0.297483681640625 0.5025538697916666 0.671062822265625 0.38634217708333335
0 0.666135701171875 0.35262346614583334 0.65987766796875 0.32174454166666666 0.284568060546875 0.4384889114583333 0.29122560546875 0.4716749557291667 0.666135701171875 0.35262346614583334
0 0.649756578125 0.24223908072916667 0.231052103515625 0.3662664348958333 0.231452447265625 0.38436838281249996 0.284896908203125 0.3667019140625 0.335945400390625 0.3509879505208333 0.392850779296875 0.3322561276041667 0.447559931640625 0.3166302890625 0.535746953125 0.2943442239583333 0.582868798828125 0.2822689114583333 0.62699548046875 0.2686856510416667 0.655814048828125 0.2561696901041667 0.649756578125 0.24223908072916667
0 0.228256697265625 0.36591196093749995 0.6450309609375 0.24126380208333334 0.646361931640625 0.23842399739583334 0.64276669921875 0.21766044270833332 0.638905478515625 0.2006238359375 0.634778212890625 0.18731419270833335 0.20648991796875 0.3191517161458333 0.214817603515625 0.3721504140625 0.228256697265625 0.36591196093749995
0 0.193875302734375 0.2569906171875 0.2010979296875 0.3038012864583333 0.203627333984375 0.3078827135416667 0.63737300390625 0.17072020572916666 0.62625499609375 0.11703694270833333 0.193875302734375 0.2569906171875
0 0.521134431640625 0 0.182388267578125 0.17469414322916665 0.187248181640625 0.1974983359375 0.190110765625 0.20876734374999997 0.195336564453125 0.21912346875 0.613336806640625 0.005587364583333333 0.611348625 0 0.521134431640625 0