0 0.09300737890625 0.6324083333333334 0.116085603515625 0.6430036276041667 0.1427876875 0.23639160677083335 0.113610857421875 0.22299642187500002 0.09300737890625 0.6324083333333334
0 0.117359205078125 0.6447359322916667 0.139933103515625 0.6539520963541666 0.17151578125 0.24843318489583333 0.144124509765625 0.2381529375 0.117359205078125 0.6447359322916667
0 0.141950408203125 0.6594686145833334 0.172430859375 0.6780526640625001 0.216817001953125 0.24627929166666665 0.175515572265625 0.22961284895833334 0.141950408203125 0.6594686145833334
0 0.175243005859375 0.6804913229166667 0.209569830078125 0.7008412526041666 0.258092857421875 0.26637677604166665 0.217905853515625 0.249074375 0.175243005859375 0.6804913229166667
0 0.21627948828125 0.6981837213541667 0.25267475390625 0.7171880989583334 0.308890525390625 0.2862553854166667 0.2671769921875 0.2682521484375 0.21627948828125 0.6981837213541667
0 0.2601536875 0.7148837447916666 0.299386671875 0.7328957447916666 0.366876609375 0.3082866302083333 0.323133748046875 0.2882041302083333 0.2601536875 0.7148837447916666
0 0.31164391796875 0.745408640625 0.3421499375 0.7605616510416667 0.413195728515625 0.3421754114583333 0.376125314453125 0.32630384375 0.31164391796875 0.745408640625
0 0.347321048828125 0.757197765625 0.3773227421875 0.7709716484375 0.45348850390625 0.35608359635416664 0.4164278203125 0.3402165 0.347321048828125 0.757197765625
0 0.409606689453125 0.7892360963541667 0.416795103515625 0.7913887317708334 0.5099267890625 0.34412407812499995 0.462874890625 0.3236699791666667 0.380134890625 0.7734103072916666 0.401674568359375 0.7832992499999999 0.409606689453125 0.7892360963541667
0 0.53187776171875 0.4024007057291667 0.509166619140625 0.39771189843750004 0.46626803125 0.816397109375 0.474225720703125 0.8189029192708334 0.482713306640625 0.8193568229166667 0.53187776171875 0.4024007057291667
0 0.486166880859375 0.8393038437499999 0.503381431640625 0.842616734375 0.558272462890625 0.4168137864583333 0.53795524609375 0.4155192265625 0.486166880859375 0.8393038437499999
0 0.508236453125 0.8471408776041667 0.5256903828125 0.8528588515625 0.588804052734375 0.42853576302083335 0.564375517578125 0.42650127083333333 0.508236453125 0.8471408776041667
0 0.52948561328125 0.8614868072916666 0.550785912109375 0.8689706640625 0.615891318359375 0.45359513020833336 0.590214751953125 0.4463972994791667 0.52948561328125 0.8614868072916666
0 0.555187748046875 0.8652536041666666 0.578291544921875 0.8724178619791667 0.645969720703125 0.45707590364583334 0.619174734375 0.45165978385416666 0.555187748046875 0.8652536041666666
0 0.603728732421875 0.8772106119791667 0.68097985546875 0.45478771093750003 0.670423826171875 0.455679359375 0.6550127734375 0.4520468671875 0.582163486328125 0.8707527083333333 0.596514748046875 0.8784890130208334 0.603728732421875 0.8772106119791667
0 0.61959297265625 0.8890843072916667 0.62577273828125 0.8884786822916667 0.705178263671875 0.4877015286458333 0.68277537890625 0.48200665364583334 0.601395341796875 0.8795821197916666 0.6065153125 0.8830803072916668 0.61959297265625 0.8890843072916667
0 0.624371287109375 0.9039015598958334 0.65845873046875 0.9218464062499999 0.795311193359375 0.5118679921875 0.754752845703125 0.49324751302083336 0.624371287109375 0.9039015598958334
0 0.664083029296875 0.9267237239583334 0.699709017578125 0.9453749270833334 0.8465876171875 0.5365567682291666 0.806811515625 0.518295421875 0.664083029296875 0.9267237239583334