0 0.454137830078125 0 0.72507234375 0.0677533046875 0.72585685546875 0.06305279166666666 0.5493696875 0 0.454137830078125 0
0 0.2537587109375 0 0.254936296875 0.013161080729166668 0.711615716796875 0.13852651822916667 0.718790421875 0.11044894270833333 0.7235780625 0.08662531510416667 0.724497833984375 0.07061209895833333 0.44384666796875 0 0.2537587109375 0
0 0.248961841796875 0.03145387239583333 0.244416982421875 0.05025740625 0.24354845703125 0.06220349479166667 0.246062322265625 0.0763793203125 0.697197619140625 0.21992696354166666 0.710938701171875 0.14951963541666666 0.254361775390625 0.0160199375 0.248961841796875 0.03145387239583333
0 0.237992119140625 0.14703420052083332 0.30223289453125 0.16283566927083334 0.668530142578125 0.2703457734375 0.67799163671875 0.21435098177083334 0.244044767578125 0.0940430546875 0.238771625 0.12790682552083335 0.237992119140625 0.14703420052083332
0 0.640602169921875 0.28985152343750004 0.6445347734375 0.262658375 0.231213908203125 0.15789028385416667 0.22624825390625 0.16735121614583334 0.220848322265625 0.18278515104166668 0.220975111328125 0.20121498697916665 0.221778865234375 0.2086516927083333 0.224778236328125 0.21278737760416666 0.635469291015625 0.326829515625 0.640602169921875 0.28985152343750004
0 0.22077011328125 0.21748356770833333 0.217234005859375 0.22745522656249997 0.214935947265625 0.23889052083333331 0.21296961328125 0.2524871223958333 0.21342819140625 0.2730782109375 0.576598783203125 0.38342070312500004 0.622493458984375 0.39881015625 0.63398849609375 0.33038591927083333 0.22077011328125 0.21748356770833333
0 0.2041846484375 0.3228867083333333 0.203839435546875 0.33604101302083333 0.203928439453125 0.3432223619791666 0.207731564453125 0.35479475260416665 0.6245103515625 0.484289609375 0.632892783203125 0.4351025260416667 0.207580525390625 0.3098008385416667 0.2041846484375 0.3228867083333333
0 0.203186716796875 0.3735982239583333 0.200888658203125 0.3850335208333333 0.20397703125 0.3963505520833333 0.615929708984375 0.5278967005208334 0.625033625 0.48549788020833334 0.20930138671875 0.35841970572916665 0.203186716796875 0.3735982239583333
0 0.17709605859375 0.3928751302083333 0.16463470703125 0.4701321484375 0.623482744140625 0.6228277734375 0.63819090625 0.5382025911458334 0.17709605859375 0.3928751302083333
0 0.18069156640625 0.47791136197916667 0.175124419921875 0.5208623645833333 0.60149011328125 0.6710196744791667 0.609710517578125 0.6189287578125 0.18069156640625 0.47791136197916667
0 0.172405556640625 0.5229551197916666 0.168127724609375 0.5633026380208334 0.593162767578125 0.720841890625 0.60241983203125 0.6704561979166667 0.172405556640625 0.5229551197916666
0 0.16411958984375 0.5679988958333334 0.159267189453125 0.6112052526041667 0.584124328125 0.7691201770833334 0.592653048828125 0.7190563697916666 0.16411958984375 0.5679988958333334
0 0.142938005859375 0.6962726276041667 0.569453935546875 0.8649938437500001 0.5841471015625 0.7782816171875 0.151825466796875 0.6177387838541667 0.142938005859375 0.6962726276041667
0 0.559174689453125 0.9542654427083334 0.5753123984375 0.8701509843749999 0.142975791015625 0.7075211171875 0.1312804609375 0.7809663671874999 0.559174689453125 0.9542654427083334
0 0.559943001953125 1 0.565977181640625 0.969973515625 0.13579840625 0.7927940026041668 0.12820289453125 0.8115290364583333 0.124564296875 0.8296349557291666 0.120542673828125 0.8496468203125 0.1220990078125 0.8685873828125 0.280389568359375 0.9391788385416667 0.45063031640625 1 0.559943001953125 1