0 0.532808248046875 1 0.730512478515625 0.9535192135416667 0.72582041796875 0.9253620625 0.47387259375 1 0.532808248046875 1
0 0.46051496484375 1 0.725396576171875 0.9221571041666666 0.71819128515625 0.8676727916666667 0.283961853515625 0.9912412135416666 0.284927560546875 1 0.46051496484375 1
0 0.7205956015625 0.86710753125 0.7199964375 0.8532038229166666 0.717064234375 0.835717859375 0.71441331640625 0.8297318880208334 0.316743740234375 0.9438788411458333 0.316813103515625 0.9537763489583333 0.31850846484375 0.9665961875 0.32177781640625 0.9772585703125 0.7205956015625 0.86710753125
0 0.713918197265625 0.8306744401041667 0.712611994140625 0.8161108098958333 0.710916630859375 0.8032909713541666 0.708972751953125 0.7979649218749999 0.31197553125 0.9078230442708333 0.31271725390625 0.9134317239583334 0.31402345703125 0.9279953567708333 0.317185560546875 0.9378467630208333 0.713918197265625 0.8306744401041667
0 0.71134238671875 0.79245090625 0.705620537109375 0.7491839557291667 0.265840751953125 0.86827421875 0.27186076171875 0.9137957786458334 0.71134238671875 0.79245090625
0 0.70357069921875 0.7430566640624999 0.697954810546875 0.7005909505208333 0.258352263671875 0.8163349427083334 0.264582537109375 0.8634464635416667 0.70357069921875 0.7430566640624999
0 0.24997949609375 0.7670820156249999 0.256019224609375 0.8127526875000001 0.698132048828125 0.6972446770833334 0.692198279296875 0.6523752421875 0.24997949609375 0.7670820156249999
0 0.69287063671875 0.6480864114583333 0.686229828125 0.6025570546875 0.2424910078125 0.7151427395833333 0.248717943359375 0.7622290208333333 0.69287063671875 0.6480864114583333
0 0.24026584375 0.6983166979166667 0.242819009765625 0.7082500052083334 0.68651302734375 0.6000120208333334 0.679307736328125 0.5455277083333333 0.235534232421875 0.6531646380208334 0.24026584375 0.6983166979166667
0 0.678213453125 0.5325665546875 0.67521188671875 0.5051830833333334 0.67139540625 0.49038347135416666 0.2264910234375 0.594155515625 0.23009366796875 0.621397671875 0.2335618828125 0.6476233020833333 0.680899052734375 0.5435012838541667 0.678213453125 0.5325665546875
0 0.672654310546875 0.4858434348958333 0.667358216796875 0.4317364166666667 0.2132970078125 0.5318781953125 0.220910255859375 0.5894473671875 0.672654310546875 0.4858434348958333
0 0.66573221875 0.4288140885416667 0.663401095703125 0.41118680989583334 0.659128005859375 0.37418846093749997 0.20453699609375 0.47032403906250003 0.205808517578125 0.4799389166666667 0.209447759765625 0.4980848046875 0.211461001953125 0.5133083619791666 0.212537326171875 0.52613371875 0.66573221875 0.4288140885416667
0 0.65580473046875 0.3724913177083333 0.648531990234375 0.29406447135416663 0.18711910546875 0.376107015625 0.19640700390625 0.45571239583333334 0.65580473046875 0.3724913177083333
0 0.17486241015625 0.28811194270833335 0.181609177734375 0.3344425416666667 0.183445181640625 0.353012375 0.185670345703125 0.36983841145833335 0.645703833984375 0.2914247734375 0.639350052734375 0.21526033333333336 0.17486241015625 0.28811194270833335
0 0.636911056640625 0.21087684114583335 0.63412332421875 0.1710508255208333 0.21418680078125 0.22929759114583334 0.21785880859375 0.2664372578125 0.636911056640625 0.21087684114583335
0 0.63058812890625 0.16775120052083334 0.628401474609375 0.12778387239583333 0.2058853125 0.17589715104166667 0.21079416015625 0.21770294010416666 0.63058812890625 0.16775120052083334
0 0.625856517578125 0.12259913802083333 0.622255787109375 0.08131195833333334 0.199739623046875 0.12942523697916666 0.20370012109375 0.16874638020833332 0.625856517578125 0.12259913802083333
0 0.617695671875 0.07494869010416667 0.6161794609375 0.04473755208333333 0.17251957421875 0.09699562760416668 0.1766211328125 0.1280104140625 0.617695671875 0.07494869010416667
0 0.610031857421875 0.012310664062499999 0.2856230703125 0.042687276041666666 0.168926138671875 0.07012303385416667 0.172028875 0.08859860677083332 0.6120431875 0.04157924739583333 0.611444021484375 0.027675536458333334 0.610031857421875 0.012310664062499999