0 0.25036390625 0 0.245596921875 0.07406065625 0.731351087890625 0.12017113802083333 0.73979929296875 0.040021671875 0.66799635546875 0.026566677083333334 0.328014771484375 0 0.25036390625 0
0 0.245030765625 0.07943187239583334 0.238376646484375 0.15815365104166665 0.720694083984375 0.21347928385416667 0.73018643359375 0.12342385416666667 0.245030765625 0.07943187239583334
0 0.23539284375 0.16307183072916667 0.230350490234375 0.24209563541666668 0.702317953125 0.30205457291666665 0.710775541015625 0.2140195338541667 0.23539284375 0.16307183072916667
0 0.2273666875 0.24701381249999999 0.2205993359375 0.3268098333333333 0.693385947265625 0.3945905 0.70114849609375 0.30535285156249997 0.2273666875 0.24701381249999999
0 0.2200331796875 0.33218104947916666 0.21687596875 0.36993057291666664 0.65605525 0.43689094270833334 0.659299228515625 0.39831825 0.2200331796875 0.33218104947916666
0 0.215730390625 0.3730022890625 0.21268641015625 0.4096775703125 0.650027466796875 0.47848440364583333 0.65315708984375 0.440996609375 0.215730390625 0.3730022890625
0 0.21948642578125 0.41533365625 0.214151291015625 0.45815237239583334 0.638611494140625 0.53221371875 0.64370690234375 0.4838727760416666 0.21948642578125 0.41533365625
0 0.636439712890625 0.6073935859375 0.642397451171875 0.5430750234375 0.2126660234375 0.46444681770833335 0.2100219140625 0.46614226822916666 0.20126331640625 0.5258468489583333 0.636439712890625 0.6073935859375
0 0.629206173828125 0.6838158671875 0.636081060546875 0.6185927239583333 0.2062251015625 0.5333493958333334 0.202548650390625 0.5370423177083333 0.194582669921875 0.5892271979166667 0.629206173828125 0.6838158671875
0 0.195501783203125 0.5883039661458334 0.18812848828125 0.6504590598958333 0.6226520234375 0.7537926848958333 0.62886648046875 0.6870385989583333 0.195501783203125 0.5883039661458334
0 0.186400662109375 0.65905465625 0.1796333125 0.7388506770833333 0.6145230703125 0.8543030052083332 0.623321953125 0.7630300494791666 0.186400662109375 0.65905465625
0 0.18022599609375 0.7488208932291666 0.172313068359375 0.8316886302083333 0.609167548828125 0.95189096875 0.618543267578125 0.8629420208333333 0.18022599609375 0.7488208932291666
0 0.6507247265625 1 0.65224654296875 0.9875967708333334 0.16681165234375 0.8448987291666666 0.15533550390625 0.9303851458333333 0.2339827265625 0.9550654010416667 0.473777439453125 1 0.6507247265625 1