0 0.130676837890625 0.13426938020833332 0.1317843203125 0.14142607552083333 0.138883146484375 0.16002258333333333 0.412456234375 0.012195145833333332 0.130676837890625 0.13426938020833332
0 0.44060583203125 0 0.427212 0.005802559895833333 0.1270024296875 0.167450875 0.14816084765625 0.24725337239583334 0.570463552734375 0.02437881510416667 0.564274939453125 0 0.44060583203125 0
0 0.550216970703125 0.09930651302083333 0.541690912109375 0.0643191640625 0.16661783203125 0.25978859895833334 0.17062076953125 0.2797263255208333 0.17621109765625 0.29213259635416666 0.550216970703125 0.09930651302083333
0 0.185533224609375 0.3268753125 0.560815900390625 0.1357773359375 0.55704465625 0.12030173958333333 0.55097121875 0.10240163281249999 0.176442791015625 0.2965947265625 0.17969148046875 0.3134373359375 0.185533224609375 0.3268753125
0 0.572129634765625 0.18220412760416668 0.561345318359375 0.13794984635416666 0.184236697265625 0.3285776276041667 0.190270689453125 0.3533385859375 0.195841294921875 0.36917527604166667 0.572129634765625 0.18220412760416668
0 0.581663732421875 0.22483939583333334 0.57238105078125 0.18323583333333335 0.195047599609375 0.3729410078125 0.19879912109375 0.3918470286458333 0.204350001953125 0.4111141484375 0.581663732421875 0.22483939583333334
0 0.210807935546875 0.4516602135416667 0.5901921640625 0.2633478411458333 0.586401197265625 0.25130266927083333 0.581424541015625 0.22736921614583336 0.20280205859375 0.4117847578125 0.204754220703125 0.4303296796875 0.210807935546875 0.4516602135416667
0 0.223689337890625 0.4939859713541667 0.605356037109375 0.31152853645833334 0.598548072265625 0.2871028828125 0.595334013671875 0.27040238020833335 0.215683458984375 0.45411051302083333 0.21838987109375 0.47575055729166665 0.223689337890625 0.4939859713541667
0 0.235545349609375 0.535615328125 0.2388729296875 0.5387362369791667 0.617695158203125 0.35865172916666666 0.608178958984375 0.3196012682291667 0.22622322265625 0.5008726119791667 0.228697939453125 0.5180505260416667 0.235545349609375 0.535615328125
0 0.6254890625 0.3906346302083334 0.619455072265625 0.36587367447916663 0.23446079296875 0.5452101979166667 0.243299810546875 0.5744590755208333 0.627751810546875 0.39991998958333336 0.6254890625 0.3906346302083334
0 0.256511517578125 0.60409484375 0.2628166484375 0.6264570807291666 0.641348015625 0.45220171354166666 0.62926030859375 0.4061102265625 0.251754330078125 0.5810619947916666 0.25148319140625 0.5834607135416666 0.256511517578125 0.60409484375
0 0.649644751953125 0.48624802604166667 0.641057154296875 0.45803085677083333 0.264344869140625 0.6292168958333334 0.26759355859375 0.6460595052083333 0.2716556640625 0.6557059609375 0.649644751953125 0.48624802604166667
0 0.260006642578125 0.6675963828125 0.274376818359375 0.7195428020833333 0.66502059375 0.5423212760416667 0.651472365234375 0.4902364114583333 0.260006642578125 0.6675963828125
0 0.2797748984375 0.72062609375 0.291320328125 0.771515015625 0.680125296875 0.6007932395833333 0.6676060703125 0.5494196197916666 0.2797748984375 0.72062609375
0 0.2876229921875 0.7879449427083333 0.30117975 0.8470875182291667 0.78796855078125 0.6430415859374999 0.773693837890625 0.5844641901041666 0.2876229921875 0.7879449427083333
0 0.80636138671875 0.7114953125 0.7913168828125 0.6532703619791667 0.302165693359375 0.8546447708333332 0.31450481640625 0.9017679635416668 0.3188380625 0.9090157005208334 0.80636138671875 0.7114953125
0 0.333523802734375 0.9060753307291667 0.3428459296875 0.940818046875 0.737995474609375 0.7855976562500001 0.727938822265625 0.7443293984375 0.333523802734375 0.9060753307291667
0 0.344625564453125 0.9446095677083334 0.3564421328125 0.9930997734375001 0.75335159375 0.8451013307291667 0.740529361328125 0.7924842994791667 0.344625564453125 0.9446095677083334
0 0.506879423828125 1 0.76921054296875 0.9066684140625 0.754930263671875 0.8515795260416666 0.359518296875 0.9951889791666666 0.358284548828125 1 0.506879423828125 1
0 0.5593941640625 1 0.709083080078125 0.9351508307291666 0.518653189453125 1 0.5593941640625 1