0 0.755209654296875 1 0.755826755859375 0.9942795286458334 0.75643376171875 0.9800340963541667 0.315797408203125 0.9571851640625 0.31556576953125 0.9589000234374999 0.46058591015625 1 0.755209654296875 1
0 0.75887158203125 0.9751798203125 0.764712404296875 0.9646357682291667 0.767588072265625 0.9465971562500001 0.767737373046875 0.9300039348958333 0.28450409765625 0.8873194114583334 0.2749381484375 0.9421061744791667 0.27440444140625 0.9454540364583334 0.75887158203125 0.9751798203125
0 0.32893208203125 0.8278233880208333 0.3262255703125 0.84480090625 0.321708095703125 0.8679193958333333 0.3169808046875 0.8819162473958334 0.318832427734375 0.8859580078125 0.76824484375 0.9268206510416667 0.77323987890625 0.9215820729166667 0.77526976171875 0.9088489348958334 0.777299646484375 0.8961157968750001 0.77932953125 0.8833826588541666 0.776702693359375 0.8737659062500001 0.3296584765625 0.8180479322916666 0.32893208203125 0.8278233880208333
0 0.302753197265625 0.7571890390624999 0.29789741015625 0.78242971875 0.29341154296875 0.8053499479166667 0.294971974609375 0.8059994036458332 0.777090775390625 0.8661126406249999 0.78652360546875 0.8643498489583333 0.791737564453125 0.8525191041666668 0.794105763671875 0.8376637760416666 0.797658060546875 0.81538078125 0.7958272421875 0.8059896276041667 0.30664380859375 0.7327838567708334 0.302753197265625 0.7571890390624999
0 0.805886935546875 0.8055135286458334 0.809996470703125 0.7745161744791668 0.310733484375 0.6862543802083333 0.304509427734375 0.7252968958333333 0.805886935546875 0.8055135286458334
0 0.805150734375 0.7631615312500001 0.80875280078125 0.7353474661458334 0.317091828125 0.6359317213541666 0.310531345703125 0.6770845833333333 0.805150734375 0.7631615312500001
0 0.81203640625 0.7251877135416667 0.81662350390625 0.7120702786458333 0.82058373828125 0.6976661458333333 0.82329025 0.680688625 0.277937865234375 0.5527478411458333 0.267946154296875 0.6206431458333334 0.26933071484375 0.6223958046875 0.81203640625 0.7251877135416667
0 0.807131099609375 0.6672366979166666 0.81337985546875 0.6645715078125 0.822096345703125 0.63598884375 0.82417599609375 0.6177246328125 0.824205904296875 0.5966614348958333 0.295361037109375 0.44345506510416666 0.2892912421875 0.4971866067708333 0.2830241328125 0.5417180859375 0.807131099609375 0.6672366979166666
0 0.39915792578125 0.4603724322916667 0.834703447265625 0.5830009973958333 0.84134028515625 0.5726825442708333 0.849887615234375 0.5451609765625 0.855201109375 0.5222680859375001 0.856872822265625 0.4961250130208333 0.854295751953125 0.4809771875 0.418614962890625 0.3331026588541667 0.413729267578125 0.3794065338541666 0.39915792578125 0.4603724322916667
0 0.399401177734375 0.2866229895833333 0.394646734375 0.3060090677083333 0.834156505859375 0.46639726302083334 0.841420205078125 0.4573655026041667 0.84361924609375 0.4435712708333333 0.8456988984375 0.42530705989583334 0.8457984296875 0.4142449114583333 0.405759521484375 0.23630033072916667 0.404983359375 0.25160685677083333 0.40160021875 0.2728287578125 0.399401177734375 0.2866229895833333
0 0.4522935390625 0.06965337239583333 0.45349749609375 0.07775783072916666 0.45016412109375 0.09344865885416666 0.44446255078125 0.1239948125 0.439556998046875 0.1547665625 0.433109173828125 0.17955604427083335 0.42673097265625 0.214346578125 0.4209881953125 0.23471341927083333 0.848889251953125 0.410513375 0.85661065625 0.40382940364583336 0.86573508203125 0.3831256015625 0.87133712109375 0.36364159375 0.87641183203125 0.3318087473958333 0.878252701171875 0.3046045807291667 0.87748659375 0.28331578385416667 0.45313932421875 0.06434789843750001 0.4522935390625 0.06965337239583333
0 0.461971033203125 0 0.460343453125 0.008719763020833333 0.454403099609375 0.030325960937499997 0.4498712421875 0.058753578125000004 0.86366573046875 0.27607172395833335 0.87206376171875 0.26514337239583335 0.87749664453125 0.2467204609375 0.883825078125 0.21746100260416668 0.88720821875 0.19623910416666668 0.888203302734375 0.17434040885416668 0.886541640625 0.16388816145833332 0.6827716640625 0.04062879166666667 0.53941408984375 0 0.461971033203125 0