0 0.405744419921875 0 0.784000009765625 0.07415484114583333 0.787742865234375 0.04335226302083334 0.522935982421875 0 0.405744419921875 0
0 0.352614076171875 0 0.348914353515625 0.057792875 0.77767361328125 0.13925862239583334 0.78246938671875 0.08106089583333333 0.382355357421875 0 0.352614076171875 0
0 0.734507146484375 0.18413578906250003 0.738278736328125 0.13346446354166666 0.346935205078125 0.059854380208333335 0.341207783203125 0.11371876302083334 0.734507146484375 0.18413578906250003
0 0.340086677734375 0.11479309375 0.334335904296875 0.16752599739583332 0.729024197265625 0.24017861979166666 0.734398935546875 0.18531087239583333 0.340086677734375 0.11479309375
0 0.722789234375 0.29195162239583333 0.72765860546875 0.23907449739583334 0.334011283203125 0.17105109375000002 0.33000337890625 0.22470457031250002 0.722789234375 0.29195162239583333
0 0.32804415234375 0.2261341015625 0.322509802734375 0.27651684114583336 0.718414859375 0.3447025364583333 0.723670615234375 0.2920959140625 0.32804415234375 0.2261341015625
0 0.752664990234375 0.3755650390625 0.753839578125 0.353094859375 0.321303837890625 0.2798977265625 0.320685986328125 0.3060373697916667 0.752664990234375 0.3755650390625
0 0.74764029296875 0.4009832239583333 0.75046941796875 0.3799767135416667 0.320794197265625 0.3048622864583333 0.319156013671875 0.3318132447916667 0.74764029296875 0.4009832239583333
0 0.31632625390625 0.3339499348958333 0.31244642578125 0.38579634114583333 0.746814880859375 0.4529890598958333 0.752712103515625 0.4041990598958333 0.31632625390625 0.3339499348958333
0 0.3119053828125 0.39167160416666663 0.306982326171875 0.44264036718750005 0.742308388671875 0.5074590078125 0.747209173828125 0.47367125781249997 0.747734513671875 0.45825135156249996 0.3119053828125 0.39167160416666663
0 0.304500154296875 0.44294077604166665 0.299955396484375 0.49229288541666666 0.696345912109375 0.5522993098958333 0.70253857421875 0.502140984375 0.304500154296875 0.44294077604166665
0 0.68738769921875 0.5986599973958333 0.693262357421875 0.5542966510416667 0.298749373046875 0.4956737630208334 0.295086025390625 0.5451700104166667 0.68738769921875 0.5986599973958333
0 0.297962234375 0.5527975208333333 0.29691155078125 0.5836373385416667 0.679610697265625 0.6248203151041667 0.68121812109375 0.5976499583333333 0.297962234375 0.5527975208333333
0 0.685441658203125 0.6877985781249999 0.688207982421875 0.6286132395833334 0.289010630859375 0.6014280130208333 0.28736235546875 0.6663804114583333 0.685441658203125 0.6877985781249999
0 0.278359087890625 0.6879486692708333 0.2786226328125 0.7142326093750001 0.712254458984375 0.7172362473958334 0.712690017578125 0.6953442578125001 0.278359087890625 0.6879486692708333
0 0.7108634609375 0.7420564348958334 0.712146255859375 0.7184112526041666 0.277200185546875 0.7199636536458334 0.27647419140625 0.7472783098958334 0.7108634609375 0.7420564348958334
0 0.27350543359375 0.7503706041666667 0.273460025390625 0.7897243567708333 0.705097005859375 0.7852447786458333 0.706905150390625 0.7461796093749999 0.27350543359375 0.7503706041666667
0 0.268620330078125 0.7937030781250001 0.268683185546875 0.8318818359375001 0.702846294921875 0.8236070260416667 0.706086591796875 0.7842139088541668 0.268620330078125 0.7937030781250001
0 0.262853890625 0.8368912630208333 0.263333861328125 0.8608250338541666 0.647392615234375 0.8580983671875 0.647453697265625 0.8282894166666667 0.262853890625 0.8368912630208333
0 0.64269253125 0.8799915364583333 0.6417797734375 0.8607577916666668 0.263890568359375 0.8644944921875001 0.263627224609375 0.8920704739583334 0.64269253125 0.8799915364583333
0 0.238331986328125 0.9609165234375 0.41903100390625 0.9904992552083334 0.712477716796875 0.9868371874999999 0.714146234375 0.9298577265625 0.238997556640625 0.9307922031250001 0.238331986328125 0.9609165234375