0 0.71636284765625 0.9386365286458332 0.713107638671875 0.9003069140625 0.346354166015625 0.9509309322916667 0.346896701171875 0.9920722109375001 0.71636284765625 0.9386365286458332
0 0.70551215234375 0.8872893098958333 0.702799478515625 0.8496828958333333 0.346354166015625 0.8952445130208333 0.347439236328125 0.9349252213541667 0.70551215234375 0.8872893098958333
0 0.37836371484375 0.8880125104166666 0.704427083984375 0.8438972942708333 0.702799478515625 0.8207548854166666 0.37836371484375 0.8598077005208333 0.37836371484375 0.8880125104166666
0 0.71039496484375 0.815692484375 0.707682291015625 0.77230046875 0.33550347265625 0.8142460833333334 0.336046005859375 0.8641469010416666 0.71039496484375 0.815692484375
0 0.333875869140625 0.7542204609375 0.33441840234375 0.8019516796875 0.33441840234375 0.8041212786458334 0.703884548828125 0.7650684661458333 0.701171875 0.7202300494791666 0.333875869140625 0.7542204609375
0 0.6952039921875 0.712998046875 0.693576388671875 0.6782844348958333 0.3349609375 0.7093820442708334 0.33550347265625 0.7475698958333333 0.6952039921875 0.712998046875
0 0.6903211796875 0.6717756302083333 0.688693576171875 0.6399548203125 0.33441840234375 0.66960603125 0.33550347265625 0.7056138776041667 0.6903211796875 0.6717756302083333
0 0.680013021484375 0.6334460182291667 0.678927951171875 0.5734203958333334 0.3544921875 0.5936700026041667 0.35503472265625 0.661650828125 0.680013021484375 0.6334460182291667
0 0.67730034765625 0.5676347942708333 0.675130208984375 0.5054395703125 0.353407119140625 0.5249659791666667 0.35503472265625 0.5891497578125 0.67730034765625 0.5676347942708333
0 0.304578994140625 0.5219931796875 0.30620659765625 0.5234395807291666 0.683810763671875 0.5031899739583333 0.68598090234375 0.4937883697916667 0.68598090234375 0.48221716666666664 0.6854383671875 0.46775315885416663 0.684353298828125 0.45545875520833334 0.68109808984375 0.4475035520833333 0.303493923828125 0.46124435937499997 0.304578994140625 0.5219931796875
0 0.302408853515625 0.4589414244791667 0.681640625 0.44461075260416666 0.6827256953125 0.44316435156249995 0.684895833984375 0.43231634635416666 0.684895833984375 0.42146834375 0.684353298828125 0.4084507369791666 0.683268228515625 0.3997723359375 0.679470486328125 0.39109393229166667 0.30132378515625 0.39543313281250003 0.302408853515625 0.4589414244791667
0 0.355577255859375 0.37156752604166665 0.355577255859375 0.3938372578125 0.675130208984375 0.3882011302083333 0.6767578125 0.38458513020833335 0.67730034765625 0.37229072395833335 0.67730034765625 0.36071952083333336 0.675130208984375 0.3513179166666667 0.671875 0.34480911458333335 0.3544921875 0.34408591406250005 0.355577255859375 0.35782672135416665 0.355577255859375 0.37156752604166665
0 0.684895833984375 0.3346843125 0.683268228515625 0.275381890625 0.30078125 0.2667034869791667 0.30132378515625 0.3310683098958333 0.684895833984375 0.3346843125
0 0.298611111328125 0.19366026041666665 0.30023871484375 0.26019468489583336 0.31000433984375 0.259471484375 0.683810763671875 0.26887308854166664 0.683268228515625 0.20957066666666668 0.298611111328125 0.19366026041666665
0 0.683268228515625 0.20011094791666664 0.68109808984375 0.15527253124999998 0.313259548828125 0.1335765234375 0.314344619140625 0.18478054427083335 0.683268228515625 0.20011094791666664
0 0.2763671875 0.041730091145833335 0.277452255859375 0.12401665625000001 0.277452255859375 0.124174921875 0.684895833984375 0.147317328125 0.683810763671875 0.07499730208333334 0.2763671875 0.041730091145833335
0 0.27503859375 0 0.27582465234375 0.03938123958333333 0.681640625 0.072827703125 0.681640625 0 0.27503859375 0