0 0.082590029296875 0.7210994036458334 0.1227257265625 0.7312637369791667 0.22745625390625 0.16541139583333334 0.191348484375 0.1527572734375 0.082590029296875 0.7210994036458334
0 0.12446272265625 0.7317560182291666 0.16980940234375 0.7433972734375001 0.265975919921875 0.248037453125 0.22022216796875 0.23356642187499999 0.12446272265625 0.7317560182291666
0 0.307701556640625 0.26562143489583334 0.26743588671875 0.2505784973958333 0.172414927734375 0.744135703125 0.215793576171875 0.7569661901041668 0.307701556640625 0.26562143489583334
0 0.21615464453125 0.7601632552083334 0.242893583984375 0.7689516953125 0.360227794921875 0.21514436458333333 0.332121111328125 0.20354739062500002 0.21615464453125 0.7601632552083334
0 0.245314423828125 0.7708482526041666 0.272237978515625 0.7784786223958333 0.402157224609375 0.22672965625 0.376599328125 0.21494245572916668 0.245314423828125 0.7708482526041666
0 0.416352732421875 0.26736369791666664 0.408905458984375 0.2628322135416667 0.2829538203125 0.7682008046875 0.292138091796875 0.7732245703124999 0.416352732421875 0.26736369791666664
0 0.443091666015625 0.27615217708333334 0.41827435546875 0.26669787239583337 0.29492824609375 0.7728048515625 0.320521919921875 0.7826536015625 0.443091666015625 0.27615217708333334
0 0.324457328125 0.7811736510416667 0.3366163125 0.7846196145833333 0.46047203125 0.28052941927083336 0.45196127734375 0.27745547135416665 0.324457328125 0.7811736510416667
0 0.48527894921875 0.2905293255208333 0.46393569921875 0.28205955729166665 0.33556321484375 0.7855316302083333 0.36425910546875 0.7963802734375 0.48527894921875 0.2905293255208333
0 0.36348527734375 0.7982867109375 0.38917105859375 0.8079871484375 0.522252220703125 0.2687526666666667 0.495474828125 0.26073716406249997 0.36348527734375 0.7982867109375
0 0.549137255859375 0.27715599739583335 0.5232668515625 0.2686136666666667 0.3909080546875 0.8084794296875 0.41764698046875 0.8172679479166667 0.549137255859375 0.27715599739583335
0 0.573455341796875 0.2840479557291667 0.551243556640625 0.275332078125 0.419568609375 0.8166020807291666 0.444234765625 0.8270331119791666 0.573455341796875 0.2840479557291667
0 0.446307591796875 0.8253906145833333 0.459834330078125 0.8316450703124999 0.57642315625 0.3360209166666666 0.566569642578125 0.3329347578125 0.446307591796875 0.8253906145833333
0 0.58896605078125 0.34049252864583335 0.57959715625 0.33662686718749996 0.461940515625 0.8298211223958334 0.475757099609375 0.8359668177083334 0.58896605078125 0.34049252864583335
0 0.478996013671875 0.8310234661458332 0.546499841796875 0.8574172265625001 0.659850474609375 0.3450220494791667 0.595763265625 0.3206310755208333 0.478996013671875 0.8310234661458332
0 0.7336158203125 0.3669623229166667 0.668348158203125 0.34362316927083336 0.554924814453125 0.8501214895833332 0.6247717734375 0.8781988802083333 0.7336158203125 0.3669623229166667
0 0.78076712890625 0.33311845833333337 0.749501166015625 0.32425741145833337 0.640298076171875 0.88400046875 0.67253288671875 0.8917347968749999 0.78076712890625 0.33311845833333337
0 0.681746876953125 0.9030100052083333 0.694959005859375 0.9055440494791666 0.816011818359375 0.24869319791666666 0.803353552734375 0.24268487239583333 0.681746876953125 0.9030100052083333
0 0.697749162109375 0.9051243307291666 0.7131975703125 0.9107130182291666 0.833049884765625 0.2543351484375 0.82035428515625 0.249923890625 0.697749162109375 0.9051243307291666
0 0.828823236328125 0.4302579921875 0.804190669921875 0.4196455755208333 0.71585762890625 0.9054147057291666 0.747040224609375 0.912850828125 0.828823236328125 0.4302579921875
0 0.748046828125 0.9084852083333333 0.770627857421875 0.9148848697916666 0.85305466015625 0.4357194661458333 0.83285122265625 0.4277682265625 0.748046828125 0.9084852083333333