0 0.20144982421875 0.8777614505208334 0.21630153515625 0.8725130208333334 0.08861096875 0.4444507916666667 0.071844826171875 0.4484143619791667 0.20144982421875 0.8777614505208334
0 0.1060496171875 0.440361203125 0.09049664453125 0.44409744010416663 0.21759500390625 0.8730924401041666 0.2255353515625 0.8724263151041667 0.23253166015625 0.8686498932291666 0.1060496171875 0.440361203125
0 0.1245268984375 0.4344333880208333 0.10793963671875 0.44000703645833333 0.2343444453125 0.8683102005208333 0.242974 0.8683367265625 0.249970306640625 0.8645603046875 0.1245268984375 0.4344333880208333
0 0.2673993046875 0.8662251223958334 0.143343958984375 0.43172909895833333 0.138085142578125 0.42860553906250004 0.127028890625 0.43478634374999997 0.251688498046875 0.8691691354166666 0.25945895703125 0.8668912473958333 0.2673993046875 0.8662251223958334
0 0.161396517578125 0.4217718723958333 0.146025490234375 0.42793941406249997 0.2698163515625 0.8657721979166667 0.27775669921875 0.8651060729166667 0.283544484375 0.8615561145833334 0.161396517578125 0.4217718723958333
0 0.181516697265625 0.41389259635416664 0.1677885625 0.41810868229166664 0.2875291328125 0.8525914401041667 0.29486521875 0.8520385494791666 0.299963796875 0.8477959374999999 0.181516697265625 0.41389259635416664
0 0.1994457109375 0.4261471145833333 0.203430361328125 0.4171824427083333 0.199909033203125 0.4071588984375 0.189215033203125 0.40998462500000005 0.30204106640625 0.8441194843750001 0.309726580078125 0.8410357135416667 0.1994457109375 0.4261471145833333
0 0.3164198046875 0.8636136770833334 0.333943396484375 0.8603299713541667 0.218527255859375 0.4201060677083333 0.20014998828125 0.4260151432291666 0.3164198046875 0.8636136770833334
0 0.248078181640625 0.44908417708333337 0.251109140625 0.4427636119791667 0.2419332265625 0.40832387760416666 0.226499068359375 0.4128596484375 0.335785130859375 0.8427270572916666 0.3467467890625 0.8414947760416666 0.248078181640625 0.44908417708333337
0 0.2697466640625 0.44420196875 0.249313166015625 0.4480309557291667 0.348719814453125 0.8485212526041667 0.3574343125 0.8493536614583334 0.366413294921875 0.8468493098958333 0.2697466640625 0.44420196875
0 0.37377833203125 0.8290331979166666 0.3827573125 0.8265288463541666 0.302015814453125 0.49896830729166664 0.29324247265625 0.5022559244791667 0.37377833203125 0.8290331979166666
0 0.39688121875 0.8436053932291667 0.4178604921875 0.8380305338541666 0.297668158203125 0.3641860416666667 0.276289513671875 0.3706575364583333 0.39688121875 0.8436053932291667
0 0.4410772734375 0.8361453932291667 0.46775938671875 0.8262146927083333 0.360640763671875 0.4296349244791667 0.3313236640625 0.4425247864583333 0.4410772734375 0.8361453932291667
0 0.400145572265625 0.38936021354166667 0.367817052734375 0.4028143802083333 0.482470162109375 0.8020912786458334 0.512343470703125 0.7932061848958334 0.402118595703125 0.39638669010416666 0.400145572265625 0.38936021354166667
0 0.51449603515625 0.7960900208333334 0.543934974609375 0.7889299244791667 0.433729400390625 0.3806016145833333 0.40382691796875 0.39360117187500004 0.51449603515625 0.7960900208333334
0 0.548844361328125 0.7945843619791666 0.572155740234375 0.7877506953125 0.46429191796875 0.37240917447916666 0.438458072265625 0.38300271875 0.548844361328125 0.7945843619791666
0 0.575177048828125 0.7871845390625 0.59840348046875 0.7795449921875001 0.49399533984375 0.3619123177083334 0.469462755859375 0.3730838203125 0.575177048828125 0.7871845390625
0 0.600980767578125 0.7864582369791666 0.63119385546875 0.7807966744791667 0.5366044921875 0.37447287760416664 0.503011015625 0.38898588281249996 0.600980767578125 0.7864582369791666
0 0.636945884765625 0.7879368125 0.668282552734375 0.7812429036458334 0.57759289453125 0.3651485520833333 0.54334146875 0.3781412473958334 0.636945884765625 0.7879368125
0 0.67578852734375 0.7823017734375001 0.680443083984375 0.7855385677083334 0.688553322265625 0.7864842057291667 0.696493669921875 0.7858180807291667 0.70901327734375 0.7818284609375 0.71903089453125 0.7774858828125 0.64948265625 0.3105872994791667 0.596513349609375 0.3270874973958333 0.67578852734375 0.7823017734375001
0 0.69065740234375 0.3036934557291667 0.675635802734375 0.30733011979166663 0.658173140625 0.309780609375 0.7242897109375 0.7806094427083333 0.730152791015625 0.7836197734375 0.739990869140625 0.7834198359375 0.747761328125 0.7811419479166667 0.75682525390625 0.7794434791666666 0.763387189453125 0.7773920520833334 0.76831587890625 0.7715376770833333 0.709654001953125 0.29684652604166667 0.69065740234375 0.3036934557291667
0 0.745801650390625 0.4059466666666667 0.7351797734375 0.4104024765625 0.7773798046875 0.7698392083333333 0.781090322265625 0.769965703125 0.79507328515625 0.7681672656249999 0.800606236328125 0.7621996614583333 0.80346730859375 0.7542673333333334 0.76816898828125 0.39600270312499997 0.765317568359375 0.398180625 0.758406205078125 0.40276292708333333 0.745801650390625 0.4059466666666667
0 0.778516732421875 0.4006380598958333 0.812342044921875 0.7624659140625 0.81906421875 0.7677806588541666 0.827174455078125 0.768726296875 0.836417921875 0.7628851874999999 0.841950873046875 0.7569175807291666 0.810552259765625 0.38888239583333334 0.80234742578125 0.39288528125000005 0.7918104921875 0.3981469713541667 0.778516732421875 0.4006380598958333
0 0.833504556640625 0.3903340130208333 0.817117095703125 0.39093942447916663 0.84668072265625 0.7667146614583333 0.851514818359375 0.7658088098958333 0.85937021875 0.7643368046875 0.867744939453125 0.7619456848958334 0.87474125 0.7581692630208333 0.8797548828125 0.7531207708333333 0.85329137109375 0.3801045234375 0.8460241640625 0.38634439322916664 0.833504556640625 0.3903340130208333
0 0.889284294921875 0.7554440729166667 0.896101064453125 0.7558102942708333 0.908271244140625 0.7543515494791667 0.916825505859375 0.7478177890625001 0.894764951171875 0.3689929661458333 0.8615887265625 0.3801405859375 0.885318947265625 0.7528999322916667 0.889284294921875 0.7554440729166667
0 0.93390507421875 0.7520134843749999 0.94857724609375 0.7509076979166666 0.935599919921875 0.35887559375000005 0.93205929296875 0.36036086458333333 0.919454740234375 0.3635446041666666 0.905805521484375 0.36692409895833333 0.920875798828125 0.7511678125 0.93390507421875 0.7520134843749999