0 0.308815650390625 0 0.7348264140625 0.22659365625000003 0.7397836328125 0.2173964609375 0.747944619140625 0.192460515625 0.75957426171875 0.15076012239583333 0.77019473828125 0.1063018046875 0.773281466796875 0.0966541328125 0.562753478515625 0 0.308815650390625 0
0 0.268370787109375 0 0.25109876171875 0.073351046875 0.692670935546875 0.2898460572916667 0.71297746484375 0.21787916145833333 0.273398384765625 0 0.268370787109375 0
0 0.251048396484375 0.08021176822916666 0.243341626953125 0.11338739583333333 0.690564939453125 0.33132955729166663 0.69846723828125 0.30072963281250004 0.251048396484375 0.08021176822916666
0 0.243076744140625 0.11441309635416667 0.23407074609375 0.14928686197916666 0.679490244140625 0.36754819270833333 0.689194056640625 0.336638 0.243076744140625 0.11441309635416667
0 0.23409592578125 0.1458565 0.220057162109375 0.20021854427083333 0.63573241015625 0.40367687760416665 0.649672171875 0.35636389583333333 0.23409592578125 0.1458565
0 0.2177235859375 0.20258911197916665 0.20291535546875 0.256597890625 0.6203944140625 0.4597370546875 0.63305658203125 0.41070558333333335 0.2177235859375 0.20258911197916665
0 0.186492650390625 0.3201912239583333 0.59370378125 0.5197636536458333 0.604513595703125 0.4845707213541666 0.609250859375 0.4628938463541667 0.5541700625 0.4362170677083333 0.201590943359375 0.26172638541666665 0.186492650390625 0.3201912239583333
0 0.18569800390625 0.3232683203125 0.1714195390625 0.3752257005208333 0.577381806640625 0.5696355416666666 0.5918747890625 0.5235131848958333 0.18569800390625 0.3232683203125
0 0.168531015625 0.38307802864583335 0.15815023828125 0.4299410104166667 0.561804109375 0.6232910572916667 0.57680167578125 0.5785476640625 0.168531015625 0.38307802864583335
0 0.17096626171875 0.43697219531250003 0.160900732421875 0.47594875781249996 0.530723328125 0.650324828125 0.54069736328125 0.6150353984375 0.17096626171875 0.43697219531250003
0 0.515170814453125 0.7005499791666666 0.528295564453125 0.6563929557291667 0.16214959765625 0.48111134375000003 0.151844369140625 0.5176832421875001 0.151264240234375 0.5265953619791667 0.515170814453125 0.7005499791666666
0 0.14763143359375 0.5306640625 0.13836055078125 0.5665635260416667 0.504600703125 0.738147578125 0.51379955859375 0.7025270182291666 0.14763143359375 0.5306640625
0 0.133693396484375 0.5713046640625 0.12492709765625 0.6085830859375 0.4939802265625 0.7826058958333334 0.50344120703125 0.7459703203125 0.133693396484375 0.5713046640625
0 0.120764525390625 0.6147031901041666 0.11599664453125 0.6331657682291667 0.456579568359375 0.7941178046875 0.4623296328125 0.7718519375 0.120764525390625 0.6147031901041666
0 0.115971462890625 0.6365961302083333 0.108870001953125 0.6574292786458333 0.45075215625 0.8166831822916666 0.45621044921875 0.7988799869791667 0.115971462890625 0.6365961302083333
0 0.092585328125 0.6671625390624999 0.074043564453125 0.7389614609375 0.503619544921875 0.9419178281249999 0.52152461328125 0.8759172161458334 0.092585328125 0.6671625390624999
0 0.48649183984375 1 0.5006444765625 0.9501052786458333 0.07010012890625 0.7475658489583333 0.051558365234375 0.8193647734375 0.4427363515625 1 0.48649183984375 1