0 0.397441693359375 0 0.658862388671875 0.05981633333333333 0.663674625 0.030767031249999997 0.532808248046875 0 0.397441693359375 0
0 0.260553775390625 0 0.259399146484375 0.015470552083333334 0.2600368203125 0.024708138020833336 0.652965216796875 0.11378203645833333 0.65893366796875 0.06396384635416667 0.655433154296875 0.06231471614583334 0.383070640625 0 0.260553775390625 0
0 0.256819505859375 0.0256040390625 0.255158826171875 0.033475125 0.6847896328125 0.14026552083333335 0.685878072265625 0.1273485546875 0.256819505859375 0.0256040390625
0 0.242147009765625 0.028763708333333332 0.226320435546875 0.12500715885416666 0.751805994140625 0.25681171354166665 0.7646208828125 0.15990925520833335 0.242147009765625 0.028763708333333332
0 0.2256499921875 0.1347633515625 0.21286349609375 0.2267646223958333 0.739021412109375 0.3628580104166667 0.751408884765625 0.2691875364583333 0.2256499921875 0.1347633515625
0 0.764278212890625 0.45306339062499995 0.767033177734375 0.43223115625 0.77077837890625 0.41328402604166664 0.77288380078125 0.39736343229166665 0.21321797265625 0.233457171875 0.2092936171875 0.235013 0.204770099609375 0.25047253645833334 0.202121095703125 0.27050353385416664 0.198905693359375 0.28544446093750003 0.198766966796875 0.30523947916666666 0.757988052734375 0.4771952526041667 0.760037892578125 0.47106796354166663 0.764278212890625 0.45306339062499995
0 0.209233609375 0.32919675 0.19927144140625 0.3904682734375 0.63852333984375 0.5276097604166666 0.649000662109375 0.462442796875 0.209233609375 0.32919675
0 0.20061615625 0.39904593489583334 0.19620051171875 0.42774925260416663 0.612894609375 0.5620657994791667 0.618000173828125 0.5328319921875 0.20061615625 0.39904593489583334
0 0.20069126171875 0.43128349479166667 0.195780498046875 0.45904426302083334 0.6071361640625 0.5962364817708333 0.612947666015625 0.5663510989583334 0.20069126171875 0.43128349479166667
0 0.199352291015625 0.4648409088541667 0.195431763671875 0.49448678385416667 0.5206193046875 0.5990283776041666 0.525299060546875 0.5730144375 0.199352291015625 0.4648409088541667
0 0.198013318359375 0.4983983177083333 0.19267871484375 0.5293640442708333 0.516981978515625 0.6312192916666667 0.521165587890625 0.6042705416666666 0.198013318359375 0.4983983177083333
0 0.166940193359375 0.5365312708333333 0.16019342578125 0.5828618697916667 0.670268595703125 0.7515248203125 0.678902423828125 0.7049843229166667 0.166940193359375 0.5365312708333333
0 0.170694966796875 0.587809265625 0.165926759765625 0.6238650598958334 0.589799123046875 0.7648261380208333 0.595250865234375 0.7282881484375 0.170694966796875 0.587809265625
0 0.169109392578125 0.62791790625 0.1640233046875 0.6663774218749999 0.583688115234375 0.806349296875 0.590658609375 0.7676999557291667 0.169109392578125 0.62791790625
0 0.167101892578125 0.6852765364583333 0.16042640234375 0.7357546510416667 0.57704922265625 0.8659236796875001 0.586031513671875 0.8120617083333334 0.167101892578125 0.6852765364583333
0 0.1706100625 0.7431057630208334 0.16361669140625 0.7959875963541667 0.5680406953125 0.9199840468749999 0.576809224609375 0.8677384635416666 0.1706100625 0.7431057630208334
0 0.16337008984375 0.8025388307291667 0.15817804296875 0.8417995833333333 0.613870994140625 0.9811541041666666 0.620976978515625 0.9367937161458334 0.16337008984375 0.8025388307291667
0 0.163976912109375 0.8448152161458333 0.1612932265625 0.86979496875 0.573849134765625 0.993224796875 0.577385736328125 0.9711685416666667 0.163976912109375 0.8448152161458333
0 0.53284928125 1 0.15206703515625 0.8833227421875001 0.14913483203125 0.9008087057291667 0.47294836328125 1 0.53284928125 1
0 0.14758011328125 0.9078785494791667 0.144840765625 0.9242144322916667 0.381032095703125 0.9797436380208334 0.14758011328125 0.9078785494791667