0 0.3194669453125 0 0.31882478125 0.006973341145833333 0.316857611328125 0.02070346875 0.31843715625 0.03407742447916667 0.65172266796875 0.09332410677083335 0.65353230078125 0.08893630468750001 0.65705413671875 0.07358707552083334 0.6583289609375 0.05974360677083334 0.658469625 0.04295289583333334 0.416885357421875 0 0.3194669453125 0
0 0.31965187109375 0.03614991145833333 0.31430796484375 0.04839041145833334 0.312948154296875 0.06315678125 0.31185574609375 0.08265098697916666 0.6470482734375 0.14408395833333335 0.64979277734375 0.12954427864583332 0.6520998984375 0.11212256250000001 0.652931748046875 0.0954577890625 0.31965187109375 0.03614991145833333
0 0.60702699609375 0.16657313020833334 0.608877568359375 0.13884594270833334 0.608361927734375 0.13681369791666667 0.311248388671875 0.08161474218749999 0.3083587890625 0.11299327864583332 0.60702699609375 0.16657313020833334
0 0.306889109375 0.113689484375 0.302784796875 0.14299553385416666 0.603530041015625 0.196915421875 0.605464921875 0.16827265885416667 0.306889109375 0.113689484375
0 0.612592724609375 0.23587157031249997 0.612887046875 0.20978065104166665 0.61081832421875 0.20935034895833335 0.2973828671875 0.22455060416666664 0.298027544921875 0.24807644010416666 0.612592724609375 0.23587157031249997
0 0.632817921875 0.2757183489583333 0.633791498046875 0.24225134375000001 0.63250076171875 0.241004390625 0.295173173828125 0.24854595572916668 0.296875025390625 0.28348660416666666 0.632817921875 0.2757183489583333
0 0.28895659375 0.308420984375 0.292005818359375 0.321098734375 0.630463130859375 0.31655255989583336 0.63108346875 0.27928977083333334 0.290911322265625 0.287194328125 0.29031640625 0.29365461458333336 0.28895659375 0.308420984375
0 0.279203650390625 0.32275010416666666 0.2793508359375 0.359309859375 0.666259876953125 0.3552013541666667 0.66817916015625 0.3190963958333333 0.279203650390625 0.32275010416666666
0 0.276156513671875 0.36347096875 0.275611353515625 0.3999173776041667 0.6617430625 0.3966184244791667 0.6634063671875 0.36329314583333333 0.276156513671875 0.36347096875
0 0.272417033203125 0.404078484375 0.2732565625 0.44075158593749997 0.6591333046875 0.4402213255208333 0.661742994140625 0.40425077083333333 0.272417033203125 0.404078484375
0 0.655138857421875 0.48359753645833337 0.656362865234375 0.4474110494791667 0.65654633984375 0.4454186770833333 0.269369896484375 0.4447993463541667 0.269602068359375 0.480436203125 0.655138857421875 0.48359753645833337
0 0.266930115234375 0.486556453125 0.26656737109375 0.5286535989583333 0.606191728515625 0.5495923958333333 0.6097461328125 0.5109946484375 0.266930115234375 0.486556453125
0 0.264842728515625 0.5321184973958334 0.261965568359375 0.5709935625 0.5999875859375 0.6169639583333334 0.602155763671875 0.5781562265625 0.264842728515625 0.5321184973958334
0 0.52734109375 0.6350487786458333 0.528148447265625 0.6110184036458334 0.5285910390625 0.6062122473958333 0.2742578046875 0.5748795833333333 0.27257048046875 0.6008340755208333 0.52734109375 0.6350487786458333
0 0.523954001953125 0.6794612343750001 0.52794250390625 0.6437812317708334 0.5281308671875 0.6417357578125 0.265137099609375 0.6052380078125 0.261215201171875 0.6401947916666667 0.523954001953125 0.6794612343750001
0 0.251524455078125 0.6920065625 0.565411818359375 0.7405834895833333 0.56683173828125 0.7099011588541666 0.568798908203125 0.6961710338541667 0.5639524921875 0.6953776119791667 0.2554339140625 0.6495532473958333 0.251524455078125 0.6920065625
0 0.559352775390625 0.7911161953125 0.56401896484375 0.7480770390624999 0.564816900390625 0.7470437760416666 0.24971482421875 0.6963943619791667 0.2448580546875 0.7415030208333334 0.559352775390625 0.7911161953125
0 0.25005686328125 0.7461013828124999 0.24791971875 0.7616773046875 0.24983921875 0.7713596666666667 0.57662617578125 0.824858859375 0.57963808203125 0.8150470156249999 0.579421466796875 0.8021360520833333 0.580390537109375 0.7992444010416667 0.25005686328125 0.7461013828124999
0 0.573481611328125 0.8590060885416667 0.576203384765625 0.8447132369791667 0.576723603515625 0.8314324921875 0.247337240234375 0.7756341197916666 0.245479939453125 0.8034344088541667 0.573481611328125 0.8590060885416667
0 0.56394840234375 0.9014755338541667 0.5674097265625 0.8638885755208333 0.568902599609375 0.8629405026041667 0.24453262890625 0.8060897578125 0.24010080078125 0.8465839296875001 0.56394840234375 0.9014755338541667
0 0.559091634765625 0.9465841953125 0.56385160546875 0.9101582708333332 0.56473817578125 0.9081625104166666 0.240368205078125 0.8513117656250001 0.236628724609375 0.89191928125 0.559091634765625 0.9465841953125
0 0.227313162109375 0.9091304401041667 0.22518845703125 0.9322028932291667 0.565227400390625 0.9944292864583333 0.56724148046875 0.9725581458333333 0.227313162109375 0.9091304401041667