0 0 0.5416341979166667 0.164087453125 0.9626733697916667 0.179937560546875 0.9543530625000001 0.19274826953125 0.9463846171875 0.013796119140625 0.48070208593749997 0 0.488620875 0 0.5416341979166667
0 0.06843919921875 0.5286605859375 0.04117760546875 0.5443070026041666 0.193929732421875 0.9479292057291667 0.218470318359375 0.9330709947916667 0.06843919921875 0.5286605859375
0 0.21887468359375 0.9354333567708334 0.231685439453125 0.9274648880208334 0.240539419921875 0.9223564609375 0.09290232421875 0.5142989765625 0.06843919921875 0.5286605859375 0.21887468359375 0.9354333567708334
0 0.241938634765625 0.9217140755208333 0.267583228515625 0.9088970859375 0.12236725 0.5009416145833333 0.0957239140625 0.5161340807291667 0.241938634765625 0.9217140755208333
0 0.27057627734375 0.9023054244791666 0.292722865234375 0.8910943828125001 0.150812078125 0.4844397213541667 0.12508430859375 0.49952411458333335 0.27057627734375 0.9023054244791666
0 0.319331107421875 0.8820089140624999 0.16119574609375 0.41511740625 0.13727434765625 0.4286849791666667 0.2950857421875 0.8941835833333333 0.319331107421875 0.8820089140624999
0 0.321670830078125 0.8819782786458333 0.347292296875 0.8660413671875 0.194077314453125 0.4000213645833333 0.1663338828125 0.4138019713541667 0.321670830078125 0.8819782786458333
0 0.34893241796875 0.8663318463541666 0.36364734765625 0.8627067109375001 0.374382375 0.8588216901041666 0.38765180859375 0.8495991796875 0.393684251953125 0.8426556562499999 0.238778654296875 0.30645348177083337 0.22338726953125 0.31351972135416667 0.18025245703125 0.33436657291666666 0.180600888671875 0.3364953229166667 0.34893241796875 0.8663318463541666
0 0.397664091796875 0.8429155 0.42354964453125 0.8310313515625 0.291192724609375 0.3614632916666667 0.2615269140625 0.376359546875 0.397664091796875 0.8429155
0 0.44270312109375 0.8264119322916667 0.45575473828125 0.8193763489583333 0.47184575390625 0.8119889088541666 0.477178568359375 0.8053665885416667 0.334096900390625 0.2543445026041667 0.324978826171875 0.25540013020833335 0.270791724609375 0.28246488541666664 0.4256484375 0.8300677890625 0.44270312109375 0.8264119322916667
0 0.510861814453125 0.7721629296875 0.52528953515625 0.7613651041666666 0.40462262109375 0.2668366119791667 0.3547095390625 0.2887083723958333 0.482636544921875 0.7840777109375 0.496170013671875 0.7789079869791666 0.510861814453125 0.7721629296875
0 0.5334670625 0.7596977786458333 0.56678417578125 0.7402277682291666 0.4454745 0.23899035416666667 0.407592552734375 0.2571250677083333 0.5334670625 0.7596977786458333
0 0.600777791015625 0.7173166328125 0.5012191015625 0.29240365625000003 0.46462163671875 0.31129268489583334 0.56719659375 0.7327338776041666 0.600777791015625 0.7173166328125
0 0.60355313671875 0.712911921875 0.63667558203125 0.6987488307291666 0.5404120859375 0.2699976510416667 0.502354275390625 0.28770847135416666 0.60355313671875 0.712911921875
0 0.659980501953125 0.6859624557291667 0.554361962890625 0.2012212734375 0.532260611328125 0.21177005989583333 0.63945092578125 0.6943441197916668 0.659980501953125 0.6859624557291667
0 0.662732580078125 0.6784378880208334 0.681622068359375 0.6697656588541667 0.581745939453125 0.1867559895833333 0.557595978515625 0.1955625 0.662732580078125 0.6784378880208334
0 0.690545431640625 0.6740169947916667 0.7157313515625 0.6624540494791666 0.608789888671875 0.15483095833333335 0.580326392578125 0.16843081770833335 0.690545431640625 0.6740169947916667
0 0.72065177734375 0.6633255338541667 0.7418809375 0.6546226927083333 0.63659214453125 0.15583794791666666 0.61494076171875 0.166104796875 0.72065177734375 0.6633255338541667
0 0.74583769921875 0.6517625911458333 0.766825935546875 0.6421268177083334 0.66343151171875 0.1417555234375 0.63940393359375 0.15174315624999998 0.74583769921875 0.6517625911458333
0 0.771505359375 0.6420654817708333 0.805086556640625 0.6266482369791667 0.702210857421875 0.11997420572916667 0.66760602734375 0.13670847395833333 0.771505359375 0.6420654817708333
0 0.84074353125 0.6071475260416667 0.74174136328125 0.09954216927083333 0.703262900390625 0.117207765625 0.806462658203125 0.6228859947916666 0.84074353125 0.6071475260416667
0 0.84351878125 0.6027428567708334 0.877581810546875 0.58919140625 0.7806201484375 0.07364790104166667 0.7437938671875 0.0923388203125 0.84351878125 0.6027428567708334
0 0.834238013671875 0.045598078125 0.78316658984375 0.0690451484375 0.880333998046875 0.581666859375 0.925808478515625 0.5607893671875 0.839343515625 0.07142875 0.834238013671875 0.045598078125
0 0.92904249609375 0.5551306067708334 0.976592740234375 0.5301695885416667 0.888534056640625 0.014923515625 0.835350017578125 0.037783015625 0.92904249609375 0.5551306067708334