0 0.14998912890625 0.18386443229166669 0.135344693359375 0.18786454687499998 0.134447861328125 0.19001414322916665 0.123755603515625 0.8202866744791667 0.128551244140625 0.8269096953125 0.144806568359375 0.8283732473958333 0.16023421484375 0.8309027708333333 0.173320849609375 0.8257811692708333 0.183299052734375 0.18789537239583332 0.167885611328125 0.18428094531250003 0.14998912890625 0.18386443229166669
0 0.1881485546875 0.1956048828125 0.1864109296875 0.19882014583333332 0.179043591796875 0.8237438880208333 0.19118892578125 0.8283674869791667 0.2050322265625 0.8276044348958332 0.214793943359375 0.827831625 0.2214472265625 0.19529461979166665 0.217394046875 0.19411505208333335 0.19949756640625 0.19369854166666667 0.1881485546875 0.1956048828125
0 0.265669291015625 0.11167551041666667 0.224287142578125 0.1085419375 0.222555044921875 0.11067209374999999 0.21533756640625 0.848463734375 0.256011384765625 0.8494103541666668 0.265669291015625 0.11167551041666667
0 0.304848375 0.8483764895833333 0.311195564453125 0.11490553125000001 0.29579632421875 0.11020620052083334 0.273093626953125 0.11076306510416667 0.271363626953125 0.11180803645833333 0.2625333984375 0.8484769114583334 0.304848375 0.8483764895833333
0 0.314610091796875 0.8486036770833333 0.330051939453125 0.8500482968749999 0.35448463671875 0.8484464583333334 0.360831828125 0.11497550260416667 0.33158928515625 0.11103922395833334 0.320301162109375 0.11077651302083334 0.318559458984375 0.11182120833333332 0.314610091796875 0.8486036770833333
0 0.359379697265625 0.8474751510416666 0.393559908203125 0.8471854062499999 0.40402100390625 0.1724128671875 0.369154373046875 0.17160140104166666 0.359379697265625 0.8474751510416666
0 0.43183590625 0.8448205156249999 0.438957880859375 0.176481671875 0.41295504296875 0.17370602864583332 0.40572728125 0.17570828125000001 0.405576943359375 0.17787525520833333 0.396856421875 0.844006421875 0.43183590625 0.8448205156249999
0 0.434947783203125 0.8557452864583334 0.470754947265625 0.85549340625 0.47886083203125 0.17415464583333332 0.441571728515625 0.17328680208333333 0.434947783203125 0.8557452864583334
0 0.518721173828125 0.17508233333333334 0.48224143359375 0.17531855989583334 0.48204372265625 0.17965489843750002 0.474850734375 0.8534182604166666 0.5106294921875 0.8553361875 0.518721173828125 0.17508233333333334
0 0.57652060546875 0.17317181770833334 0.531946814453125 0.17104920052083336 0.53016665625 0.17100777083333332 0.52450119921875 0.8524033255208333 0.570070080078125 0.8523786354166667 0.57652060546875 0.17317181770833334
0 0.58708159765625 0.17450284375 0.577433974609375 0.8492943151041666 0.585511927734375 0.8538232552083334 0.604221884765625 0.8542586979166668 0.621361701171875 0.8503166640625 0.63180859375 0.17662903124999998 0.605819958984375 0.17276848177083334 0.588875876953125 0.17454460416666664 0.58708159765625 0.17450284375
0 0.62561371875 0.8363075703125 0.667115216796875 0.8361882161458333 0.674681396484375 0.19607581770833335 0.6334009296875 0.192944609375 0.62561371875 0.8363075703125
0 0.676848529296875 0.8385852161458334 0.721632337890625 0.8363717838541667 0.729198515625 0.19625938020833333 0.721077955078125 0.19498515364583333 0.702382201171875 0.19346480468750002 0.68302109375 0.19518467447916665 0.68280195703125 0.19735004687500002 0.676848529296875 0.8385852161458334
0 0.754572515625 0.18491233854166667 0.7393069140625 0.18564229166666668 0.728967828125 0.8354572708333333 0.7534147265625 0.8327705286458333 0.76594698046875 0.18626229687499998 0.754572515625 0.18491233854166667
0 0.788380009765625 0.8346695260416667 0.797629951171875 0.19025537239583334 0.80095487109375 0.18490658072916666 0.774323478515625 0.18428677604166666 0.772483197265625 0.18424394791666665 0.762320359375 0.8362334973958333 0.788380009765625 0.8346695260416667
0 0.80238890625 0.838251265625 0.82906803125 0.8345312395833333 0.837124939453125 0.2812490390625 0.811949779296875 0.277407421875 0.7997402734375 0.8371043854166667 0.80238890625 0.838251265625
0 0.8532524375 0.29247672916666667 0.839695818359375 0.288905515625 0.837867400390625 0.2866924895833333 0.830023537109375 0.8237011302083334 0.84303915625 0.824004046875 0.8532524375 0.29247672916666667
0 0.866093708984375 0.24394002604166667 0.858193255859375 0.24375615625 0.855546921875 0.2415240963541667 0.8446803125 0.8229570104166667 0.856054779296875 0.8243069661458334 0.866093708984375 0.24394002604166667
0 0.887244095703125 0.24443226822916667 0.86797159765625 0.24289849479166667 0.858481005859375 0.8254486666666666 0.873080974609375 0.8290441614583334 0.8804732734375 0.8237900338541667 0.887244095703125 0.24443226822916667
0 0.891020060546875 0.8262059635416666 0.90075337109375 0.8286029583333333 0.91169099609375 0.24174552604166666 0.902174484375 0.24152404427083332 0.891020060546875 0.8262059635416666
0 0.922745640625 0.8269443255208334 0.9319995 0.24438864322916667 0.927118640625 0.24427504947916667 0.913565978515625 0.24178916406249998 0.90078177734375 0.8264331510416666 0.914596673828125 0.82783990625 0.922745640625 0.8269443255208334