0 0.363471673828125 0 0.695438240234375 0.07447922135416667 0.6999248671875 0.05115567447916666 0.546044212890625 0 0.363471673828125 0
0 0.29510974609375 0 0.288381720703125 0.040974177083333334 0.68254521875 0.13363905729166667 0.69436182421875 0.07534152864583334 0.359304154296875 0 0.29510974609375 0
0 0.669439810546875 0.198828890625 0.68146880078125 0.13450136979166666 0.29010183203125 0.044660177083333336 0.280356798828125 0.10003585677083333 0.669439810546875 0.198828890625
0 0.2802256640625 0.10726315624999999 0.27356675390625 0.14287306510416667 0.65867490625 0.2405643125 0.66728937109375 0.20543475520833332 0.2802256640625 0.10726315624999999
0 0.64730306640625 0.29273943229166666 0.655897607421875 0.2516724036458333 0.27356675390625 0.14287306510416667 0.26389580859375 0.184802328125 0.64730306640625 0.29273943229166666
0 0.26475980078125 0.189970078125 0.2522916328125 0.23706995833333333 0.637173439453125 0.3501656223958333 0.6481670703125 0.2979071067708333 0.26475980078125 0.189970078125
0 0.623674677734375 0.4190971458333333 0.632908841796875 0.36482148177083334 0.2490647890625 0.24453805729166667 0.23971129296875 0.2958671666666667 0.623674677734375 0.4190971458333333
0 0.231231306640625 0.33011819010416665 0.22908805859375 0.35136778385416667 0.60862886328125 0.4799815390625 0.619801037109375 0.42513007291666666 0.241124265625 0.301684 0.234453357421875 0.3128876067708333 0.231231306640625 0.33011819010416665
0 0.614259275390625 0.5428590390625 0.625216640625 0.4891563125 0.22370359765625 0.3507979401041667 0.215128365234375 0.4004182473958333 0.614259275390625 0.5428590390625
0 0.214684216796875 0.4039248515625 0.20566248046875 0.45217045572916664 0.603519087890625 0.6002944192708334 0.61318523828125 0.5486026692708333 0.214684216796875 0.4039248515625
0 0.199418796875 0.45619550260416664 0.190399486328125 0.509322359375 0.61672141015625 0.6748269791666667 0.62678739453125 0.6177905625 0.199418796875 0.45619550260416664
0 0.60358623046875 0.7369695520833334 0.614541212890625 0.6783855104166667 0.1893230546875 0.5101845807291666 0.183320556640625 0.5667546432291667 0.60358623046875 0.7369695520833334
0 0.177936025390625 0.5661848567708333 0.1719263671875 0.6081112005208333 0.55518640625 0.7724615911458333 0.565028537109375 0.7229314661458334 0.177936025390625 0.5661848567708333
0 0.546987435546875 0.8243040677083333 0.556009169921875 0.7760584661458334 0.170635140625 0.6101220885416666 0.161483912109375 0.6549996302083333 0.546987435546875 0.8243040677083333
0 0.16225779296875 0.6549217005208333 0.155171701171875 0.6977102630208334 0.581480615234375 0.89433640625 0.58980398046875 0.8510670052083333 0.16225779296875 0.6549217005208333
0 0.571812068359375 0.9411469140625001 0.581265818359375 0.8954850677083334 0.152157255859375 0.6991482916666666 0.1456550390625 0.7396478255208333 0.571812068359375 0.9411469140625001
0 0.1483027734375 0.7442314010416666 0.14013545703125 0.7781197057291668 0.556233294921875 0.9821530078124999 0.564919201171875 0.93885546875 0.1483027734375 0.7442314010416666
0 0.552011486328125 1 0.55460383984375 0.9842308802083334 0.140567443359375 0.7807034583333333 0.1336112890625 0.8148187786458333 0.499147421875 1 0.552011486328125 1