0 0.268523248046875 0.7682907604166668 0.286281357421875 0.7668108333333333 0.29738012890625 0.269537609375 0.28364703125 0.26840674479166665 0.268523248046875 0.7682907604166668
0 0.311808568359375 0.2710175833333333 0.29849004296875 0.269537609375 0.287391197265625 0.7653308098958332 0.304398984375 0.7664536197916667 0.311808568359375 0.2710175833333333
0 0.30581533984375 0.7661200234375 0.319133916015625 0.7661200234375 0.328752875 0.2688468151041667 0.316174244140625 0.26983346354166665 0.30581533984375 0.7661200234375
0 0.343551287109375 0.2727934322916667 0.330972654296875 0.27180678125 0.322093587890625 0.7671067057291667 0.333954791015625 0.7648753307291667 0.343551287109375 0.2727934322916667
0 0.336152107421875 0.7661200234375 0.35095051953125 0.76513340625 0.3616240625 0.26899859375 0.34725090234375 0.2688468151041667 0.336152107421875 0.7661200234375
0 0.3768477265625 0.2727934322916667 0.362789208984375 0.2737800833333333 0.35243035546875 0.7661200234375 0.36487926953125 0.7637902604166666 0.3768477265625 0.2727934322916667
0 0.36648882421875 0.76513340625 0.381287236328125 0.76513340625 0.39417614453125 0.32325206510416665 0.377587619140625 0.322126078125 0.36648882421875 0.76513340625
0 0.407184443359375 0.3240994114583333 0.394605810546875 0.3250860625 0.384246908203125 0.7661200234375 0.399872759765625 0.7659603984375 0.407184443359375 0.3240994114583333
0 0.3990453203125 0.7680933229166667 0.417543345703125 0.7661200234375 0.426728228515625 0.19521386979166666 0.410144115234375 0.19583447916666666 0.3990453203125 0.7680933229166667
0 0.44714012109375 0.19978108072916667 0.430861873046875 0.19879442968750002 0.419763076171875 0.7661200234375 0.436493853515625 0.7659603984375 0.44714012109375 0.19978108072916667
0 0.438261103515625 0.7671067057291667 0.453799408203125 0.76513340625 0.46637808984375 0.2737800833333333 0.450839736328125 0.27180678125 0.438261103515625 0.7671067057291667
0 0.4819164453125 0.2727934322916667 0.467117984375 0.27180678125 0.4560191875 0.7661200234375 0.47230114453125 0.7648753307291667 0.4819164453125 0.2727934322916667
0 0.4737773203125 0.7661200234375 0.486355904296875 0.76513340625 0.496714806640625 0.27476673177083333 0.4848761171875 0.2757533828125 0.4737773203125 0.7661200234375
0 0.5100333828125 0.2757533828125 0.498194693359375 0.27476673177083333 0.490055568359375 0.7661200234375 0.501598021484375 0.7648753307291667 0.5100333828125 0.2757533828125
0 0.503374044921875 0.7641467239583334 0.5270515234375 0.7631601041666666 0.536670533203125 0.27871334895833333 0.510773275390625 0.27871334895833333 0.503374044921875 0.7641467239583334
0 0.560347912109375 0.2836466171875 0.53741042578125 0.2836466171875 0.530751087890625 0.7611868046875 0.556122759765625 0.7605350520833333 0.560347912109375 0.2836466171875
0 0.55664834765625 0.7611868046875 0.57662616015625 0.7611868046875 0.57890921875 0.28093435677083334 0.561827798828125 0.2806866510416667 0.55664834765625 0.7611868046875
0 0.597343966796875 0.28167330208333335 0.58106571875 0.28167330208333335 0.57662616015625 0.762173421875 0.5959990625 0.7605350520833333 0.597343966796875 0.28167330208333335