0 0.509819720703125 1 0.56442524609375 0.996184328125 0.734280962890625 0.8999333333333334 0.733046126953125 0.8685172343750001 0.4913504609375 1 0.509819720703125 1
0 0.478647818359375 1 0.733518169921875 0.8597939375 0.734551072265625 0.8238742213541667 0.407047375 1 0.478647818359375 1
0 0.73558031640625 0.8085942526041667 0.73472870703125 0.7869279791666667 0.732464625 0.7707918489583333 0.3937615390625 0.9443673151041666 0.399655935546875 0.9906658645833333 0.401575865234375 0.9980461875 0.73348290234375 0.8174311276041667 0.73558031640625 0.8085942526041667
0 0.73460462109375 0.7630382864583334 0.73200355078125 0.7175959010416667 0.388768646484375 0.8795388567708334 0.397526908203125 0.9365001796875 0.73460462109375 0.7630382864583334
0 0.403361740234375 0.836153859375 0.4069920546875 0.8663162786458334 0.73157774609375 0.7067627630208334 0.73021151171875 0.6927364713541667 0.7282029140625 0.6831002265625 0.403361740234375 0.836153859375
0 0.39891873828125 0.8060482265625 0.402331015625 0.8306634062499999 0.72640721875 0.678880546875 0.726964419921875 0.672323875 0.72551302734375 0.6561309583333333 0.39891873828125 0.8060482265625
0 0.7285082890625 0.6494039244791666 0.7282138828125 0.6211809791666667 0.378779201171875 0.7705216901041667 0.3824892578125 0.8027128072916666 0.7285082890625 0.6494039244791666
0 0.7227027109375 0.5846322526041666 0.373442009765625 0.7176664687500001 0.37361233203125 0.7219997239583332 0.3775348671875 0.7595966640624999 0.72457991015625 0.6116583098958334 0.72377087890625 0.5910753489583334 0.7227027109375 0.5846322526041666
0 0.73057409375 0.5775644895833333 0.727713884765625 0.54626196875 0.369900509765625 0.6690309270833333 0.374848169921875 0.7119758281249999 0.73057409375 0.5775644895833333
0 0.724292814453125 0.5421558645833333 0.724342708984375 0.5019596822916667 0.363793208984375 0.6173158125 0.368825546875 0.6624149765625 0.724292814453125 0.5421558645833333
0 0.719601642578125 0.46427085677083335 0.718661212890625 0.461077703125 0.359311283203125 0.5654871145833333 0.3642579296875 0.6084062239583333 0.72087905859375 0.49677026822916664 0.721521423828125 0.4923802239583333 0.719601642578125 0.46427085677083335
0 0.357608060546875 0.5221545703125 0.360843728515625 0.5630093385416667 0.718576052734375 0.4589110755208334 0.7202902421875 0.4403243776041667 0.7197366953125 0.42624129947916667 0.357608060546875 0.5221545703125
0 0.722689380859375 0.4184309505208333 0.721241640625 0.38159828385416666 0.351543341796875 0.471522765625 0.35640388671875 0.512251328125 0.722689380859375 0.4184309505208333
0 0.71867583984375 0.3785187083333333 0.715904447265625 0.3287430651041667 0.34479733203125 0.40355794270833334 0.3520153828125 0.4627994661458333 0.71867583984375 0.3785187083333333
0 0.716461650390625 0.32218639583333336 0.7158691796875 0.28638025260416666 0.33035026171875 0.3469941354166666 0.334567259765625 0.39208265364583333 0.716461650390625 0.32218639583333336
0 0.337203369140625 0.29328709635416667 0.334637568359375 0.2902075182291667 0.32492790625 0.2919722890625 0.33090746484375 0.34043746614583337 0.718094337890625 0.2807933203125 0.715833912109375 0.24401744270833334 0.337203369140625 0.29328709635416667
0 0.71814423046875 0.2405971354166667 0.71584122265625 0.2027379453125 0.330240802734375 0.240545453125 0.334637568359375 0.2902075182291667 0.71814423046875 0.2405971354166667
0 0.712334994140625 0.19646521614583334 0.714904451171875 0.17890504166666665 0.714095421875 0.15832208333333334 0.71101865234375 0.14224273958333333 0.33154015625 0.14920636979166665 0.32845973046875 0.15376677604166666 0.329783384765625 0.16670975260416665 0.335152044921875 0.2203655390625 0.712334994140625 0.19646521614583334
0 0.49018027734375 0 0.31905271875 0.011957888020833333 0.3242602109375 0.1298557109375 0.717477568359375 0.14070512239583333 0.7205799296875 0.012306221354166667 0.621218515625 0 0.49018027734375 0