0 0.443955876953125 0 0.379653541015625 0.026212263020833335 0.160213962890625 0.1471140078125 0.176756490234375 0.21183570572916666 0.50804726953125 0.034816458333333335 0.500482046875 0 0.443955876953125 0
0 0.177167619140625 0.21733994791666666 0.19377476953125 0.278632203125 0.52619029296875 0.11022940104166667 0.5097243828125 0.042130578125000005 0.177167619140625 0.21733994791666666
0 0.19855285546875 0.2846250260416667 0.213776771484375 0.35101861458333333 0.542582966796875 0.19656515625 0.525472541015625 0.12194424739583333 0.19855285546875 0.2846250260416667
0 0.220522470703125 0.36188119270833335 0.234145892578125 0.41758353645833335 0.557980134765625 0.2674255833333333 0.544031291015625 0.20288150000000002 0.220522470703125 0.36188119270833335
0 0.23377877734375 0.42340502343749997 0.245716470703125 0.48660073958333333 0.574090923828125 0.3413982109375 0.55895660546875 0.271684109375 0.23377877734375 0.42340502343749997
0 0.249284576171875 0.5021617369791667 0.259275271484375 0.5457325286458333 0.62442100390625 0.37533121875 0.61374579296875 0.32877516927083333 0.249284576171875 0.5021617369791667
0 0.263254501953125 0.5667977682291666 0.27720103515625 0.6053528984375 0.639169173828125 0.43965000520833336 0.628226982421875 0.39192961718749997 0.263254501953125 0.5667977682291666
0 0.287491443359375 0.6056955729166666 0.2887248203125 0.6222083020833333 0.292357546875 0.6343398541666666 0.297373509765625 0.641370078125 0.608885107421875 0.48942913541666666 0.6054256328125 0.4817644244791666 0.6025711484375 0.4693156276041666 0.60046594140625 0.46013452604166666 0.287491443359375 0.6056955729166666
0 0.2928773046875 0.6477403828125 0.2954939140625 0.6591517786458333 0.299364515625 0.672320734375 0.301981126953125 0.6837321302083333 0.616065328125 0.531876859375 0.613081599609375 0.5262869479166666 0.609210998046875 0.5131179921875 0.60568061328125 0.4977214973958333 0.2928773046875 0.6477403828125
0 0.2946744453125 0.6889793671875001 0.307302365234375 0.7292063828124999 0.66944375390625 0.5679703359375 0.65867481640625 0.5247167890625 0.2946744453125 0.6889793671875001
0 0.307237744140625 0.7326358255208333 0.318611671875 0.7711052864583333 0.679607703125 0.61600796875 0.667627626953125 0.5711837526041667 0.307237744140625 0.7326358255208333
0 0.31776880859375 0.7748519713541667 0.32968310546875 0.8119667916666667 0.656609705078125 0.6752950364583333 0.64432984765625 0.6328746979166667 0.31776880859375 0.7748519713541667
0 0.329078115234375 0.8167508776041666 0.339738423828125 0.8521081380208333 0.67031836328125 0.7128127630208333 0.658404064453125 0.6756979479166666 0.329078115234375 0.8167508776041666
0 0.337879443359375 0.8551346692708334 0.349317994140625 0.8901746848958334 0.678212203125 0.7583726848958333 0.66790503125 0.7208442291666667 0.337879443359375 0.8551346692708334
0 0.688376150390625 0.8064103177083334 0.6776602734375 0.7633881692708333 0.347999380859375 0.8918465755208334 0.3534704765625 0.9157067682291666 0.357881447265625 0.927521078125 0.688376150390625 0.8064103177083334
0 0.736629986328125 0.8275772864583333 0.726985796875 0.7929401822916667 0.35984905859375 0.9323908333333333 0.362876794921875 0.9493064713541667 0.36698526953125 0.9635128281249999 0.736629986328125 0.8275772864583333
0 0.42597726171875 1 0.74474108984375 0.8889297786458333 0.737728576171875 0.8546359843750001 0.3737749765625 0.9857011354166666 0.3757216640625 1 0.42597726171875 1
0 0.54411036328125 1 0.612895521484375 0.9768250442708334 0.753240560546875 0.9196146666666666 0.747245884765625 0.8961422682291666 0.435463185546875 1 0.54411036328125 1