0 0.121347392578125 0.23757563802083334 0.129533564453125 0.2659419427083333 0.424427990234375 0.12137642708333334 0.41677664453125 0.09174826562499999 0.121347392578125 0.23757563802083334
0 0.143030443359375 0.2815443203125 0.1504471484375 0.310263890625 0.464288134765625 0.15241070833333334 0.45610971875 0.12074158333333333 0.143030443359375 0.2815443203125
0 0.45721091796875 0.2049941015625 0.450588857421875 0.17935163020833333 0.17423713671875 0.325729890625 0.174577564453125 0.33704667187500004 0.181124078125 0.3523980625 0.45721091796875 0.2049941015625
0 0.172155380859375 0.3576629296875 0.182170546875 0.389778765625 0.4841794921875 0.23276849218749998 0.474441890625 0.19839461197916666 0.172155380859375 0.3576629296875
0 0.49241602734375 0.2679955182291667 0.483740453125 0.23773409895833333 0.183520138671875 0.3983376223958333 0.191681126953125 0.4232735677083333 0.193510123046875 0.4270230989583333 0.49241602734375 0.2679955182291667
0 0.192526138671875 0.43321138541666665 0.202276421875 0.4643015260416667 0.499378513671875 0.3049547734375 0.491671744140625 0.2717791432291667 0.192526138671875 0.43321138541666665
0 0.197659630859375 0.466421109375 0.20844426171875 0.4981836822916667 0.509683744140625 0.34152666927083336 0.500677744140625 0.30665290625 0.197659630859375 0.466421109375
0 0.207699978515625 0.5019673072916667 0.216415916015625 0.5323850104166666 0.520998138671875 0.375340640625 0.5120173203125 0.34389723958333335 0.207699978515625 0.5019673072916667
0 0.2138678203125 0.5358494661458334 0.223088337890625 0.5648882083333333 0.53024383984375 0.4078097421875 0.521527904296875 0.3773920416666667 0.2138678203125 0.5358494661458334
0 0.2223440546875 0.5686718307291666 0.234427916015625 0.6021325390625 0.510325416015625 0.46399396093749995 0.5006017421875 0.4296740104166667 0.2223440546875 0.5686718307291666
0 0.233948513671875 0.6069418619791667 0.243459095703125 0.6404366640625 0.516493255859375 0.4978761197916666 0.508096423828125 0.46869407812499997 0.233948513671875 0.6069418619791667
0 0.5553946015625 0.5385290520833333 0.543556794921875 0.4960225885416667 0.241920166015625 0.6411431901041666 0.2417056484375 0.6469782135416667 0.251052076171875 0.6931687578125 0.5553946015625 0.5385290520833333
0 0.569458546875 0.596321453125 0.556299681640625 0.5486994713541666 0.254659701171875 0.6938071015624999 0.259717646484375 0.7167257421875001 0.26787863671875 0.7416616875 0.569458546875 0.596321453125
0 0.258985486328125 0.7572176354166666 0.276076927734375 0.8067362630208333 0.591153716796875 0.6769984036458333 0.5768500703125 0.6216106614583333 0.258985486328125 0.7572176354166666
0 0.293218734375 0.8631156119791666 0.607286359375 0.7361356796875 0.598810125 0.7033133151041667 0.592982712890625 0.6807479375000001 0.5144721015625 0.7133505104166667 0.279684552734375 0.8073746015625001 0.293218734375 0.8631156119791666
0 0.61761676953125 0.7761379348958334 0.610272943359375 0.7477005755208334 0.29120040234375 0.8686314635416666 0.300546830078125 0.9148220052083333 0.6213503046875 0.7939280807291667 0.61761676953125 0.7761379348958334
0 0.304923921875 0.9151070833333333 0.31371540234375 0.9558158723958333 0.636398234375 0.8455321979166667 0.623418998046875 0.795272953125 0.304923921875 0.9151070833333333
0 0.37333219140625 1 0.653565224609375 0.9053419088541667 0.6440593984375 0.8618669817708334 0.2971276015625 0.9749044609375 0.3004992421875 1 0.37333219140625 1
0 0.50654342578125 1 0.665227447265625 0.9471684765625 0.655982060546875 0.9080348802083332 0.378771353515625 1 0.50654342578125 1