0 0.3783920078125 0.07516991666666667 0.71123637109375 0.0735419375 0.71384691015625 0.03892746875 0.66820779296875 0.029289432291666667 0.37914598046875 0.030979776041666667 0.375863986328125 0.043471611979166665 0.376550529296875 0.06039744270833333 0.3783920078125 0.07516991666666667
0 0.378253115234375 0.076339171875 0.37464174609375 0.1067408828125 0.708545716796875 0.11132984114583333 0.710220416015625 0.0745260546875 0.378253115234375 0.076339171875
0 0.70700993359375 0.14696445833333333 0.70942280078125 0.1115150625 0.37260978515625 0.10870902604166667 0.36896871484375 0.1419115078125 0.70700993359375 0.14696445833333333
0 0.368581716796875 0.14261865885416666 0.365152931640625 0.17905209895833332 0.705907474609375 0.185381390625 0.707886986328125 0.14714967447916666 0.368581716796875 0.14261865885416666
0 0.366907037109375 0.17942252864583333 0.363851263671875 0.20514706510416666 0.654721005859375 0.21675791666666666 0.65616855078125 0.18896751822916666 0.366907037109375 0.17942252864583333
0 0.6535652421875 0.2411574609375 0.65371203125 0.21721585677083333 0.360803376953125 0.20809933072916667 0.361015802734375 0.23383230989583334 0.6535652421875 0.2411574609375
0 0.3577476015625 0.23382386979166667 0.35421566015625 0.3013998828125 0.69582270703125 0.3243963359375 0.69938637890625 0.24860165364583334 0.3577476015625 0.23382386979166667
0 0.69159625390625 0.3978188515625 0.694806751953125 0.325380453125 0.3510289375 0.30552141666666666 0.34837501171875 0.3735407447916667 0.69159625390625 0.3978188515625
0 0.34546503515625 0.37506557552083336 0.34069884765625 0.40762066406249997 0.689183404296875 0.43326825 0.6911795546875 0.4013267708333333 0.34546503515625 0.37506557552083336
0 0.689262814453125 0.470442546875 0.690659712890625 0.43597726822916666 0.34231405078125 0.40916042708333333 0.3415483828125 0.4393331145833333 0.689262814453125 0.470442546875
0 0.338563787109375 0.4407313932291667 0.334666666015625 0.4962440260416667 0.650851017578125 0.5323360078125 0.655379103515625 0.468081515625 0.338563787109375 0.4407313932291667
0 0.6455014765625 0.5966461640624999 0.6487993046875 0.5386098020833333 0.331479943359375 0.5003655625 0.327340955078125 0.558936 0.6455014765625 0.5966461640624999
0 0.30773201171875 0.5564806197916666 0.301803056640625 0.61396134375 0.67631358203125 0.6702762630208333 0.681321845703125 0.6054092708333333 0.30773201171875 0.5564806197916666
0 0.30110855078125 0.6198079296875 0.295501025390625 0.6821510364583333 0.675246173828125 0.7431447369791666 0.676773935546875 0.6739693984375 0.30110855078125 0.6198079296875
0 0.670491833984375 0.8176769401041667 0.67402378125 0.7501010104166667 0.29462394140625 0.6819658151041667 0.28625226953125 0.746687703125 0.670491833984375 0.8176769401041667
0 0.285230400390625 0.7459067291666667 0.2804999375 0.8084352135416667 0.66889885546875 0.8881371666666666 0.6719681328125 0.8203860364583333 0.285230400390625 0.7459067291666667
0 0.294393947265625 0.8125679244791667 0.289941232421875 0.8727577343749999 0.62765120703125 0.9512669114583333 0.633814330078125 0.8842464687499999 0.294393947265625 0.8125679244791667
0 0.626718806640625 1 0.62782585546875 0.9800708177083334 0.2794523359375 0.90050846875 0.27723522265625 0.9591892630208334 0.470486861328125 1 0.626718806640625 1