0 0.122014345703125 0.988538640625 0.1960020703125 0.9633311614583334 0.09039879296875 0.37837840104166665 0.016893865234375 0.3983372473958333 0.122014345703125 0.988538640625
0 0.1637586640625 0.35462095833333335 0.093599552734375 0.3760091328125 0.197717365234375 0.9627183463541668 0.26981953515625 0.9374990130208333 0.1637586640625 0.35462095833333335
0 0.2334581171875 0.33094548697916665 0.16501430078125 0.3517208463541666 0.271015599609375 0.9340799140625 0.341003837890625 0.90937128125 0.2334581171875 0.33094548697916665
0 0.34780605859375 0.9090968203125 0.416418064453125 0.8845841119791666 0.311840345703125 0.30644317708333335 0.24397976953125 0.32841220833333334 0.34780605859375 0.9090968203125
0 0.351707279296875 0.2972793776041667 0.317171505859375 0.3083920755208333 0.422421625 0.8824392447916667 0.45797141796875 0.8675827890625 0.351707279296875 0.2972793776041667
0 0.46141385546875 0.8660571692708333 0.515613958984375 0.8430160572916666 0.406809865234375 0.26043260416666664 0.353832330078125 0.2739166796875 0.46141385546875 0.8660571692708333
0 0.458560392578125 0.24807267447916667 0.408295390625 0.2586761328125 0.517788908203125 0.8446905182291666 0.569211552734375 0.8224484531249999 0.458560392578125 0.24807267447916667
0 0.57443865625 0.8109682578125 0.620062189453125 0.7909913385416667 0.50835122265625 0.29824533072916665 0.470573154296875 0.3124229453125 0.57443865625 0.8109682578125
0 0.553596998046875 0.286438625 0.51157208203125 0.3014526796875 0.62543794921875 0.7902964687499999 0.66911641015625 0.7697886744791668 0.553596998046875 0.286438625
0 0.679593265625 0.7807546953125 0.71720645703125 0.7575107395833333 0.601165701171875 0.26699247135416665 0.563752400390625 0.2771043828125 0.679593265625 0.7807546953125
0 0.6342160078125 0.2576362265625 0.603570427734375 0.2698106276041667 0.72138823046875 0.7645970052083334 0.75163598828125 0.7491863854166666 0.6342160078125 0.2576362265625
0 0.75276816015625 0.7423542760416666 0.779983048828125 0.731405625 0.666706125 0.2511066848958333 0.637938123046875 0.2624352161458333 0.75276816015625 0.7423542760416666
0 0.70383141015625 0.1420595390625 0.6680398828125 0.15607236979166667 0.8031565 0.7415127916666666 0.8443985859375 0.7227855807291667 0.70383141015625 0.1420595390625
0 0.848213923828125 0.7278668151041666 0.89023872265625 0.7128527994791667 0.752319423828125 0.12718793489583333 0.712469515625 0.1438764296875 0.848213923828125 0.7278668151041666
0 0.893041513671875 0.7130771640625001 0.936605064453125 0.6919975703125 0.798651296875 0.10776746614583334 0.755635095703125 0.12539046875 0.893041513671875 0.7130771640625001