0 0.10143275 0.2753489661458333 0.067643326171875 0.2646007421875 0.015704025390625 0.654170796875 0.0381667421875 0.6625710859375 0.090827177734375 0.27707715625 0.10143275 0.2753489661458333
0 0.035440052734375 0.6818832421875 0.069948654296875 0.6921682005208334 0.12729479296875 0.2911864140625 0.0924314375 0.2777311171875 0.035440052734375 0.6818832421875
0 0.0754100625 0.6906123333333333 0.10664784375 0.7003204010416666 0.15914497265625 0.34274789062500005 0.12792332421875 0.33077709895833335 0.0754100625 0.6906123333333333
0 0.200512458984375 0.35280308072916666 0.173249759765625 0.3409332578125 0.171465265625 0.3409622578125 0.118955421875 0.6886959661458333 0.145726359375 0.6980960338541666 0.200512458984375 0.35280308072916666
0 0.2351970859375 0.345005421875 0.207465982421875 0.335213953125 0.147166671875 0.7017088932291666 0.16595565625 0.7063423229166667 0.17560949609375 0.7087647578124999 0.2351970859375 0.345005421875
0 0.260973458984375 0.356269359375 0.236318923828125 0.3454627291666667 0.173620365234375 0.7124925000000001 0.1841958203125 0.7183163515625001 0.1959244609375 0.7215845625 0.260973458984375 0.356269359375
0 0.290878685546875 0.3223175911458333 0.27978453125 0.31628229687500004 0.2690974609375 0.3089000807291667 0.26785443359375 0.3114191015625 0.19148305078125 0.7409541614583333 0.19790890625 0.7450864661458333 0.206208103515625 0.7484695572916666 0.21346990234375 0.7514297630208334 0.22224496484375 0.7527375442708334 0.30396196875 0.32462514583333335 0.30120984765625 0.32425970052083336 0.290878685546875 0.3223175911458333
0 0.231119869140625 0.7487909947916668 0.262717728515625 0.7594022786458333 0.340177375 0.3696453098958334 0.3058583203125 0.356411890625 0.231119869140625 0.7487909947916668
0 0.36477044140625 0.3910169322916666 0.355952544921875 0.3874223958333333 0.343068583984375 0.3821703671875 0.2711501171875 0.742416 0.27637994921875 0.7468171875 0.281768404296875 0.750526609375 0.289548904296875 0.7536982578125001 0.2974880234375 0.7561781354166667 0.303626751953125 0.7541419401041667 0.379928525390625 0.39417026041666664 0.37649908203125 0.3942851432291667 0.36477044140625 0.3910169322916666
0 0.30538430859375 0.7563712552083333 0.308380720703125 0.7606184453124999 0.3158439765625 0.7651736354166667 0.324661875 0.768768171875 0.3308862734375 0.7713054921875 0.338898345703125 0.7685200833333333 0.417476373046875 0.4109891640625 0.382139345703125 0.39734077864583334 0.30538430859375 0.7563712552083333
0 0.446065103515625 0.4075144557291666 0.42334488671875 0.39825276562499995 0.339777123046875 0.7696347421874999 0.34360948046875 0.7727098333333333 0.36072657421875 0.7796874609375001 0.446065103515625 0.4075144557291666
0 0.361922595703125 0.7794185755208334 0.38542271484375 0.7882417526041667 0.470444 0.4174522916666667 0.447210998046875 0.4079815703125 0.361922595703125 0.7794185755208334
0 0.474768376953125 0.40408644010416667 0.38600869140625 0.7907499166666666 0.388486404296875 0.7947856614583334 0.394595013671875 0.8003015104166668 0.402375513671875 0.8034731614583334 0.42260480859375 0.8117194479166666 0.43194140625 0.8155254270833333 0.4408322578125 0.8138546770833334 0.536403564453125 0.42921146614583333 0.474768376953125 0.40408644010416667
0 0.598244638671875 0.4513946927083334 0.5407752578125 0.42796782031249997 0.53931430859375 0.428885140625 0.44509764453125 0.8125676953125001 0.450327478515625 0.8169688828125 0.460902931640625 0.8227927369791667 0.468726263671875 0.8282511432291666 0.480454904296875 0.8315193541666667 0.490786068359375 0.8334614609375 0.498163654296875 0.8334431380208334 0.598244638671875 0.4513946927083334
0 0.558045716796875 0.8518020598958334 0.666670189453125 0.47701844791666664 0.655100169921875 0.4730584661458333 0.643530150390625 0.4690984869791666 0.62916517578125 0.46248630208333336 0.617393701171875 0.45693133333333336 0.606940634765625 0.4511573723958333 0.503179314453125 0.8264105416666667 0.503985140625 0.8327904869791666 0.509056353515625 0.8378834479166667 0.514646263671875 0.8431878515625 0.521230740234375 0.8466283880208333 0.542656056640625 0.8546057890625001 0.548520376953125 0.8562398958333333 0.5538231640625 0.8553757994791668 0.558045716796875 0.8518020598958334
0 0.560120517578125 0.8526478333333333 0.58745298828125 0.8645460989583333 0.6982078125 0.5027338177083334 0.668896173828125 0.4877594661458333 0.560120517578125 0.8526478333333333
0 0.593634552734375 0.8647966614583332 0.61857498046875 0.8772326979166666 0.735194125 0.5170545182291667 0.705934583984375 0.504370703125 0.593634552734375 0.8647966614583332
0 0.623504974609375 0.8656265859375 0.64569328125 0.8776971744791666 0.749494177734375 0.5660004375 0.724549677734375 0.5543191744791667 0.623504974609375 0.8656265859375
0 0.649281345703125 0.8768905234375 0.672665677734375 0.8886922291666667 0.779737392578125 0.5775723776041667 0.7532438671875 0.5652596666666666 0.649281345703125 0.8768905234375
0 0.678601779296875 0.89035559375 0.69903253125 0.9001968697916666 0.8140607734375 0.5741660520833333 0.79171384375 0.562787234375 0.678601779296875 0.89035559375
0 0.72795122265625 0.9051774218749999 0.748339140625 0.9127319374999999 0.844492728515625 0.5774941770833334 0.822611541015625 0.5670616458333334 0.72795122265625 0.9051774218749999
0 0.753007439453125 0.9146349270833333 0.773078111328125 0.9235729869791666 0.87006764453125 0.5871631276041667 0.84719806640625 0.578596984375 0.753007439453125 0.9146349270833333
0 0.777099208984375 0.9184042630208333 0.798005826171875 0.9261702213541666 0.8801324296875 0.629843984375 0.86110073828125 0.6243551822916666 0.777099208984375 0.9184042630208333
0 0.885966630859375 0.6390301302083333 0.803638572265625 0.9337613828125 0.823348525390625 0.9417959661458334 0.830024 0.9225806328125 0.84086583203125 0.8876657369791667 0.908227890625 0.6458354375 0.898012515625 0.6409147994791666 0.88760395703125 0.6374282786458333 0.885966630859375 0.6390301302083333