0 0.655477529296875 0.9809656770833333 0.788931248046875 0.9213874869791666 0.78357609375 0.88921965625 0.52355016015625 0.99945384375 0.655477529296875 0.9809656770833333
0 0.51477791796875 1 0.78605409765625 0.8848884765624999 0.78117729296875 0.8570024687500001 0.45148246875 0.9901043177083334 0.4525135546875 1 0.51477791796875 1
0 0.786197587890625 0.8527277994791667 0.77746484765625 0.8099070442708333 0.441913349609375 0.9397184348958333 0.44846186328125 0.9857660598958334 0.786197587890625 0.8527277994791667
0 0.43704039453125 0.8861832213541666 0.444470982421875 0.9351384505208333 0.778952654296875 0.8061273333333333 0.77110300390625 0.7631828255208334 0.43704039453125 0.8861832213541666
0 0.772498001953125 0.7582257708333334 0.763301201171875 0.7095180598958333 0.415346525390625 0.8269177369791666 0.42263199609375 0.8846311875 0.772498001953125 0.7582257708333334
0 0.40972557421875 0.7662101276041667 0.41734175390625 0.817520125 0.76497462890625 0.7080931171875 0.758705599609375 0.6625463229166667 0.40972557421875 0.7662101276041667
0 0.416050875 0.7331830546874999 0.41809272265625 0.7590855755208333 0.763447517578125 0.654739453125 0.759917796875 0.6326165755208334 0.416050875 0.7331830546874999
0 0.759824990234375 0.6314392317708334 0.7577353515625 0.6162569609375 0.410505125 0.7032169270833334 0.41488932421875 0.729774703125 0.759824990234375 0.6314392317708334
0 0.774050619140625 0.6080185651041666 0.764066365234375 0.5379941067708334 0.31891368359375 0.6374971223958333 0.326672634765625 0.720710203125 0.774050619140625 0.6080185651041666
0 0.744871060546875 0.5323513463541667 0.7421795390625 0.4982071796875 0.408834025390625 0.5699070442708333 0.413092251953125 0.6050351510416666 0.744871060546875 0.5323513463541667
0 0.748175791015625 0.49498609374999997 0.7429276796875 0.4623904765625 0.405669587890625 0.5297635807291666 0.410029478515625 0.566181375 0.748175791015625 0.49498609374999997
0 0.38572958203125 0.4957823125 0.387352375 0.5276956276041667 0.742649244140625 0.4588582864583333 0.7375239921875 0.4295783645833333 0.38572958203125 0.4957823125
0 0.736425232421875 0.42520908072916663 0.73331467578125 0.3970756328125 0.38238838671875 0.45339650260416664 0.38517272265625 0.4887180911458333 0.736425232421875 0.42520908072916663
0 0.377837796875 0.41832227604166666 0.380436517578125 0.4512891770833333 0.73373371484375 0.39106499739583334 0.7298328046875 0.3642324973958333 0.377837796875 0.41832227604166666
0 0.7330868515625 0.36020526562500005 0.7277516484375 0.2811966067708333 0.33057953125 0.32852312760416663 0.338364333984375 0.41088862499999995 0.7330868515625 0.36020526562500005
0 0.729332275390625 0.2785943984375 0.72320673046875 0.20088684114583333 0.3621547890625 0.22687738541666666 0.37073915234375 0.31694328906249997 0.729332275390625 0.2785943984375
0 0.720512373046875 0.18936044791666665 0.72358362109375 0.16036052343749999 0.7220058359375 0.14034504166666667 0.7165512421875 0.12615166145833334 0.29932163671875 0.14720225260416667 0.306237484375 0.223608546875 0.720512373046875 0.18936044791666665
0 0.71513214453125 0.09845411197916666 0.715599025390625 0.08172314322916667 0.711650275390625 0.06561097656249999 0.704540294921875 0.05470354166666667 0.2904089140625 0.056790960937499996 0.296022580078125 0.13933180989583333 0.712991830078125 0.1166099453125 0.71513214453125 0.09845411197916666
0 0.4803470859375 0 0.29938487109375 0.025359859375000002 0.30151826953125 0.050472546874999996 0.70161252734375 0.05154262760416667 0.698873142578125 0.028118559895833336 0.698271318359375 0.009156658854166668 0.694523630859375 0 0.4803470859375 0