0 0.122404509765625 0.8546606692708334 0.166785345703125 0.8565763046875 0.1606184296875 0.24437125 0.105783640625 0.23846788802083332 0.122404509765625 0.8546606692708334
0 0.16757911328125 0.8590029817708333 0.21550669140625 0.8611663749999999 0.214033521484375 0.2460320703125 0.1633714609375 0.2421924140625 0.16757911328125 0.8590029817708333
0 0.261046517578125 0.24546082291666668 0.21666562109375 0.24354524218749998 0.217233646484375 0.8624726927083333 0.264180279296875 0.8610513203125 0.261046517578125 0.24546082291666668
0 0.273420259765625 0.8580995703125001 0.300861103515625 0.8612027005208334 0.3101971484375 0.3069901536458333 0.27916308984375 0.30482158593750003 0.273420259765625 0.8580995703125001
0 0.3033817109375 0.8649356093749999 0.337168802734375 0.8649253411458333 0.350266541015625 0.31292191927083335 0.31276428515625 0.3095407473958333 0.3033817109375 0.8649356093749999
0 0.343003837890625 0.8748179166666666 0.37058410546875 0.8743739348958334 0.393985859375 0.24556790364583334 0.363340861328125 0.2443095911458333 0.343003837890625 0.8748179166666666
0 0.426249224609375 0.24989104947916665 0.398761904296875 0.24797031510416667 0.3793580078125 0.8773582395833334 0.40451033984375 0.8734649088541667 0.426249224609375 0.24989104947916665
0 0.408057357421875 0.8710644687500001 0.436477806640625 0.8718647604166666 0.460722416015625 0.3141208984375 0.428266044921875 0.3116836432291667 0.408057357421875 0.8710644687500001
0 0.439137890625 0.8720506380208333 0.4676978203125 0.8693039036458333 0.49480415234375 0.31780629947916667 0.4618207109375 0.31758515885416666 0.439137890625 0.8720506380208333
0 0.47115161328125 0.871916453125 0.508438912109375 0.8733363359375 0.54012075 0.27088975 0.502039625 0.26704314583333333 0.47115161328125 0.871916453125
0 0.583614873046875 0.2727433828125 0.54371396484375 0.2699552265625 0.510072919921875 0.8770073671874999 0.548072728515625 0.8782811432291666 0.583614873046875 0.2727433828125
0 0.551933033203125 0.8751900104166667 0.629167833984375 0.8782157369791667 0.669667638671875 0.27265495052083333 0.58739398046875 0.26707940885416664 0.551933033203125 0.8751900104166667
0 0.63182791796875 0.8784016145833333 0.709902900390625 0.8826716197916666 0.75938826171875 0.27892436197916665 0.677088900390625 0.2697902109375 0.63182791796875 0.8784016145833333
0 0.806916982421875 0.26937733072916664 0.767016072265625 0.2665891744791667 0.715176595703125 0.8842257734375 0.748963626953125 0.8842155026041666 0.806916982421875 0.26937733072916664
0 0.75171665625 0.8820366666666667 0.784617037109375 0.8819644375000001 0.8467454140625 0.2706860494791667 0.81055666796875 0.2672604505208333 0.75171665625 0.8820366666666667
0 0.905993677734375 0.2822285625 0.850132380859375 0.27832514062499997 0.7899836796875 0.8811537968750001 0.843152625 0.8845578802083334 0.905993677734375 0.2822285625
0 0.846917525390625 0.8803897447916667 0.89923208203125 0.8840453307291667 0.96654465625 0.28296887760416667 0.91052001953125 0.280173640625 0.846917525390625 0.8803897447916667