0 0.115968935546875 0.797518453125 0.153030326171875 0.8044633046874999 0.1976494296875 0.24085173177083333 0.160202134765625 0.2305473671875 0.115968935546875 0.797518453125
0 0.15522085546875 0.80706525 0.192168986328125 0.8150846119791666 0.245763853515625 0.2520592526041667 0.2082152890625 0.24283164583333336 0.15522085546875 0.80706525
0 0.1950519375 0.8189120390625 0.240409537109375 0.8328901640624999 0.3030805625 0.2617039713541667 0.253571212890625 0.24913932552083332 0.1950519375 0.8189120390625
0 0.246275833984375 0.8317979713541667 0.292212595703125 0.8480760911458334 0.3688067421875 0.277307453125 0.314705001953125 0.26169078125 0.246275833984375 0.8317979713541667
0 0.33605922265625 0.8530052135416667 0.406686681640625 0.2920758203125 0.3891881875 0.2866053515625 0.37654448046875 0.28314034114583336 0.307394435546875 0.8443465833333333 0.31672284765625 0.8493818125 0.33605922265625 0.8530052135416667
0 0.3931494140625 0.8647989505208334 0.419850193359375 0.8687066171875001 0.43292409765625 0.36273637500000006 0.406802482421875 0.36112870312499995 0.3931494140625 0.8647989505208334
0 0.424810412109375 0.8762105 0.460021052734375 0.8773298776041667 0.472250673828125 0.34819103385416666 0.44133304296875 0.34678038020833335 0.424810412109375 0.8762105
0 0.491247275390625 0.35503796354166667 0.478016578125 0.35584589322916665 0.465660830078125 0.878386703125 0.497888126953125 0.8844257057291666 0.50874576953125 0.3605084322916667 0.491247275390625 0.35503796354166667
0 0.500091521484375 0.8947001901041666 0.529549125 0.8958372552083333 0.54790762109375 0.31634743489583333 0.51430834375 0.31553000520833335 0.500091521484375 0.8947001901041666
0 0.587386056640625 0.3237452109375 0.582551962890625 0.322839359375 0.569434525390625 0.32257277864583334 0.55338553125 0.32066112760416665 0.535994583984375 0.8970450572916667 0.566144611328125 0.8994076041666667 0.587386056640625 0.3237452109375
0 0.649825169921875 0.30038208072916667 0.60397751953125 0.2928865234375 0.56838660546875 0.9326997161458334 0.6061275546875 0.9331975104166667 0.613605212890625 0.9324072656250001 0.649825169921875 0.30038208072916667
0 0.65918933203125 0.9442363723958334 0.709558927734375 0.31047972395833334 0.69505664453125 0.307762171875 0.66096863671875 0.3057574296875 0.61650103125 0.9439072369791667 0.64412075 0.9468913697916667 0.65918933203125 0.9442363723958334
0 0.68573825 0.9262009192708334 0.73116303515625 0.3627403203125 0.72460431640625 0.36260703125 0.708367568359375 0.3628516614583333 0.663884431640625 0.9308716484375 0.6761961875 0.9309872526041666 0.68573825 0.9262009192708334
0 0.758329716796875 0.37002249479166666 0.73543083203125 0.3690187213541667 0.68699696875 0.9220538593750001 0.704721982421875 0.9253753098958333 0.712426162109375 0.9224360442708334 0.758329716796875 0.37002249479166666
0 0.718091671875 0.9388379557291667 0.743634123046875 0.9381456328125001 0.7979986171875 0.422381015625 0.768994048828125 0.41694591406250003 0.718091671875 0.9388379557291667
0 0.748354958984375 0.9401259947916666 0.77286520703125 0.9414317161458333 0.840007359375 0.42915720572916666 0.80674786328125 0.42511625000000003 0.748354958984375 0.9401259947916666
0 0.89574876171875 0.3913902109375 0.853073525390625 0.3855848567708333 0.7759746796875 0.943110125 0.798533787109375 0.9473374244791667 0.811764482421875 0.9465294973958334 0.89574876171875 0.3913902109375
0 0.8478696015625 0.9554866223958333 0.955911095703125 0.40595109635416665 0.9461296484375 0.40521390625 0.915126455078125 0.39721281770833333 0.814723365234375 0.9503711536458334 0.83314080078125 0.9549180911458334 0.8478696015625 0.9554866223958333