0 0 0.39459191666666665 0.09661678125 0.95510253125 0.1580642109375 0.9387971041666666 0.065512376953125 0.3582342369791667 0.002473302734375 0.37499075 0 0.3762000598958333 0 0.39459191666666665
0 0.164499630859375 0.9269894557291667 0.16961295703125 0.9277589140625001 0.20241082421875 0.9195730234375 0.219123068359375 0.914836625 0.13469864453125 0.33307969010416666 0.128908525390625 0.32806479947916667 0.07797596875 0.34249953125000004 0.07435921484375 0.3457431692708333 0.164499630859375 0.9269894557291667
0 0.260455595703125 0.8975760729166667 0.168342505859375 0.3302005885416667 0.15464434765625 0.33297345572916665 0.14660843359375 0.3396881484375 0.238799224609375 0.9026043671875 0.25220916015625 0.9032411145833333 0.260455595703125 0.8975760729166667
0 0.262605009765625 0.9058413958333333 0.332010650390625 0.8872805390625 0.24095011328125 0.295201921875 0.168120203125 0.31806117447916665 0.262605009765625 0.9058413958333333
0 0.338884818359375 0.8886602708333333 0.41062775 0.8638904557291666 0.323427291015625 0.27515509895833334 0.245453228515625 0.291707078125 0.338884818359375 0.8886602708333333
0 0.41240726953125 0.8489650859375 0.44185265234375 0.8406200078125 0.364127333984375 0.311320703125 0.332211416015625 0.31925664322916664 0.41240726953125 0.8489650859375
0 0.444240115234375 0.8399433802083333 0.47510794140625 0.8300858567708334 0.395960181640625 0.3022989973958333 0.367937240234375 0.3091316328125 0.444240115234375 0.8399433802083333
0 0.479306421875 0.8355518333333333 0.5076175859375 0.8253095807291667 0.4242398515625 0.27098877083333334 0.396489013671875 0.27885359895833334 0.479306421875 0.8355518333333333
0 0.523264462890625 0.8086727057291667 0.44381566015625 0.24769184375 0.439447982421875 0.24116450781249998 0.425861017578125 0.24390586458333333 0.509735501953125 0.8125069296874999 0.5174054921875 0.8136611197916667 0.523264462890625 0.8086727057291667
0 0.53462533203125 0.812108796875 0.594311919921875 0.7951930963541667 0.513083599609375 0.24913760677083333 0.4522103125 0.2630616953125 0.53462533203125 0.812108796875
0 0.597326005859375 0.7932295677083333 0.61227741015625 0.7878828958333334 0.53619390625 0.26366484114583333 0.520579392578125 0.26919944270833335 0.597326005859375 0.7932295677083333
0 0.622316181640625 0.8038961015625 0.6579589375 0.7926853229166667 0.575445875 0.22813565885416667 0.539772353515625 0.23824584895833334 0.622316181640625 0.8038961015625
0 0.664156306640625 0.7898196223958333 0.700933279296875 0.7805060182291667 0.609859921875 0.15182378385416667 0.5748242734375 0.1606438828125 0.664156306640625 0.7898196223958333
0 0.653630087890625 0.1394189375 0.61718245703125 0.149748515625 0.702186525390625 0.7779322161458334 0.7386251015625 0.7664958932291667 0.741639185546875 0.7645323645833333 0.653630087890625 0.1394189375
0 0.694449158203125 0.17111356770833333 0.675976072265625 0.17523969010416665 0.66358214453125 0.17986154947916666 0.7432996796875 0.7540779713541667 0.746194740234375 0.7565854166666667 0.755625568359375 0.7583498802083333 0.7699503515625 0.7542901119791666 0.787458416015625 0.7493281744791668 0.79809231640625 0.7429865026041668 0.72616298046875 0.16656283333333333 0.713887263671875 0.1678232578125 0.694449158203125 0.17111356770833333
0 0.809114787109375 0.7442998802083333 0.863230626953125 0.7289629765625 0.7912511171875 0.1470069765625 0.73363177734375 0.16000886979166667 0.809114787109375 0.7442998802083333
0 0.865279693359375 0.7261636302083333 0.89870418359375 0.7166908385416666 0.828924259765625 0.1485324921875 0.794109916015625 0.15839918229166666 0.865279693359375 0.7261636302083333
0 0.90217569140625 0.7123790520833334 0.93497355859375 0.7041931588541667 0.86348296875 0.14095687239583335 0.830726771484375 0.14802164583333333 0.90217569140625 0.7123790520833334
0 0.875050390625 0.11438304166666667 0.946115056640625 0.7010355625 0.962708275390625 0.700770140625 0.97799807421875 0.6975461875 0.98925859765625 0.6899176171875 0.9233072578125 0.1040345546875 0.915806470703125 0.10394172395833333 0.901481689453125 0.10800149218749999 0.8869877109375 0.11099990104166667 0.875050390625 0.11438304166666667