0 0.060818259765625 0.7681823229166667 0.08528034765625 0.768287625 0.121393837890625 0.2974091770833333 0.097800134765625 0.2962971197916667 0.060818259765625 0.7681823229166667
0 0.085223580078125 0.7693700520833334 0.11044051953125 0.7706334505208333 0.144817236328125 0.30176851302083335 0.124640310546875 0.2977118645833333 0.085223580078125 0.7693700520833334
0 0.113743759765625 0.7698537135416667 0.168122193359375 0.7749237291666667 0.206142759765625 0.2987844921875 0.153631814453125 0.2906254375 0.113743759765625 0.7698537135416667
0 0.172122912109375 0.7763844557291667 0.22806781640625 0.7826882395833333 0.264522517578125 0.30531529166666665 0.211969296875 0.29824001562499997 0.172122912109375 0.7763844557291667
0 0.231371056640625 0.7819085 0.285749490234375 0.786978515625 0.3211648984375 0.3138595416666667 0.27025001171875 0.3069370182291667 0.231371056640625 0.7819085
0 0.28980758203125 0.787356875 0.334446595703125 0.7915188255208333 0.369878869140625 0.3336294947916667 0.3271512265625 0.32638259375 0.28980758203125 0.787356875
0 0.344486724609375 0.8022443958333333 0.38686118359375 0.8029320546875001 0.4211811328125 0.3351495416666667 0.3825820390625 0.32719985156250003 0.344486724609375 0.8022443958333333
0 0.3874856328125 0.7910253645833333 0.4085877109375 0.7929928333333334 0.437560771484375 0.36495740625 0.421413216796875 0.36453959635416666 0.3874856328125 0.7910253645833333
0 0.411777416015625 0.7943779479166667 0.435371119140625 0.7954900052083334 0.463475791015625 0.3684613333333333 0.443332349609375 0.3665832421875 0.411777416015625 0.7943779479166667
0 0.45109257421875 0.8067452786458333 0.462625537109375 0.8045574062499999 0.493211134765625 0.3146723359375 0.490021427734375 0.3132872213541667 0.47952715625 0.3112210625 0.472376048828125 0.31055432552083334 0.437351830078125 0.8043764296874999 0.45109257421875 0.8067452786458333
0 0.466853931640625 0.8016884869791667 0.494448958984375 0.804261328125 0.5182516015625 0.3659543619791667 0.493364263671875 0.36145853385416665 0.466853931640625 0.8016884869791667
0 0.558872421875 0.35342588802083336 0.541885203125 0.3507543515625 0.526631802734375 0.34933219010416666 0.50112907421875 0.8168490624999999 0.50577171484375 0.8216327994791667 0.5154543671875 0.8236232890625 0.537254529296875 0.8278312812499999 0.5519771953125 0.8270285234375 0.55794236328125 0.8221460937499999 0.58316420703125 0.3567784713541667 0.579106115234375 0.35640011197916666 0.558872421875 0.35342588802083336
0 0.55943519921875 0.8092326510416666 0.5763656484375 0.8129866119791668 0.587898611328125 0.8107987395833334 0.616327025390625 0.3620458671875 0.615685712890625 0.3587229166666666 0.605191439453125 0.35665675520833334 0.591337158203125 0.35645276302083334 0.58578110546875 0.3570224583333333 0.55943519921875 0.8092326510416666
0 0.589578615234375 0.8098676562499999 0.624364671875 0.8152863984375 0.655154306640625 0.3526133307291666 0.6220688515625 0.3495285833333333 0.589578615234375 0.8098676562499999
0 0.6265555859375 0.8046134791666667 0.643656341796875 0.8051201614583333 0.669643734375 0.4029116197916667 0.65366748828125 0.40033434375 0.6265555859375 0.8046134791666667
0 0.644467958984375 0.8051958333333333 0.668816513671875 0.8074659895833333 0.697238759765625 0.4054844635416666 0.673906212890625 0.4033090364583333 0.644467958984375 0.8051958333333333
0 0.670382982421875 0.8086997604166667 0.69867608984375 0.8135131276041667 0.727268642578125 0.40828432291666666 0.698107146484375 0.4044777083333333 0.670382982421875 0.8086997604166667
0 0.6995444765625 0.8125063723958333 0.7288195078125 0.8141481328125 0.75724175390625 0.41216660677083333 0.73073359375 0.40860738020833337 0.6995444765625 0.8125063723958333
0 0.731140826171875 0.8165399999999999 0.75061966796875 0.8183561250000001 0.778287064453125 0.41521650000000004 0.76071415234375 0.412490359375 0.731140826171875 0.8165399999999999
0 0.75311129296875 0.8175007135416666 0.772533365234375 0.820399265625 0.801710462890625 0.41957583854166663 0.780952876953125 0.4154650494791667 0.75311129296875 0.8175007135416666
0 0.778685705078125 0.8274991979166666 0.798976166015625 0.8293909947916666 0.828022861328125 0.41550278125 0.811330814453125 0.41177104427083333 0.778685705078125 0.8274991979166666
0 0.798788994140625 0.8174086328125 0.815021361328125 0.8189220703125 0.84019713671875 0.4166378567708333 0.828834478515625 0.41557845312499997 0.798788994140625 0.8174086328125
0 0.81583298046875 0.8189977421875 0.83455697265625 0.8196557682291666 0.859562443359375 0.42061883333333333 0.8424616875 0.4201121510416667 0.81583298046875 0.8189977421875
0 0.88283240234375 0.44345508854166665 0.861283330078125 0.4392705052083334 0.83693505859375 0.8209652109375 0.85809390625 0.8218502526041668 0.8596435078125 0.8078543802083332 0.88283240234375 0.44345508854166665
0 0.861397146484375 0.8210705130208332 0.88331084375 0.8231136510416667 0.90799257421875 0.4458009166666667 0.887204791015625 0.44277503125 0.861397146484375 0.8210705130208332
0 0.931319302734375 0.46755474479166664 0.90940560546875 0.46551160416666665 0.885047615234375 0.8211001432291667 0.890558642578125 0.824877125 0.906904544921875 0.8242257109375001 0.931319302734375 0.46755474479166664
0 0.911660720703125 0.8268445937500001 0.935140884765625 0.8301215052083334 0.957347859375 0.4688938177083333 0.935647203125 0.4679582604166667 0.911660720703125 0.8268445937500001