0 0.147002076171875 0.3398386067708334 0.13249979296875 0.3371210572916667 0.11825267578125 0.3322598567708333 0.108522171875 0.7906443567708333 0.117737322265625 0.7967540937500001 0.128790357421875 0.801016765625 0.141102111328125 0.8011323697916667 0.154219548828125 0.801398953125 0.166757822265625 0.7993655390625 0.180148314453125 0.3449540729166667 0.16242330078125 0.3416326223958333 0.147002076171875 0.3398386067708334
0 0.197021107421875 0.8006535781249999 0.203000662109375 0.798486875 0.209798767578125 0.8041436875 0.23453553515625 0.803300390625 0.252986640625 0.3476457578125 0.188691138671875 0.33450183333333333 0.1791828359375 0.7984066354166667 0.197021107421875 0.8006535781249999
0 0.268634384765625 0.3472907552083333 0.25649850390625 0.34611236979166665 0.2397222734375 0.8086552552083334 0.302326115234375 0.8149077812500001 0.3289473046875 0.35968839062499997 0.268634384765625 0.3472907552083333
0 0.4006530390625 0.3731251666666667 0.331332291015625 0.36123104166666664 0.3031446640625 0.8227312994791666 0.35838410546875 0.8286995625000001 0.362752294921875 0.8262309088541667 0.4006530390625 0.3731251666666667
0 0.399121263671875 0.8319502786458334 0.418684158203125 0.8334246588541667 0.426275080078125 0.83155990625 0.4684436171875 0.3847325625 0.4103212265625 0.37493686718749997 0.403282328125 0.37252213281249996 0.3688579765625 0.8306622395833334 0.399121263671875 0.8319502786458334
0 0.42723262109375 0.853654 0.459912953125 0.8553949609374999 0.504699326171875 0.39152644010416665 0.470170552734375 0.38505616927083336 0.42723262109375 0.853654
0 0.460945154296875 0.8533969166666666 0.492366767578125 0.8592849453125 0.54164745703125 0.3995457994791667 0.507127875 0.39307725 0.460945154296875 0.8533969166666666
0 0.494317912109375 0.8563633645833333 0.53194559765625 0.8579356666666667 0.5851543046875 0.40769845052083337 0.544756927734375 0.40122420833333333 0.494317912109375 0.8563633645833333
0 0.537938021484375 0.8634415078125 0.576144869140625 0.8673138046875 0.630259654296875 0.4084805130208333 0.58667062890625 0.4025039270833333 0.537938021484375 0.8634415078125
0 0.677192560546875 0.4698703515625 0.659467546875 0.46654890104166663 0.64001791015625 0.4640000078125 0.626010740234375 0.45808803645833335 0.5810922265625 0.8671451458333334 0.58869601171875 0.8729529348958334 0.60250587109375 0.874445 0.622068765625 0.8759193828125 0.63415400390625 0.8781840078125001 0.6404733359375 0.8727937734375 0.6947914453125 0.4665937682291667 0.68961757421875 0.46891144791666667 0.677192560546875 0.4698703515625
0 0.719880859375 0.470199484375 0.70698994140625 0.46778388541666666 0.6982406953125 0.4650486484375 0.644728267578125 0.8713996328125 0.65566804296875 0.8767368098958334 0.671315787109375 0.8763818072916667 0.689846482421875 0.8798542343750001 0.6960525546875 0.8755385078125001 0.755897181640625 0.4714698385416667 0.74588921484375 0.47288166666666664 0.731386931640625 0.4701641171875 0.719880859375 0.470199484375
0 0.702863525390625 0.8888678671875 0.731288927734375 0.8920029713541666 0.806024541015625 0.4479911015625 0.775486654296875 0.44336440625 0.702863525390625 0.8888678671875
0 0.733013552734375 0.8912304140625 0.76213137890625 0.8955910052083333 0.84147456640625 0.4546340052083333 0.81233071484375 0.4524600026041667 0.733013552734375 0.8912304140625
0 0.86178135546875 0.48802403906249997 0.853724529296875 0.4865142890625 0.846473388671875 0.4851555130208333 0.83965665234375 0.48168667447916663 0.76637344140625 0.8865243177083334 0.767871546875 0.8879007786458333 0.779037841796875 0.8910889375000001 0.787434443359375 0.8893751588541666 0.797908314453125 0.8913378333333334 0.80619165625 0.8906985677083333 0.87443288671875 0.48491611458333334 0.870064697265625 0.4873847682291667 0.86178135546875 0.48802403906249997