0 0.364264365234375 0 0.356212572265625 0.06032688020833333 0.6983716640625 0.12274205989583332 0.708661310546875 0.04796614322916667 0.686865939453125 0.04178914583333334 0.42580805078125 0 0.364264365234375 0
0 0.686077669921875 0.194964484375 0.696839255859375 0.12176413802083334 0.35547415234375 0.06495887239583333 0.34792655078125 0.12938747135416667 0.686077669921875 0.194964484375
0 0.670234771484375 0.27156593229166665 0.680627134765625 0.20068165885416667 0.349240080078125 0.138232 0.34236497265625 0.20155495572916668 0.670234771484375 0.27156593229166665
0 0.658105244140625 0.341957875 0.668443158203125 0.27710979947916664 0.343690017578125 0.21290925520833334 0.336196884765625 0.27130174479166663 0.658105244140625 0.341957875
0 0.334959064453125 0.2733715703125 0.323253201171875 0.33541132291666664 0.645738376953125 0.41532620833333334 0.656498232421875 0.3463437838541667 0.334959064453125 0.2733715703125
0 0.674832900390625 0.4762030390625 0.68190237109375 0.42616273958333334 0.319485376953125 0.34765702083333333 0.314891515625 0.39355765885416666 0.674832900390625 0.4762030390625
0 0.66578721875 0.5329451614583333 0.672487478515625 0.4852208619791667 0.31212243359375 0.4109276744791666 0.310688107421875 0.4540927604166667 0.66578721875 0.5329451614583333
0 0.61992502734375 0.5586775703125 0.624225390625 0.5260074453125 0.315530390625 0.45788565885416666 0.313651146484375 0.49245238802083335 0.61992502734375 0.5586775703125
0 0.31104543359375 0.49171390625 0.306006595703125 0.529016171875 0.61383816796875 0.5966430989583333 0.617503884765625 0.5567811171875 0.31104543359375 0.49171390625
0 0.646219009765625 0.6556934010416667 0.653418642578125 0.6105312604166667 0.297950333984375 0.5339947786458333 0.293964705078125 0.5703852552083334 0.646219009765625 0.6556934010416667
0 0.637097642578125 0.701521015625 0.64342866796875 0.6561128697916666 0.297069828125 0.573685828125 0.291347037109375 0.6095839765625001 0.637097642578125 0.701521015625
0 0.2893708671875 0.6162857369791667 0.28662301171875 0.650606296875 0.60091305859375 0.7340843098958333 0.60427608984375 0.6910088255208334 0.2893708671875 0.6162857369791667
0 0.5983023671875 0.7740382734375001 0.601419361328125 0.73740178125 0.286069189453125 0.6540803307291666 0.283562505859375 0.6894042578125 0.5983023671875 0.7740382734375001
0 0.2808458125 0.6925405703125 0.278098015625 0.7268611432291667 0.5898290234375 0.816138046875 0.596195953125 0.775862015625 0.2808458125 0.6925405703125
0 0.27722940625 0.7266149713541666 0.273428400390625 0.7618473359375 0.583273556640625 0.8569221484375 0.5886815625 0.817303953125 0.27722940625 0.7266149713541666
0 0.27169123828125 0.7613550104166666 0.269312640625 0.7933596640624999 0.61414818359375 0.9015694947916667 0.61975405859375 0.8672610416666666 0.27169123828125 0.7613550104166666
0 0.2706806015625 0.7961679088541667 0.271255654296875 0.8096444140625 0.51056100390625 0.88593790625 0.511408298828125 0.8692335130208333 0.2706806015625 0.7961679088541667
0 0.602249697265625 0.9542845937500001 0.607603263671875 0.9207025182291666 0.266174359375 0.8130456015625 0.26377092578125 0.8448670416666667 0.602249697265625 0.9542845937500001
0 0.2629271484375 0.8448040833333333 0.2565748671875 0.8732616822916667 0.596663724609375 0.9924586770833334 0.601695900390625 0.9577584713541666 0.2629271484375 0.8448040833333333
0 0.59714928515625 1 0.257942802734375 0.8760700833333334 0.25048287890625 0.9114757526041667 0.497777853515625 1 0.59714928515625 1
0 0.5047614453125 1 0.250852076171875 0.9091598333333333 0.2462369296875 0.9381099140625001 0.25787605078125 0.9425502526041667 0.460585908203125 1 0.5047614453125 1