0 0.622888865234375 1 0.758951822265625 0.9819446927083333 0.761393228515625 0.9689270859375 0.763834634765625 0.9439766770833334 0.763020833984375 0.9244502708333333 0.759765625 0.9136022682291666 0.3837890625 0.9591638828125001 0.382975259765625 0.9689270859375 0.382975259765625 0.980859890625 0.383470384765625 1 0.622888865234375 1
0 0.763020833984375 0.8908214583333334 0.7646484375 0.8604470468750001 0.76220703125 0.8430902395833333 0.380533853515625 0.8919062578125 0.38134765625 0.9298742734375001 0.382975259765625 0.953603109375 0.759765625 0.9038390625 0.763020833984375 0.8908214583333334
0 0.76220703125 0.822451859375 0.760579427734375 0.7855686458333334 0.40087890625 0.8354694635416666 0.402506509765625 0.8765631796875 0.76220703125 0.822451859375
0 0.761393228515625 0.7584486380208334 0.759765625 0.7085478177083333 0.400065103515625 0.7725510416666667 0.404947916015625 0.8309902604166667 0.761393228515625 0.7584486380208334
0 0.763020833984375 0.7009542161458334 0.76220703125 0.6206789869791667 0.387044271484375 0.6835974088541666 0.3935546875 0.7713114427083334 0.763020833984375 0.7009542161458334
0 0.768717447265625 0.61091578125 0.766276041015625 0.5263013515625 0.384602865234375 0.5924741770833334 0.3935546875 0.680165609375 0.768717447265625 0.61091578125
0 0.76953125 0.5165381484375 0.76953125 0.45470452604166667 0.38623046875 0.5154533489583334 0.392740884765625 0.5857645677083333 0.76953125 0.5165381484375
0 0.7744140625 0.447110921875 0.776041666015625 0.38310770052083337 0.3837890625 0.4416869192708333 0.391927083984375 0.5108947760416667 0.7744140625 0.447110921875
0 0.780110677734375 0.37768369791666667 0.780924478515625 0.3104260729166667 0.3837890625 0.37117489583333335 0.388671875 0.4362629192708333 0.780110677734375 0.37768369791666667
0 0.390299478515625 0.3288676796875 0.394368490234375 0.3622402604166666 0.782552083984375 0.30283246875 0.780110677734375 0.2767972604166667 0.778483072265625 0.2713732578125 0.390299478515625 0.3288676796875
0 0.390299478515625 0.26486445572916667 0.39599609375 0.3231777604166667 0.784993490234375 0.2713732578125 0.787434896484375 0.22472684114583333 0.783365884765625 0.21713323958333333 0.390299478515625 0.26486445572916667
0 0.789876302734375 0.1780804244791667 0.787434896484375 0.1650628203125 0.335774740234375 0.21930283854166666 0.341471353515625 0.26783921875 0.785807291015625 0.21496363802083332 0.7890625 0.2041156328125 0.789876302734375 0.1780804244791667
0 0.792317708984375 0.1607236171875 0.792317708984375 0.10105959635416667 0.326822916015625 0.1411972109375 0.334147134765625 0.211415609375 0.792317708984375 0.1607236171875
0 0.330891927734375 0.07719398697916667 0.334147134765625 0.13251880729166668 0.797200521484375 0.0978051953125 0.798828125 0.05658277864583333 0.795572916015625 0.042480374999999994 0.330891927734375 0.07719398697916667
0 0.58888690234375 0 0.330078125 0.014275565104166667 0.334147134765625 0.06710137239583333 0.799641927734375 0.037056372395833335 0.801495205078125 0 0.58888690234375 0