0 0.671379974609375 1 0.675994826171875 0.9580161302083333 0.25244709765625 0.8604834296875 0.243374224609375 0.8613935182291667 0.2376294609375 0.9031287083333334 0.237046560546875 0.9105232864583334 0.624122724609375 1 0.671379974609375 1
0 0.67926761328125 0.9061175390625 0.25043859765625 0.8132986015625 0.246482611328125 0.8531029192708334 0.246880177734375 0.8584400885416666 0.675270525390625 0.9568238541666667 0.67816203515625 0.9201426875 0.67926761328125 0.9061175390625
0 0.68492733203125 0.8654612031250001 0.684159087890625 0.8544457864583334 0.257588015625 0.7641248281249999 0.254095505859375 0.7669077187500001 0.248861009765625 0.802169765625 0.250708123046875 0.8098794479166668 0.680971345703125 0.9052655234375 0.68492733203125 0.8654612031250001
0 0.689818806640625 0.8137894531250001 0.690584205078125 0.8040797369791667 0.25979632421875 0.7153493880208334 0.258007548828125 0.7172802630208334 0.2551160390625 0.7539614270833334 0.254706201171875 0.7591605572916666 0.685308609375 0.8502437734375 0.689818806640625 0.8137894531250001
0 0.69190381640625 0.7977200078125 0.695985947265625 0.7459348359375001 0.262643890625 0.6688450859375 0.257724802734375 0.7104864973958334 0.69190381640625 0.7977200078125
0 0.265684537109375 0.6614138385416667 0.69398313671875 0.7402002864583334 0.698792412109375 0.7103325312500001 0.699554966796875 0.679897671875 0.700320365234375 0.670187953125 0.275540916015625 0.5986612604166667 0.271963361328125 0.6025230078125 0.2696643203125 0.6109270286458334 0.267283076171875 0.641135046875 0.265684537109375 0.6614138385416667
0 0.701725021484375 0.6627493697916667 0.70682768359375 0.5980179036458334 0.277406203125 0.5334761145833333 0.271919416015625 0.5926998671875 0.701725021484375 0.6627493697916667
0 0.71572193359375 0.5370901171875 0.71452846875 0.531468984375 0.282253732421875 0.4719812213541667 0.274629458984375 0.4752758671875 0.270031373046875 0.49208390885416664 0.267500001953125 0.5241964192708334 0.71015010546875 0.5973927291666666 0.71572193359375 0.5370901171875
0 0.7153378125 0.53158240625 0.720100298828125 0.47116637499999997 0.281095677734375 0.4140078151041667 0.276140259765625 0.46649075520833333 0.7153378125 0.53158240625
0 0.7204404765625 0.4668509427083333 0.7244375625 0.41614463020833337 0.287520794921875 0.36364176302083334 0.28307676171875 0.40963737499999997 0.7204404765625 0.4668509427083333
0 0.724607650390625 0.41398691406250004 0.7284346484375 0.3654383151041667 0.292242181640625 0.3141277291666667 0.287969248046875 0.35795277864583336 0.724607650390625 0.41398691406250004
0 0.728944916015625 0.35896516666666667 0.736217630859375 0.27708539843749996 0.30535039453125 0.2308841901041667 0.299761814453125 0.3017799244791667 0.728944916015625 0.35896516666666667
0 0.73745865234375 0.2717226536458333 0.7448164140625 0.18876402864583333 0.313353869140625 0.15011482291666667 0.305886529296875 0.22408290104166664 0.73745865234375 0.2717226536458333
0 0.746731333984375 0.174852296875 0.750259255859375 0.11971713020833334 0.345719091796875 0.09247623177083332 0.3394640625 0.1406845703125 0.746731333984375 0.174852296875
0 0.7542180859375 0.100637953125 0.757490873046875 0.048739361979166666 0.346945125 0.025019947916666663 0.34216108203125 0.07532884895833333 0.7542180859375 0.100637953125
0 0.335614630859375 0 0.335465111328125 0.0045635182291666665 0.749818185546875 0.032255125 0.519652921875 0 0.335614630859375 0