0 0.357982201171875 0 0.830056021484375 0.10045136718749999 0.83305865625 0.08322144010416667 0.539414087890625 0 0.357982201171875 0
0 0.271719123046875 0 0.25570216015625 0.05870651302083333 0.253931818359375 0.08120084895833334 0.252107052734375 0.10973139322916665 0.254570740234375 0.14552894791666668 0.7683270859375 0.28265972916666665 0.78719940234375 0.1984445859375 0.802504615234375 0.10832555208333333 0.297998185546875 0 0.271719123046875 0
0 0.7502144609375 0.37919342968749997 0.75403673828125 0.3609115390625 0.761496666015625 0.3255058697916667 0.7661118125 0.29655578906249996 0.766036103515625 0.2856414375 0.259488720703125 0.16023627864583334 0.24587298046875 0.18300451822916666 0.24199625390625 0.20732260416666667 0.238434328125 0.23536082031250002 0.235925564453125 0.26248715364583336 0.236207169921875 0.2891940234375 0.240126412109375 0.29877703385416665 0.734979810546875 0.4462847213541667 0.741462265625 0.4227052005208333 0.7467069453125 0.4011955208333333 0.7502144609375 0.37919342968749997
0 0.658314791015625 0.488704203125 0.668359203125 0.43708647916666665 0.240332251953125 0.3145695390625 0.2347991640625 0.3627587265625 0.658314791015625 0.488704203125
0 0.224837322265625 0.3719045234375 0.216203390625 0.4602315911458333 0.687680759765625 0.6120072057291667 0.706559021484375 0.5097713229166666 0.224837322265625 0.3719045234375
0 0.21930848828125 0.46353232031249997 0.207200232421875 0.5508747369791667 0.667589302734375 0.7103834166666667 0.68538976171875 0.6149889088541667 0.21930848828125 0.46353232031249997
0 0.597224751953125 0.7352407369791667 0.603685962890625 0.6947105911458333 0.205962458984375 0.5529446536458333 0.2001626328125 0.5925535078125 0.597224751953125 0.7352407369791667
0 0.201423033203125 0.5928090104166667 0.194647033203125 0.6296189505208333 0.589376697265625 0.7813993645833334 0.595617751953125 0.7396265651041666 0.201423033203125 0.5928090104166667
0 0.567224185546875 0.7981472369791667 0.570547091796875 0.7773031848958333 0.19235605078125 0.6326006588541667 0.18847934765625 0.6569185885416667 0.567224185546875 0.7981472369791667
0 0.186557564453125 0.6575843802083333 0.183419283203125 0.6772703151041667 0.5626090390625 0.8270973177083333 0.566670365234375 0.8016212734375 0.186557564453125 0.6575843802083333
0 0.174222169921875 0.7121838125000001 0.16918333203125 0.749486078125 0.17044244921875 0.7643667291666666 0.171755919921875 0.7732112395833334 0.634611298828125 0.9733767135416667 0.652979912109375 0.86465253125 0.185970560546875 0.684045078125 0.174222169921875 0.7121838125000001
0 0.630870712890625 1 0.63344921484375 0.9863608984375 0.632819658203125 0.9789206536458334 0.17225533203125 0.7757733307291667 0.166066337890625 0.7861225729166667 0.162059421875 0.8055624921875001 0.156445556640625 0.8293880963541667 0.153676474609375 0.8467581119791667 0.158540021484375 0.8675017239583332 0.42313607421875 0.9893863880208333 0.460585912109375 1 0.630870712890625 1