0 0.1087318125 0.8244479453125 0.149565908203125 0.8227801432291666 0.12852440625 0.2195900234375 0.09232859765625 0.22018082812499998 0.1087318125 0.8244479453125
0 0.1506849921875 0.8286300130208333 0.17196548828125 0.8271429947916666 0.153763572265625 0.2406614661458333 0.132907673828125 0.2406246875 0.1506849921875 0.8286300130208333
0 0.173788244140625 0.2401392838541667 0.155214248046875 0.24262278385416666 0.1763988828125 0.8268332005208333 0.19339269140625 0.82593778125 0.173788244140625 0.2401392838541667
0 0.201086755859375 0.8215512291666666 0.22675417578125 0.8185721015624999 0.204825958984375 0.21544390104166666 0.178301650390625 0.21808489583333335 0.201086755859375 0.8215512291666666
0 0.227733837890625 0.8208748567708333 0.251627943359375 0.8180195625 0.230039640625 0.21577346875 0.2039393046875 0.215505859375 0.227733837890625 0.8208748567708333
0 0.27095208984375 0.22386490104166668 0.234597861328125 0.22640522656249998 0.255267630859375 0.8201364401041666 0.292763337890625 0.8163863151041667 0.27095208984375 0.22386490104166668
0 0.295168541015625 0.8173482838541667 0.3280224453125 0.8162381953125001 0.30749122265625 0.22079234375 0.2709056171875 0.22268254427083334 0.295168541015625 0.8173482838541667
0 0.343167669921875 0.09314415625 0.3032202890625 0.09474995572916667 0.328254814453125 0.8221500234375 0.371702521484375 0.8191140260416666 0.343167669921875 0.09314415625
0 0.395963962890625 0.2827091536458333 0.357836421875 0.28537339322916666 0.377630501953125 0.8115860859375 0.417489810546875 0.8050630572916666 0.395963962890625 0.2827091536458333
0 0.41739205078125 0.805250890625 0.456359830078125 0.8013422916666667 0.43615726171875 0.2848182734375 0.3970365703125 0.287376625 0.41739205078125 0.805250890625
0 0.4680792265625 0.19467731510416666 0.43349842578125 0.19709371875 0.45831909375 0.8059478072916666 0.4955077421875 0.7996113958333333 0.4680792265625 0.19467731510416666
0 0.50885153125 0.19368317708333335 0.4743325234375 0.19542597656250002 0.49635374609375 0.8009188463541667 0.5159538203125 0.8019204635416667 0.532754390625 0.7995609244791666 0.50885153125 0.19368317708333335
0 0.5359750703125 0.22550122656250002 0.512080904296875 0.228356484375 0.534899490234375 0.8088958723958334 0.558330962890625 0.8056524557291667 0.5359750703125 0.22550122656250002
0 0.558421865234375 0.7965817109375001 0.579795251953125 0.7974594114583334 0.5568800625 0.23708214322916665 0.5373729375 0.23844524479166665 0.558421865234375 0.7965817109375001
0 0.582455333984375 0.7972735338541667 0.60732910546875 0.7967210729166667 0.581891123046875 0.1859716484375 0.55931508984375 0.1859308125 0.582455333984375 0.7972735338541667
0 0.6064954921875 0.18737642447916666 0.583441625 0.188987359375 0.609102416015625 0.7965971588541666 0.633883236328125 0.7936799036458333 0.6064954921875 0.18737642447916666
0 0.63365087109375 0.7877681536458333 0.6752322578125 0.78249128125 0.6543643671875 0.18873065364583333 0.609387826171875 0.19310236197916666 0.63365087109375 0.7877681536458333
0 0.718214427734375 0.20209639583333336 0.695067615234375 0.20134261458333333 0.67644714453125 0.2026437578125 0.65451230078125 0.210104546875 0.676959095703125 0.7811850494791667 0.712612505859375 0.7834361145833334 0.739213111328125 0.78157734375 0.759467470703125 0.7766051744791667 0.738701158203125 0.20303607291666667 0.718214427734375 0.20209639583333336
0 0.7520051171875 0.17957985416666666 0.762266978515625 0.7799664062499999 0.7828467734375 0.7832707734375001 0.804220158203125 0.7841484739583334 0.8237737578125 0.7839677734375 0.83586097265625 0.7758285182291668 0.834513611328125 0.17500001041666668 0.7520051171875 0.17957985416666666