0 0.17910123046875 1 0.03372477734375 0.5421753671875 0.00698411328125 0.5538791875 0.15141716015625 1 0.17910123046875 1
0 0.206010724609375 1 0.060288267578125 0.5301131692708333 0.03392874609375 0.543123796875 0.179966177734375 1 0.206010724609375 1
0 0.23495946875 1 0.235300982421875 0.9998694296875 0.243731494140625 0.9925405703125 0.250535474609375 0.9848071302083333 0.10341153125 0.494436421875 0.07963737890625 0.50511984375 0.068461220703125 0.510419203125 0.056369861328125 0.5150420572916666 0.20635982421875 1 0.23495946875 1
0 0.253579193359375 0.9774849635416666 0.2762348046875 0.9647174583333333 0.1513998984375 0.5404305989583333 0.1285575234375 0.5500540729166666 0.253579193359375 0.9774849635416666
0 0.2789804453125 0.9667469296875 0.2980798046875 0.9553390781250001 0.1756504765625 0.5311589453125 0.1522329765625 0.5420287161458334 0.2789804453125 0.9667469296875
0 0.303262541015625 0.9543840208333334 0.337094302734375 0.9363171276041666 0.20320264453125 0.4712208671875 0.167540435546875 0.4879347708333333 0.303262541015625 0.9543840208333334
0 0.339636029296875 0.9373981796874999 0.37296048828125 0.9205516848958334 0.2449628359375 0.4542284010416667 0.208892732421875 0.46904539322916666 0.339636029296875 0.9373981796874999
0 0.376213443359375 0.9213608151041667 0.406389587890625 0.9077708307291666 0.282006240234375 0.443086765625 0.24791250390625 0.45720634375 0.376213443359375 0.9213608151041667
0 0.406488908203125 0.9046535911458333 0.43717230859375 0.8898432213541666 0.317542345703125 0.42724275260416666 0.284997224609375 0.4399485755208334 0.406488908203125 0.9046535911458333
0 0.44194715625 0.8869912916666666 0.47161072265625 0.8674388098958333 0.364271169921875 0.4363268020833333 0.32982749609375 0.45154837760416666 0.44194715625 0.8869912916666666
0 0.475982892578125 0.8698728567708334 0.504731205078125 0.8496438567708333 0.40003798046875 0.42367859114583334 0.36640491015625 0.435511015625 0.475982892578125 0.8698728567708334
0 0.509814609375 0.8518059791666667 0.536329861328125 0.8355100078125001 0.434900798828125 0.4060781666666667 0.40277840625 0.41852520312499997 0.509814609375 0.8518059791666667
0 0.46821400390625 0.39350739583333333 0.4381372734375 0.4039800989583333 0.5408013046875 0.8348268307291667 0.5682209765625 0.821299453125 0.46821400390625 0.39350739583333333
0 0.57291248828125 0.8266555000000001 0.589574765625 0.818232234375 0.4810268984375 0.3489350078125 0.46401952734375 0.3561072734375 0.57291248828125 0.8266555000000001
0 0.591912529296875 0.8183648880208333 0.60786348046875 0.8102135833333333 0.50214837109375 0.34085969270833333 0.483427404296875 0.3497135286458333 0.591912529296875 0.8183648880208333
0 0.61274295703125 0.8114272291666667 0.646778646484375 0.7943088125000001 0.543384724609375 0.3239651171875 0.504561130859375 0.34060711718750003 0.61274295703125 0.8114272291666667
0 0.650130935546875 0.792000765625 0.684877953125 0.7746103880208333 0.584396765625 0.30602750520833333 0.54561008984375 0.32388657291666667 0.650130935546875 0.792000765625
0 0.74178907421875 0.7672214843749999 0.64345499609375 0.28134574739583335 0.595906603515625 0.30049818229166664 0.697387830078125 0.7862501093750001 0.74178907421875 0.7672214843749999
0 0.792183650390625 0.7438486197916667 0.70004696484375 0.2545770052083333 0.654223162109375 0.274149515625 0.750120171875 0.7630099010416668 0.792183650390625 0.7438486197916667
0 0.739192416015625 0.2755351484375 0.713079880859375 0.28654509375 0.79512277734375 0.7324607942708333 0.819200931640625 0.71914934375 0.739192416015625 0.2755351484375
0 0.819807521484375 0.7148117838541667 0.84337843359375 0.7027207838541667 0.768139412109375 0.262868828125 0.74061497265625 0.27499126562500004 0.819807521484375 0.7148117838541667
0 0.872942572265625 0.686285515625 0.79525081640625 0.21407234114583332 0.765764349609375 0.22426897916666666 0.8467307109375 0.7004126692708333 0.872942572265625 0.686285515625
0 0.872838025390625 0.6822198385416667 0.89904988671875 0.6680926848958334 0.8249930703125 0.20049543229166666 0.795046845703125 0.21312389583333333 0.872838025390625 0.6822198385416667
0 0.90464059375 0.6690344062500001 0.9412180078125 0.6529970442708334 0.870365123046875 0.18314846354166667 0.82756065234375 0.1996665703125 0.90464059375 0.6690344062500001
0 0.91428195703125 0.16297147395833333 0.872976515625 0.178197203125 0.946808728515625 0.6539388281249999 0.98175970703125 0.6374968515625 0.938240525390625 0.3349204088541667 0.91428195703125 0.16297147395833333