0 0 0.31472965104166667 0.091284798828125 0.7566758203125 0.1143562421875 0.7556015911458333 0.018363212890625 0.2664693932291667 0 0.26970146614583335 0 0.31472965104166667
0 0.051709958984375 0.26331155208333334 0.02248894140625 0.26704151822916666 0.117049345703125 0.7566609375 0.142472259765625 0.7518753828125 0.051709958984375 0.26331155208333334
0 0.14370121875 0.7566046588541666 0.167567080078125 0.7519393776041667 0.081732943359375 0.2609130807291667 0.05174094921875 0.2644948125 0.14370121875 0.7566046588541666
0 0.118862373046875 0.31705072395833334 0.09147805859375 0.32306461197916664 0.171302466796875 0.7588736640625 0.197262771484375 0.7545357890625 0.118862373046875 0.31705072395833334
0 0.217352376953125 0.7531753854166667 0.247367814453125 0.7458543671875 0.154469498046875 0.2857751875 0.11970583203125 0.29301982552083333 0.217352376953125 0.7531753854166667
0 0.18660055078125 0.2913873854166667 0.190088013671875 0.2888555625 0.1887609609375 0.2806844088541667 0.153675138671875 0.28936628125 0.24837910546875 0.7505460885416667 0.281118634765625 0.7454675572916667 0.18660055078125 0.2913873854166667
0 0.30517037890625 0.747901828125 0.314807416015625 0.7427143098958333 0.226857779296875 0.28021345833333333 0.203398455078125 0.2882358151041667 0.189262603515625 0.2912634375 0.283935638671875 0.7512599453125 0.30517037890625 0.747901828125
0 0.31765546875 0.7496899140625 0.35296408203125 0.7409376953125001 0.270466234375 0.270896625 0.2272023359375 0.2812039713541667 0.31765546875 0.7496899140625
0 0.355781083984375 0.7467300026041667 0.391151673828125 0.7403443072916667 0.312470275390625 0.26580423697916666 0.2705901953125 0.2756296640625 0.355781083984375 0.7467300026041667
0 0.408042552734375 0.74074259375 0.44430053515625 0.7343155755208333 0.36328875390625 0.26604383072916665 0.35054587890625 0.27546097135416664 0.330992890625 0.27518667708333333 0.316795056640625 0.2758477421875 0.408042552734375 0.74074259375
0 0.473831453125 0.7424182005208334 0.502928509765625 0.7339551979166666 0.394200587890625 0.21509521875 0.3546304296875 0.2278825703125 0.473831453125 0.7424182005208334
0 0.509604919921875 0.7514149088541666 0.540383666015625 0.7393194609374999 0.4370068359375 0.20789060677083335 0.398874630859375 0.22108368489583333 0.509604919921875 0.7514149088541666
0 0.544851548828125 0.74029609375 0.571255501953125 0.7307738229166666 0.48668441796875 0.2833386848958333 0.455905552734375 0.29543413802083335 0.544851548828125 0.74029609375
0 0.5765486171875 0.7293426302083333 0.60114691796875 0.7187196901041667 0.51598276171875 0.27587164322916663 0.48937740234375 0.2843979973958333 0.5765486171875 0.7293426302083333
0 0.60595557421875 0.7327122213541667 0.63239063671875 0.7243731640625 0.551117595703125 0.27423572916666666 0.523097291015625 0.28282796614583333 0.60595557421875 0.7327122213541667
0 0.6340413359375 0.7195574973958333 0.66053826171875 0.7135849661458334 0.582246314453125 0.2688777135416667 0.5531746484375 0.27787342708333335 0.6340413359375 0.7195574973958333
0 0.663665228515625 0.7312099401041667 0.699985130859375 0.7271494479166667 0.62423460546875 0.23044213802083333 0.580733576171875 0.2446032005208333 0.663665228515625 0.7312099401041667
0 0.703689525390625 0.7329004348958333 0.720487548828125 0.7297488958333332 0.647577267578125 0.18896609374999998 0.628267966796875 0.1938170286458333 0.703689525390625 0.7329004348958333
0 0.675968580078125 0.18330308333333334 0.65834532421875 0.18886247135416667 0.725141255859375 0.737825171875 0.74293090625 0.7330375520833333 0.675968580078125 0.18330308333333334
0 0.7789915625 0.7246554869791666 0.721100169921875 0.17646290625000002 0.684561791015625 0.18333542447916665 0.74548860546875 0.7345083723958333 0.7789915625 0.7246554869791666
0 0.78542005078125 0.732649125 0.817148107421875 0.7228788802083334 0.77069964453125 0.17059937760416666 0.735312107421875 0.1809724375 0.78542005078125 0.732649125
0 0.819934181640625 0.7274879635416666 0.85346801171875 0.7188183828125 0.817962619140625 0.16539825260416666 0.77972814453125 0.17610253125 0.819934181640625 0.7274879635416666
0 0.85444843359375 0.7223268776041666 0.88455678125 0.7185556015625 0.858680607421875 0.15307936458333335 0.8237864609375 0.1622040703125 0.85444843359375 0.7223268776041666
0 0.90070820703125 0.14796015625 0.868123572265625 0.15895498697916668 0.8890865234375 0.7218987552083332 0.9193765546875 0.7170047994791666 0.90070820703125 0.14796015625
0 0.919225982421875 0.7193107708333333 0.951078001953125 0.7142735625 0.944096009765625 0.14238586979166667 0.91141851953125 0.14983089583333334 0.919225982421875 0.7193107708333333