0 0.131797779296875 0.29416123958333334 0.121188431640625 0.29297497135416667 0.18389516796875 0.8831985130208334 0.18684093359375 0.8927133333333334 0.197448740234375 0.8928120286458333 0.131797779296875 0.29416123958333334
0 0.1623185234375 0.37724542187500004 0.160574232421875 0.37632033072916665 0.212318677734375 0.8653203593750001 0.222341939453125 0.8698244270833334 0.235214296875 0.8664488281249999 0.251276361328125 0.8616881119791667 0.204515162109375 0.37439890364583334 0.2004003046875 0.3736948385416667 0.18254469921875 0.37535961979166665 0.1623185234375 0.37724542187500004
0 0.20851648828125 0.37293811979166663 0.25395515625 0.8505611614583333 0.25992032421875 0.8554435885416667 0.27064166796875 0.8577071328125 0.285250798828125 0.8563450390625 0.294819916015625 0.8521896979166667 0.247474171875 0.3693058697916667 0.242547693359375 0.36867747395833333 0.22631532421875 0.3701909114583333 0.20851648828125 0.37293811979166663
0 0.31754523046875 0.8500708854166666 0.334532451171875 0.8473993541666666 0.286635890625 0.3384616197916666 0.251068078125 0.3428655338541667 0.24941498046875 0.3441073776041667 0.301256095703125 0.8505018984375 0.31754523046875 0.8500708854166666
0 0.354880080078125 0.8465899427083333 0.367922744140625 0.8464616223958333 0.380851869140625 0.8441684453125 0.391987455078125 0.8387793359375001 0.331972986328125 0.33205914583333335 0.297341802734375 0.3385511666666667 0.295733998046875 0.34087651041666667 0.354880080078125 0.8465899427083333
0 0.41743146484375 0.8418456380208333 0.433379994140625 0.8349200703125 0.38462121875 0.3717469296875 0.34345078515625 0.377760921875 0.341832513671875 0.3800872447916666 0.391459677734375 0.8442671380208333 0.41743146484375 0.8418456380208333
0 0.4358716171875 0.8357754791666667 0.47465899609375 0.828895953125 0.42908992578125 0.36433769791666665 0.38798733203125 0.3714330885416666 0.4358716171875 0.8357754791666667
0 0.47871708984375 0.82851759375 0.507878583984375 0.8247109817708332 0.4602321328125 0.35164466145833334 0.42963427734375 0.35667291145833335 0.47871708984375 0.82851759375
0 0.512577990234375 0.8210096718750001 0.539191095703125 0.8152652213541667 0.49345171875 0.3474596875 0.462805349609375 0.35140474479166667 0.512577990234375 0.8210096718750001
0 0.526080591796875 0.30090875 0.49381923828125 0.30500437760416665 0.542721408203125 0.8203746640624999 0.55663245703125 0.8212530963541668 0.57112805078125 0.8177261510416667 0.526080591796875 0.30090875
0 0.57263775390625 0.8154099557291666 0.60255409765625 0.8104452421875 0.560111796875 0.29664810416666665 0.527915666015625 0.30182537239583335 0.57263775390625 0.8154099557291666
0 0.5901984453125 0.294930671875 0.56125704296875 0.299804484375 0.560168564453125 0.29773053125 0.603592787109375 0.8146992760416666 0.6336794375 0.8129818463541666 0.5901984453125 0.294930671875
0 0.617452865234375 0.2858632734375 0.592690939453125 0.29252284375 0.6379646015625 0.8169331901041667 0.66404992578125 0.8166765442708334 0.623134193359375 0.2853335703125 0.617452865234375 0.2858632734375
0 0.66453906640625 0.37501699479166667 0.632187865234375 0.38020871875 0.630678166015625 0.38252491666666666 0.666087404296875 0.8088725442708333 0.698552140625 0.8058456692708332 0.66453906640625 0.37501699479166667
0 0.708252923828125 0.36876586197916666 0.6679742265625 0.3746967135416666 0.66708745703125 0.37695483072916663 0.699948306640625 0.8013646197916667 0.73241304296875 0.7983377473958333 0.708252923828125 0.36876586197916666
0 0.75030364453125 0.3463540052083333 0.716473404296875 0.35059591406249996 0.7138943515625 0.35192409375000006 0.737339521484375 0.7989661432291667 0.775428818359375 0.7943271380208333 0.75030364453125 0.3463540052083333
0 0.796338822265625 0.3377110078125 0.7593863125 0.3444194583333333 0.756796591796875 0.3457486302083333 0.780355296875 0.7949555338541666 0.817632974609375 0.790392203125 0.796338822265625 0.3377110078125
0 0.84514946484375 0.33533554687499995 0.8057168046875 0.34118751822916665 0.803927228515625 0.3424420911458333 0.823257537109375 0.7887800755208333 0.85896874609375 0.7854505130208334 0.84514946484375 0.33533554687499995