0 0.05865419921875 0.07387006770833333 0.017369806640625 0.06881211718750001 0.008483017578125 0.2724641432291667 0.0176229765625 0.74466921875 0.062224484375 0.7499589557291667 0.05865419921875 0.07387006770833333
0 0.06714198828125 0.7492160208333334 0.117473484375 0.75381959375 0.11467309375 0.07887105989583333 0.063607771484375 0.07421620833333333 0.06714198828125 0.7492160208333334
0 0.128677912109375 0.7589487604166667 0.15044465234375 0.7648159895833334 0.179694123046875 0.7668598567708332 0.18880182421875 0.7631500416666667 0.20161878125 0.14688040364583335 0.124612240234375 0.139326296875 0.12239098828125 0.7530766562500001 0.128677912109375 0.7589487604166667
0 0.21058667578125 0.14968017187500002 0.196156783203125 0.7625774244791667 0.20334137890625 0.7663391380208333 0.220275794921875 0.7707821406250001 0.2422128984375 0.7723150416666668 0.268297609375 0.7719646458333332 0.285091810546875 0.15814604427083334 0.24630547265625 0.1500029765625 0.221118427734375 0.14824298177083334 0.21058667578125 0.14968017187500002
0 0.277234947265625 0.7725891614583333 0.33479362890625 0.7798708671875 0.363175578125 0.16142919010416668 0.297629345703125 0.1535893359375 0.277234947265625 0.7725891614583333
0 0.342148587890625 0.77929825 0.4062923359375 0.7848669843749999 0.445449548828125 0.16174545833333334 0.374149677734375 0.15567667447916667 0.342148587890625 0.77929825
0 0.40949968359375 0.7861776640625 0.476850783203125 0.7930570755208333 0.524817560546875 0.1738108125 0.4520398359375 0.1643790859375 0.40949968359375 0.7861776640625
0 0.480185904296875 0.7911170078124999 0.54749441015625 0.7990800026041667 0.603500861328125 0.18256864322916666 0.53074268359375 0.17313828125 0.480185904296875 0.7911170078124999
0 0.549931865234375 0.7992503255208333 0.578241076171875 0.8044881640625 0.638313208984375 0.208905515625 0.609363802734375 0.20470949739583333 0.549931865234375 0.7992503255208333
0 0.5838858828125 0.8059691640625001 0.60826044140625 0.8076723854166666 0.672394998046875 0.2123736067708333 0.643454056640625 0.2081781848958333 0.5838858828125 0.8059691640625001
0 0.61240805078125 0.8057890911458333 0.63926265625 0.8065790520833334 0.703616677734375 0.24715204166666668 0.67472638671875 0.24187359895833335 0.61240805078125 0.8057890911458333
0 0.6481148125 0.809370734375 0.6741995234375 0.8090203385416667 0.74176089453125 0.25090400520833334 0.71288007421875 0.24562622395833333 0.6481148125 0.809370734375
0 0.677449466796875 0.8092474348958333 0.71721865234375 0.8131129479166667 0.79567980859375 0.2264211796875 0.757059841796875 0.22046285416666667 0.677449466796875 0.8092474348958333
0 0.71875844140625 0.8153936588541667 0.759425296875 0.8171487812499999 0.845968712890625 0.2321083359375 0.802527712890625 0.22472657031249998 0.71875844140625 0.8153936588541667
0 0.762083220703125 0.8140748333333333 0.784148095703125 0.8123569869791667 0.86211117578125 0.32124756250000003 0.841294955078125 0.3165333125 0.762083220703125 0.8140748333333333
0 0.78590083984375 0.8092197864583334 0.8102753984375 0.8109230078124999 0.888965779296875 0.3220375234375 0.8649480546875 0.31601300520833336 0.78590083984375 0.8092197864583334
0 0.813695705078125 0.8068157760416667 0.835547625 0.8105158385416668 0.915905568359375 0.3206603229166667 0.892707177734375 0.31469305468750003 0.813695705078125 0.8068157760416667