0 0.4430895234375 1 0.8854276953125 0.7719951692708333 0.88429262109375 0.7576012890625 0.87825069140625 0.7408709375 0.8725240078125 0.7320270052083333 0.388681623046875 0.9748122604166666 0.394004453125 0.9987566015625 0.3943255546875 1 0.4430895234375 1
0 0.863038607421875 0.7019625651041667 0.85598751171875 0.6879901380208334 0.37620697265625 0.9231740520833333 0.388896142578125 0.9689772395833334 0.869660666015625 0.7276050364583333 0.86831107421875 0.7190461848958334 0.863038607421875 0.7019625651041667
0 0.3505506875 0.8638198854166667 0.363821251953125 0.9252057942708333 0.852884470703125 0.6859728333333334 0.845467763671875 0.6572532630208333 0.836007546875 0.6306191848958334 0.3505506875 0.8638198854166667
0 0.839968662109375 0.6092963984375 0.834216796875 0.5970221041666667 0.8320725546875 0.5853861510416667 0.8262955078125 0.5696814973958334 0.334607380859375 0.7954172291666667 0.34893340234375 0.8608901588541666 0.84237778515625 0.6219580494791667 0.839968662109375 0.6092963984375
0 0.3156113984375 0.7318579895833334 0.329642955078125 0.7928578177083333 0.825210796875 0.5621483385416667 0.81885362109375 0.5375315677083333 0.8078292890625 0.5081736536458333 0.3156113984375 0.7318579895833334
0 0.303616146484375 0.675410453125 0.314704345703125 0.7216799348958333 0.807034642578125 0.5050965572916667 0.78885848828125 0.44804477604166665 0.30043755859375 0.6631020677083334 0.303616146484375 0.675410453125
0 0.287143076171875 0.6049564010416667 0.298996275390625 0.6508553177083333 0.7910913359375 0.43669390104166667 0.784204396484375 0.4100257291666667 0.7751097890625 0.3981387916666667 0.287143076171875 0.6049564010416667
0 0.7755640078125 0.38989910677083334 0.7626855 0.35336130208333333 0.278780630859375 0.5525775677083333 0.2882968359375 0.5960926875 0.7755640078125 0.38989910677083334
0 0.760563044921875 0.3484754140625 0.74204646484375 0.2801068489583333 0.30921634765625 0.46046374739583334 0.324125306640625 0.52819396875 0.760563044921875 0.3484754140625
0 0.259693587890625 0.44533867708333336 0.2675912890625 0.4759207942708333 0.733519865234375 0.24042376302083335 0.7292313828125 0.21715185677083335 0.722949751953125 0.20282616666666667 0.259693587890625 0.44533867708333336
0 0.682712818359375 0.0503502890625 0.67231898046875 0.03676521875 0.2430442421875 0.35087209375 0.259555556640625 0.39147860156250003 0.69946383203125 0.0885521328125 0.6968150078125 0.07829514583333333 0.682712818359375 0.0503502890625
0 0.59429299609375 0 0.22288800390625 0.2694886171875 0.22840016796875 0.28416757291666667 0.239399314453125 0.3100951223958333 0.679572474609375 0.008194354166666666 0.67436872265625 0 0.59429299609375 0
0 0.498067865234375 0 0.2031225546875 0.20628263802083333 0.214852404296875 0.23503967447916665 0.570806001953125 0 0.498067865234375 0
0 0.437246521484375 0 0.33079519921875 0.04887217447916667 0.1895380078125 0.14368091145833334 0.20176843359375 0.17104346614583332 0.466399443359375 0 0.437246521484375 0