0 0.69698372265625 1 0.7005340859375 0.9894333046875 0.704664599609375 0.9736011015625 0.703618646484375 0.9615936015625 0.7055453671875 0.9458861328125 0.218217841796875 0.8330824088541666 0.21744444921875 0.8434270260416666 0.2152316484375 0.8570905182291666 0.212348322265625 0.8704976536458333 0.209178916015625 0.8818608098958333 0.207636638671875 0.8957806614583333 0.205134638671875 0.9074146744791666 0.241587748046875 0.9213516901041667 0.634116353515625 1 0.69698372265625 1
0 0.705844966796875 0.9276219661458334 0.711513251953125 0.9046392916666667 0.28089860546875 0.8048127421875 0.27535680078125 0.8305814947916667 0.705844966796875 0.9276219661458334
0 0.270148474609375 0.6894631197916666 0.264480185546875 0.7124457916666667 0.259862359375 0.7406665859375 0.25448015234375 0.765693234375 0.2531648671875 0.77855759375 0.70711468359375 0.8913499947916667 0.710087359375 0.8876500286458334 0.71652002734375 0.8678615000000001 0.7226666171875 0.8460289947916667 0.72584052734375 0.8278964583333334 0.727767248046875 0.8121889895833333 0.724419140625 0.8041378098958334 0.27207069140625 0.6805250312500001 0.270148474609375 0.6894631197916666
0 0.323164845703125 0.6420216822916667 0.315132359375 0.6793718203125 0.31537761328125 0.6816056354166666 0.724231423828125 0.7982622421875 0.730387025390625 0.7628909739583333 0.323164845703125 0.6420216822916667
0 0.33085821875 0.5994999453125 0.32388303515625 0.6353079635416666 0.3234554296875 0.6372962786458333 0.729144341796875 0.7585466588541667 0.736927068359375 0.7257320885416667 0.33085821875 0.5994999453125
0 0.74383803515625 0.7070937317708333 0.746435283203125 0.6916426197916666 0.340849240234375 0.5597912630208334 0.331958349609375 0.5977586770833333 0.3315287421875 0.5997563046875 0.7377898125 0.7250946406250001 0.74383803515625 0.7070937317708333
0 0.747968548828125 0.6912615286458333 0.7554651953125 0.6564029791666667 0.350554181640625 0.5180386041666667 0.34252832421875 0.5553579270833333 0.747968548828125 0.6912615286458333
0 0.371010150390625 0.5207729062500001 0.755849638671875 0.6546153645833334 0.7603555859375 0.6505343072916666 0.765728779296875 0.6390464192708333 0.76909040625 0.626789453125 0.767758373046875 0.6127379713541666 0.380571541015625 0.4763135286458333 0.37845259765625 0.4929148072916667 0.375184828125 0.5081095598958333 0.371010150390625 0.5207729062500001
0 0.3821617734375 0.4689191302083333 0.770731048828125 0.6090380052083334 0.773319283203125 0.60712565625 0.77821417578125 0.5944876015625 0.781097501953125 0.5810804661458333 0.7807220703125 0.5693293229166666 0.3920064765625 0.42651658854166663 0.3889309296875 0.44081753125 0.384992640625 0.4557559244791667 0.3821617734375 0.4689191302083333
0 0.34528912890625 0.3670613541666667 0.338616498046875 0.39808832552083334 0.3386552265625 0.40128245312500005 0.79164266015625 0.5725372604166666 0.799134798828125 0.5444480911458334 0.34528912890625 0.3670613541666667
0 0.800095908203125 0.5399790494791666 0.806340859375 0.5143149479166667 0.351252505859375 0.3325838958333333 0.34563675 0.3620707447916667 0.800095908203125 0.5399790494791666
0 0.3914170625 0.30441137760416664 0.383787041015625 0.3398901015625 0.3840142734375 0.34220771093749996 0.79417758984375 0.5067626979166667 0.80099920703125 0.47841717187500005 0.3914170625 0.30441137760416664
0 0.39766651953125 0.2719778958333333 0.392246892578125 0.3005527578125 0.390938759765625 0.3032612083333333 0.791804107421875 0.47393433593749995 0.7989118046875 0.4476327864583333 0.39766651953125 0.2719778958333333
0 0.80710605078125 0.41290468229166666 0.80893441015625 0.4010288098958333 0.369858267578125 0.20220444791666667 0.359321751953125 0.2511980442708333 0.797124041015625 0.43907460416666666 0.803552203125 0.4260554609375 0.80710605078125 0.41290468229166666
0 0.819582435546875 0.3818846276041667 0.824772421875 0.35775178645833333 0.82861685546875 0.33987560677083334 0.8324612890625 0.3219994296875 0.37472238671875 0.09185727604166666 0.353044619140625 0.185908 0.810950484375 0.3950285052083333 0.819582435546875 0.3818846276041667
0 0.410305162109375 0.03775050520833333 0.40502582421875 0.05217617708333333 0.401565833984375 0.06826473958333333 0.3990624453125 0.08665363541666667 0.393925396484375 0.09704347135416667 0.82020416015625 0.31150939322916665 0.825765072265625 0.30589707552083334 0.8289344765625 0.294533921875 0.83220224609375 0.27933916666666664 0.83450890625 0.2686134609375 0.83797340234375 0.24575551822916666 0.41271469140625 0.0164238203125 0.411655220703125 0.024724460937499998 0.410305162109375 0.03775050520833333
0 0.4113398125 0 0.41056884375 0.002782270833333333 0.8434449609375 0.2304360390625 0.85044528125 0.22150484375 0.86177284375 0.18907826041666667 0.869260478515625 0.16775847395833332 0.874933271484375 0.13800641927083332 0.798785708984375 0.09408417968749999 0.55270281640625 0 0.4113398125 0