0 0.49345433203125 0 0.386178341796875 0.004994880208333333 0.706595322265625 0.030823070312500003 0.709564607421875 0.019830197916666667 0.70982772265625 0 0.49345433203125 0
0 0.708228458984375 0.030996416666666665 0.386096990234375 0.004998669270833333 0.280444126953125 0.009917973958333333 0.281680291015625 0.036496546875 0.708402427734375 0.0687300859375 0.709290791015625 0.040466721354166665 0.708228458984375 0.030996416666666665
0 0.284272306640625 0.0732815546875 0.7084125546875 0.100208 0.70961325390625 0.083870171875 0.709279306640625 0.07111952604166667 0.281737078125 0.038664828125 0.281378080078125 0.0560489296875 0.284272306640625 0.0732815546875
0 0.283043212890625 0.08853524739583334 0.28439601171875 0.10909603125 0.7069380390625 0.1371823515625 0.710834205078125 0.130488171875 0.711079626953125 0.10876751302083333 0.70934644140625 0.10477405729166667 0.282674087890625 0.07444143489583334 0.283043212890625 0.08853524739583334
0 0.71067396875 0.15546125 0.71196709765625 0.14265261458333334 0.282882974609375 0.11350832552083334 0.28286470703125 0.1439021015625 0.710201392578125 0.16850879166666666 0.71067396875 0.15546125
0 0.283678013671875 0.14386423177083332 0.2845014453125 0.17530427864583334 0.713436349609375 0.19875109635416666 0.711920625 0.17196951562499999 0.283678013671875 0.14386423177083332
0 0.283546169921875 0.16992145052083332 0.284408123046875 0.23392355208333335 0.741052228515625 0.25825112499999997 0.74123838671875 0.203176375 0.283546169921875 0.16992145052083332
0 0.284777248046875 0.2480173671875 0.283974068359375 0.27953315104166665 0.285298470703125 0.29900979427083335 0.28709544921875 0.30543889583333333 0.741857396484375 0.3200849479166667 0.742100755859375 0.26719434114583335 0.28783171484375 0.2402769192708333 0.284777248046875 0.2480173671875
0 0.762156876953125 0.38005404947916666 0.76155556640625 0.326003703125 0.28468728515625 0.3067648984375 0.285577630859375 0.371851140625 0.759972505859375 0.3899249088541667 0.762156876953125 0.38005404947916666
0 0.28658969921875 0.37940224739583334 0.289049869140625 0.4422444765625 0.76333116796875 0.4559816875 0.763288044921875 0.3921526171875 0.28658969921875 0.37940224739583334
0 0.287536833984375 0.4466567708333333 0.289183701171875 0.5095368671875 0.76579133984375 0.5188239140625001 0.764207216796875 0.45833940104166665 0.287536833984375 0.4466567708333333
0 0.7658683828125 0.5839480234375 0.76512638671875 0.5245261848958334 0.2908671015625 0.51162940625 0.2885407578125 0.5160795729166666 0.2893743203125 0.5789975338541666 0.7658683828125 0.5839480234375
0 0.293639611328125 0.586397171875 0.29205151953125 0.6190349609375 0.714782181640625 0.62323234375 0.71390875 0.5898833177083334 0.293639611328125 0.586397171875
0 0.290538484375 0.6234472578125 0.2898772734375 0.6603837395833333 0.726348962890625 0.6606849401041667 0.725447376953125 0.6262609166666667 0.290538484375 0.6234472578125
0 0.288449421875 0.6680484531249999 0.288988912109375 0.6886471041666667 0.79624664453125 0.6867378958333333 0.79585647265625 0.671840484375 0.288449421875 0.6680484531249999
0 0.797485865234375 0.7029621223958333 0.795582791015625 0.6924821145833334 0.287589453125 0.6973959583333333 0.28894225 0.7179567395833333 0.79759944140625 0.7072986822916666 0.797485865234375 0.7029621223958333
0 0.294720578125 0.7209440807291667 0.29531685546875 0.7437110130208334 0.67367466796875 0.7326070546875 0.67403366796875 0.7152229531250001 0.294720578125 0.7209440807291667
0 0.295402779296875 0.7469916640625001 0.2963397890625 0.7827682708333333 0.6754817734375 0.7705140703125001 0.675500041015625 0.7401202968749999 0.295402779296875 0.7469916640625001
0 0.29735185546875 0.7903193776041667 0.2963316484375 0.8446399635416667 0.76645110546875 0.8238361796875 0.76672204296875 0.7719985208333333 0.29735185546875 0.7903193776041667
0 0.299615251953125 0.938922234375 0.2997856171875 0.9454270729166666 0.734734142578125 0.9186626536458333 0.7315433203125 0.8279230208333334 0.300568544921875 0.8509554583333333 0.298440962890625 0.8629945963541666 0.299615251953125 0.938922234375
0 0.506545671875 1 0.7387082265625 0.9891902734375 0.739492263671875 0.975970578125 0.738251173828125 0.9285836640624999 0.30231071875 0.9485658854166666 0.29937995703125 0.9921208125000001 0.299741994140625 1 0.506545671875 1