0 0.842078060546875 0.7591854583333334 0.8306557421875 0.7093711666666667 0.399695546875 0.9073315729166667 0.409323873046875 0.9571957057291667 0.842078060546875 0.7591854583333334
0 0.3885328359375 0.8586494583333333 0.40028514453125 0.9058533072916667 0.830915349609375 0.71050334375 0.8200122265625 0.6629533307291667 0.3885328359375 0.8586494583333333
0 0.824328533203125 0.6574799010416666 0.81413385546875 0.617068953125 0.412776380859375 0.7942963046874999 0.42264109765625 0.8373176796875 0.824328533203125 0.6574799010416666
0 0.810807470703125 0.6147109947916667 0.803727962890625 0.5878857239583334 0.3686626015625 0.7800917864583333 0.37290826171875 0.8072892838541667 0.810807470703125 0.6147109947916667
0 0.360544640625 0.7487378984375 0.3670346015625 0.7770415 0.803798318359375 0.5841431145833333 0.796288310546875 0.5516460104166666 0.360544640625 0.7487378984375
0 0.7973787890625 0.5520969583333334 0.78907165625 0.5158684192708333 0.34949568359375 0.705183828125 0.359176263671875 0.74681978125 0.7973787890625 0.5520969583333334
0 0.34140478515625 0.6612167213541666 0.351009931640625 0.7031060755208333 0.787703248046875 0.5139503125 0.77776816015625 0.47467146614583333 0.34140478515625 0.6612167213541666
0 0.77986690234375 0.4676260807291666 0.77486411328125 0.4498579453125 0.334254849609375 0.6381340859375 0.3394468125 0.6607769479166666 0.77986690234375 0.4676260807291666
0 0.77493452734375 0.44611531510416663 0.765329416015625 0.40422611718749996 0.32538121484375 0.5911102916666667 0.335434037109375 0.6351774739583333 0.77493452734375 0.44611531510416663
0 0.319338951171875 0.56498459375 0.324790521484375 0.5887596380208333 0.76370140234375 0.40117583333333334 0.7587544375 0.37904861458333333 0.319338951171875 0.56498459375
0 0.75824983203125 0.37740078906249996 0.74805513671875 0.336989765625 0.310912978515625 0.520138640625 0.32084811328125 0.5594175494791667 0.75824983203125 0.37740078906249996
0 0.74930468359375 0.3302906328125 0.7355944296875 0.2826469166666667 0.34912720703125 0.44527267447916663 0.35912743359375 0.49553260937500004 0.74930468359375 0.3302906328125
0 0.337791962890625 0.3903369817708333 0.3503231171875 0.4409373489583333 0.734485626953125 0.28186098697916667 0.720185525390625 0.22865838802083335 0.337791962890625 0.3903369817708333
0 0.720137375 0.22333573177083332 0.70786584375 0.1738676171875 0.3228594375 0.3307153333333333 0.337862375 0.3865943489583333 0.720137375 0.22333573177083332
0 0.308765392578125 0.275896859375 0.322664880859375 0.32841527864583336 0.706378654296875 0.16333207291666665 0.689611150390625 0.11313344010416666 0.308765392578125 0.275896859375
0 0.697077044921875 0.09036989322916666 0.679662033203125 0.030618934895833335 0.2760869765625 0.20627425260416665 0.290364875 0.2685421171875 0.697077044921875 0.09036989322916666
0 0.557621853515625 0 0.26039228125 0.129728390625 0.276438931640625 0.18756130989583333 0.688505859375 0.008444356770833333 0.685909599609375 0 0.557621853515625 0
0 0.443955876953125 0 0.216750029296875 0.09261839843750001 0.2260681484375 0.12236426041666666 0.515042927734375 0 0.443955876953125 0