0 0.48362713671875 0 0.215388365234375 0.03129046875 0.21575566015625 0.0478125390625 0.660956759765625 0.026777388020833334 0.660309271484375 0 0.48362713671875 0
0 0.662713927734375 0.09431090885416667 0.660038779296875 0.03995681510416667 0.219371533203125 0.048579171875 0.22109954296875 0.11213709895833333 0.662713927734375 0.09431090885416667
0 0.220973908203125 0.11375388541666666 0.22225608203125 0.1468794296875 0.65489112890625 0.13472983593750001 0.65417737890625 0.1000602734375 0.220973908203125 0.11375388541666666
0 0.22345026171875 0.15149369270833332 0.225694455078125 0.18569536718750002 0.655960994140625 0.16597440364583335 0.6564989609375 0.13544135416666667 0.22345026171875 0.15149369270833332
0 0.61256603125 0.21305825520833332 0.61120644140625 0.17875339322916664 0.231234248046875 0.1886142734375 0.2326511015625 0.22842472916666667 0.61256603125 0.21305825520833332
0 0.233787984375 0.22753340625 0.233533162109375 0.26440337760416666 0.616313916015625 0.2565916536458333 0.614954328125 0.22228678645833333 0.233787984375 0.22753340625
0 0.23512487890625 0.30224637760416667 0.2360535078125 0.3163987447916667 0.675648052734375 0.31859716145833333 0.67347134765625 0.268496359375 0.23361055078125 0.26558277864583335 0.23300206640625 0.28347966666666663 0.23512487890625 0.30224637760416667
0 0.23803215234375 0.3601385260416667 0.24073005859375 0.37408458072916667 0.678845375 0.3802763802083333 0.6780363515625 0.3278256901041667 0.238939517578125 0.3196272994791667 0.23718090625 0.34716548177083334 0.23803215234375 0.3601385260416667
0 0.628032556640625 0.4215998932291667 0.62859695703125 0.38944745572916667 0.24096221875 0.37762271614583337 0.24055255859375 0.4121338854166667 0.628032556640625 0.4215998932291667
0 0.68812988671875 0.46806725 0.688152595703125 0.42765914062500004 0.243515955078125 0.41654184375 0.243869490234375 0.43551486197916667 0.245339828125 0.4579228958333333 0.68812988671875 0.46806725
0 0.24493016796875 0.49243406770833337 0.248203107421875 0.501559484375 0.691955154296875 0.51277996875 0.692132646484375 0.47473074479166666 0.2483806015625 0.4635101015625 0.2445766328125 0.4734610494791667 0.24493016796875 0.49243406770833337
0 0.696123353515625 0.5491340677083333 0.69565903515625 0.5420578020833333 0.694387501953125 0.5362642135416666 0.693691021484375 0.5256498203125001 0.251398658203125 0.5095054947916667 0.2479042265625 0.5241738203125 0.247063642578125 0.5385325703125 0.247914888671875 0.5515056119791667 0.694822810546875 0.5640146927083333 0.696123353515625 0.5491340677083333
0 0.254958408203125 0.5637563151041667 0.254515361328125 0.6113438046875 0.6569563671875 0.6178761588541667 0.6566695234375 0.5727506770833334 0.254958408203125 0.5637563151041667
0 0.2582860078125 0.6144691666666667 0.25711315234375 0.6645184895833333 0.6598636484375 0.6757684635416666 0.660306666015625 0.6281809817708334 0.2582860078125 0.6144691666666667
0 0.261845767578125 0.6687201484375 0.260053826171875 0.7093345572916667 0.621493302734375 0.7163449713541666 0.62182549609375 0.6802056744791667 0.261845767578125 0.6687201484375
0 0.623471896484375 0.7596360260416667 0.624534 0.7214834557291666 0.264709046875 0.712356734375 0.263879064453125 0.75404728125 0.623471896484375 0.7596360260416667
0 0.258770255859375 0.7712807890625001 0.2592785703125 0.7926126145833333 0.7623768203125 0.7980987838541668 0.76379245703125 0.7789192291666667 0.258770255859375 0.7712807890625001
0 0.267394822265625 0.7940425442708333 0.266985166015625 0.8285537916666667 0.67724851171875 0.8340114635416667 0.678604474609375 0.7983636692708332 0.267394822265625 0.7940425442708333
0 0.278794619140625 0.831929765625 0.276814583984375 0.8832617604166666 0.681540767578125 0.8844859921875 0.683237005859375 0.8417940286458333 0.278794619140625 0.831929765625
0 0.67730887890625 0.928049875 0.678370951171875 0.8898973072916667 0.28212221875 0.8826426171875 0.2807172734375 0.9291539609375 0.67730887890625 0.928049875
0 0.280064798828125 0.9327952838541668 0.279157494140625 0.9733065 0.67951968359375 0.9753277864583333 0.68227361328125 0.9357895104166666 0.280064798828125 0.9327952838541668
0 0.516372845703125 1 0.695636431640625 0.979088625 0.695597431640625 0.97582915625 0.41056663671875 1 0.516372845703125 1