0 0.532341 1 0.78697223828125 0.8974319635416667 0.779285388671875 0.8530380911458333 0.776418357421875 0.8461272864583332 0.38410949609375 1 0.532341 1
0 0.769158412109375 0.7993753307291667 0.766169224609375 0.7869354505208334 0.37262578515625 0.9403643854166667 0.381500759765625 0.9964436197916666 0.774100388671875 0.8423874713541667 0.77605188671875 0.8295400677083333 0.769158412109375 0.7993753307291667
0 0.32565732421875 0.89581565625 0.322180798828125 0.9046791614583333 0.327610544921875 0.9408611458333334 0.33117505078125 0.9518000859375001 0.770438263671875 0.7633546354166666 0.76073862109375 0.721807015625 0.32565732421875 0.89581565625
0 0.7611655234375 0.7194489348958334 0.750550779296875 0.6726163333333334 0.31449351953125 0.8458120625 0.322668568359375 0.8978490026041667 0.7611655234375 0.7194489348958334
0 0.751404587890625 0.6679001692708333 0.74591398046875 0.6361902578124999 0.302354181640625 0.80946878125 0.30780537109375 0.8409510494791667 0.751404587890625 0.6679001692708333
0 0.746523904296875 0.6348891718749999 0.74097243359375 0.6076513385416666 0.298815501953125 0.7793846875 0.30274021484375 0.8068746666666667 0.746523904296875 0.6348891718749999
0 0.73926352734375 0.5736639921875 0.7359691640625 0.554638046875 0.734382845703125 0.5406529947916666 0.731393658203125 0.5282131197916666 0.282831876953125 0.6918980234375001 0.298224255859375 0.7759700651041667 0.744754134765625 0.6053739036458333 0.73926352734375 0.5736639921875
0 0.316560724609375 0.6213953697916667 0.3222491953125 0.6638951484375 0.72498880859375 0.520164671875 0.7249270859375 0.4956902994791667 0.7207789140625 0.481380515625 0.316560724609375 0.6213953697916667
0 0.716447291015625 0.4515405104166667 0.7128481796875 0.44040171875 0.3080809296875 0.5772455807291667 0.31503569921875 0.61741146875 0.7190708671875 0.4763396171875 0.72016855859375 0.4682083776041666 0.716447291015625 0.4515405104166667
0 0.7101024453125 0.4100735416666667 0.708576990234375 0.39161641406250003 0.704001484375 0.3651914895833333 0.699060369140625 0.3511257942708333 0.2585488984375 0.47447922135416665 0.2749698203125 0.5693149869791666 0.7110179765625 0.42983175 0.7101024453125 0.4100735416666667
0 0.691047052734375 0.27108143229166665 0.688667791015625 0.25734047135416666 0.2421779453125 0.3558141458333333 0.2561747421875 0.4559441692708333 0.700503673828125 0.34499057552083334 0.696903701171875 0.30490533593749997 0.691047052734375 0.27108143229166665
0 0.685678173828125 0.23042736979166667 0.680980509765625 0.19847336979166666 0.6753068828125 0.1657064609375 0.668474701171875 0.14554287239583333 0.22131320703125 0.2208432578125 0.239026232421875 0.3376120494791666 0.684824794921875 0.2496167578125 0.685678173828125 0.23042736979166667
0 0.67036490625 0.12269431770833333 0.66719226953125 0.09472422135416668 0.660908287109375 0.048785174479166665 0.6545030078125 0.0262635 0.19855740625 0.07977447916666668 0.217179720703125 0.20179469531250002 0.666400615234375 0.13838798177083333 0.67036490625 0.12269431770833333
0 0.4572741484375 0 0.276035123046875 0.05578976822916667 0.6582115703125 0.013916494791666666 0.655634716796875 0 0.4572741484375 0