0 0.519652923828125 1 0.604503357421875 0.9881091458333334 0.771892892578125 0.9159692005208333 0.768532216796875 0.883716890625 0.492940279296875 1 0.519652923828125 1
0 0.479120623046875 1 0.77134437109375 0.8778689192708334 0.76611271875 0.8218817369791668 0.366367607421875 0.9826160833333333 0.36890787109375 1 0.479120623046875 1
0 0.768030484375 0.8150683281250001 0.762159576171875 0.7613522812500001 0.35815655859375 0.9095940182291667 0.367294080078125 0.9736079062499999 0.768030484375 0.8150683281250001
0 0.76991283984375 0.7559026458333333 0.770681083984375 0.7448872239583334 0.767701685546875 0.72785234375 0.763613865234375 0.7175174479166667 0.3760968046875 0.8569042057291667 0.379290234375 0.8662736640625001 0.380735990234375 0.8846142447916666 0.381998423828125 0.9006292473958334 0.76991283984375 0.7559026458333333
0 0.376979560546875 0.8369608515625 0.76093069921875 0.7146211380208333 0.764596142578125 0.6988366041666666 0.7625111328125 0.6827671588541667 0.75833826953125 0.6713534062500001 0.742576609375 0.679016109375 0.368736197265625 0.7946707161458333 0.3726539296875 0.8028478958333333 0.37571837109375 0.8209616380208334 0.376979560546875 0.8369608515625
0 0.758892478515625 0.6680034140625 0.7614495 0.6589188671875 0.76217664453125 0.6370014505208333 0.761455189453125 0.6174685911458333 0.759030001953125 0.5970837135416667 0.752898271484375 0.5815813723958333 0.352182263671875 0.6780960104166667 0.361609357421875 0.7769251744791666 0.758892478515625 0.6680034140625
0 0.75307405078125 0.5422888098958333 0.74566380859375 0.5313287395833334 0.34341700390625 0.6084239375 0.347012072265625 0.6644109609375001 0.74868146484375 0.5799907604166666 0.75575437109375 0.5659102604166667 0.75307405078125 0.5422888098958333
0 0.747754509765625 0.5059479088541666 0.746563888671875 0.4908439010416667 0.7407723359375 0.47965698958333336 0.337035828125 0.5482347447916667 0.339076892578125 0.5741273307291667 0.34135399609375 0.6030142395833333 0.74515354296875 0.52485559375 0.747754509765625 0.5059479088541666
0 0.74878073046875 0.47744392447916667 0.748021021484375 0.42628392708333335 0.30347713671875 0.49621728645833335 0.307814400390625 0.5512390312500001 0.74878073046875 0.47744392447916667
0 0.745047310546875 0.36779876822916663 0.29730999609375 0.42836266927083333 0.299647294921875 0.4683938255208333 0.301880935546875 0.4863487682291667 0.74725562109375 0.4165742083333333 0.747771578125 0.381597078125 0.745047310546875 0.36779876822916663
0 0.756037951171875 0.36189545052083333 0.75553052734375 0.3346971640625 0.205390646484375 0.4041577734375 0.207024888671875 0.4352700651041667 0.756037951171875 0.36189545052083333
0 0.756553904296875 0.32691831770833335 0.752809107421875 0.3001737161458333 0.199730927734375 0.36350144270833334 0.203006560546875 0.3946748958333333 0.756553904296875 0.32691831770833335
0 0.753278275390625 0.2957448645833333 0.7503428203125 0.26888684375 0.1956898984375 0.32261827083333333 0.1990262890625 0.3545625052083334 0.753278275390625 0.2957448645833333
0 0.749193298828125 0.26468483072916665 0.7468120546875 0.2344768125 0.190584390625 0.27861194270833334 0.193280703125 0.31281688020833337 0.749193298828125 0.26468483072916665
0 0.7563980390625 0.22113490885416667 0.754356974609375 0.19524232552083332 0.224412439453125 0.23024028385416664 0.2260433671875 0.26131056510416667 0.7563980390625 0.22113490885416667
0 0.754101841796875 0.19200575260416666 0.7516355546875 0.16071887760416667 0.219136841796875 0.1840762421875 0.222256732421875 0.22365459635416665 0.754101841796875 0.19200575260416666
0 0.751295376953125 0.1564034453125 0.749723478515625 0.1260820078125 0.214116376953125 0.1411487734375 0.21885411328125 0.1804895859375 0.751295376953125 0.1564034453125
0 0.736348751953125 0.12250244791666666 0.7358824296875 0.10620616145833334 0.193929568359375 0.11343601041666666 0.19666644921875 0.13777499739583335 0.736348751953125 0.12250244791666666
0 0.734008607421875 0.1031964296875 0.733841365234375 0.08031357812499999 0.188780115234375 0.07925282552083333 0.191686453125 0.1057415 0.734008607421875 0.1031964296875
0 0.709123611328125 0.07816698177083332 0.70665732421875 0.04688010677083334 0.3219283828125 0.045166065104166674 0.324462623046875 0.07731496614583333 0.709123611328125 0.07816698177083332
0 0.48034708203125 0 0.319254232421875 0.022575388020833333 0.321400265625 0.03846645572916667 0.705762935546875 0.045914671875 0.70236116015625 0.002760361979166667 0.568212830078125 0 0.48034708203125 0