0 0.0257528671875 0.7736270312500001 0.07713501953125 0.7831120364583333 0.15478508203125 0.21059955989583334 0.10343392578125 0.19874695833333333 0.0257528671875 0.7736270312500001
0 0.08700896484375 0.775052671875 0.133983248046875 0.7820667682291668 0.208122640625 0.21653135677083335 0.16275951171875 0.21196931510416664 0.08700896484375 0.775052671875
0 0.250633166015625 0.2151985963541667 0.209873275390625 0.20832914843749997 0.134060736328125 0.7761477265625 0.17566187109375 0.7865892916666667 0.250633166015625 0.2151985963541667
0 0.177452900390625 0.7854467760416667 0.2164372578125 0.7922749166666666 0.2953160625 0.19373940625 0.257234998046875 0.18574814583333332 0.177452900390625 0.7854467760416667
0 0.3361689375 0.19350603385416668 0.30248018359375 0.18916947916666668 0.219178076171875 0.7864178645833334 0.259906970703125 0.7956549270833334 0.3361689375 0.19350603385416668
0 0.27618128125 0.7735345156250001 0.331068005859375 0.7866536041666666 0.4016668046875 0.277921875 0.34846262890625 0.2719469713541667 0.27618128125 0.7735345156250001
0 0.460166587890625 0.28638836979166665 0.4087689375 0.27808716666666666 0.33654958203125 0.7749394921875 0.38818021875 0.7872144401041666 0.460166587890625 0.28638836979166665
0 0.448083068359375 0.80240275 0.47294058984375 0.8029812708333334 0.491234068359375 0.2196140390625 0.469869703125 0.2174139791666667 0.448083068359375 0.80240275
0 0.521402810546875 0.22150033333333333 0.4974639609375 0.21857486979166665 0.480945955078125 0.8019833828124999 0.5052135234375 0.8003564609375 0.521402810546875 0.22150033333333333
0 0.510350822265625 0.7943786484375001 0.56628037890625 0.7956803203125 0.576354875 0.29021546354166666 0.525876984375 0.286733515625 0.510350822265625 0.7943786484375001
0 0.6332660625 0.2916011484375 0.579127595703125 0.289157 0.56716811328125 0.7957009817708333 0.622451349609375 0.7978758567708333 0.6332660625 0.2916011484375
0 0.623144044921875 0.7934512109375 0.655991494140625 0.7942156848958333 0.664129853515625 0.3000719765625 0.632300837890625 0.29749948697916667 0.623144044921875 0.7934512109375
0 0.699724837890625 0.30262115625 0.668668357421875 0.3007142057291667 0.6595270625 0.7954820885416667 0.690834400390625 0.7968628020833334 0.699724837890625 0.30262115625
0 0.69320037890625 0.8010025052083334 0.717170103515625 0.8015603619791666 0.729703111328125 0.2512156432291667 0.706797380859375 0.24897372916666669 0.69320037890625 0.8010025052083334
0 0.759030490234375 0.24952987239583332 0.73418840625 0.24776753124999998 0.724225744140625 0.8052770130208334 0.74834055078125 0.8060148567708333 0.759030490234375 0.24952987239583332
0 0.748226462890625 0.8034672708333334 0.776635109375 0.8041284375000001 0.790751921875 0.2522299192708333 0.757239400390625 0.25067234895833335 0.748226462890625 0.8034672708333334
0 0.778441697265625 0.8018021588541666 0.8086103203125 0.8036884895833333 0.822973576171875 0.25297982812500003 0.7900713515625 0.25262061979166667 0.778441697265625 0.8018021588541666
0 0.858460576171875 0.25184395052083336 0.83093978515625 0.25120344791666666 0.815743447265625 0.8014861796875 0.90006603515625 0.8046327734375001 0.908880943359375 0.25628146874999996 0.876169412109375 0.25580857812499996 0.865500716796875 0.2567444401041667 0.858460576171875 0.25184395052083336
0 0.9951305390625 0.2585772109375 0.91347128125 0.2554925572916667 0.90006603515625 0.8046327734375001 0.987051951171875 0.8078414348958334 0.9951305390625 0.2585772109375