0 0.2430024765625 0.9598738072916667 0.25640878125 0.9548454843749999 0.263935390625 0.948861640625 0.16863113671875 0.2713801171875 0.15002140625 0.2742115078125 0.131668205078125 0.2780873255208333 0.23217396875 0.9588647786458333 0.2430024765625 0.9598738072916667
0 0.28778828125 0.9416272161458333 0.29933280859375 0.9347948697916667 0.208937619140625 0.2639668203125 0.172903666015625 0.2726750364583333 0.2676986953125 0.94586971875 0.27425466796875 0.9455838307291667 0.28778828125 0.9416272161458333
0 0.2572321171875 0.2405848828125 0.20958771875 0.24735060677083334 0.301361638671875 0.9310706380208332 0.323861978515625 0.9263190338541666 0.3451768125 0.9185219973958333 0.2572321171875 0.2405848828125
0 0.36023810546875 0.9274259114583333 0.3703027734375 0.9220046770833333 0.379269498046875 0.9212096848958334 0.391872220703125 0.9163510625 0.310523244140625 0.2315280911458333 0.259676869140625 0.2389700078125 0.350467796875 0.9283906015625 0.36023810546875 0.9274259114583333
0 0.3607670859375 0.21762184895833334 0.313275703125 0.22545385677083332 0.39762461328125 0.9162348723958332 0.4169106171875 0.9121620677083334 0.440508896484375 0.9027842213541667 0.3607670859375 0.21762184895833334
0 0.404542517578125 0.211673171875 0.3684421640625 0.21819822135416667 0.442919646484375 0.9022751197916666 0.488214681640625 0.8883153671874999 0.41418551953125 0.20963677083333332 0.404542517578125 0.211673171875
0 0.45944080859375 0.20227698177083334 0.42348131640625 0.20987088020833333 0.4962107734375 0.893218328125 0.517103943359375 0.888806125 0.527462966796875 0.8789283515625 0.45944080859375 0.20227698177083334
0 0.53346997265625 0.8809555807291667 0.5626933359375 0.8703898333333333 0.499580244140625 0.20039193489583332 0.46578725 0.20533112499999998 0.53346997265625 0.8809555807291667
0 0.566670642578125 0.8684513125 0.62038343359375 0.8560096927083333 0.562330939453125 0.2563517734375 0.50971608984375 0.2641671536458333 0.566670642578125 0.8684513125
0 0.58210194140625 0.19395101562499997 0.558142390625 0.19901077604166664 0.65117421875 0.8517045052083333 0.669107669921875 0.8501145208333334 0.68077950390625 0.8443538880208333 0.58210194140625 0.19395101562499997
0 0.800386142578125 0.8179968541666667 0.81222502734375 0.8067079661458334 0.65476663671875 0.18849309375 0.621907275390625 0.20312247395833335 0.769261255859375 0.8333585416666667 0.77729708984375 0.8316615416666666 0.800386142578125 0.8179968541666667
0 0.70657790234375 0.18084741406250002 0.685517681640625 0.19078786979166665 0.832068076171875 0.8211936406250001 0.872788146484375 0.7895239114583333 0.718377041015625 0.17615849218750002 0.70657790234375 0.18084741406250002
0 0.884468056640625 0.804634875 0.917494466796875 0.7844772447916667 0.768493578125 0.1611805390625 0.74521659765625 0.17158912760416667 0.884468056640625 0.804634875
0 0.92828323046875 0.792086234375 0.956488140625 0.7729468046875 0.817090509765625 0.15421365885416666 0.794756576171875 0.16552169270833333 0.92828323046875 0.792086234375