0 0.7258079921875 1 0.725806173828125 0.9995482005208333 0.72957449609375 0.9773019036458334 0.729194345703125 0.9551818281250001 0.727588916015625 0.9360782890625 0.24862140234375 0.8961730833333333 0.246360919921875 0.9132662005208334 0.244100435546875 0.9303593177083332 0.24189551953125 0.9470322604166667 0.467191751953125 1 0.7258079921875 1
0 0.248097419921875 0.856394625 0.244614208984375 0.8952309817708333 0.732397546875 0.9372088098958334 0.736402189453125 0.9194242135416667 0.737437392578125 0.9053476328125 0.248097419921875 0.856394625
0 0.11920198046875 0.7875372369791668 0.117506619140625 0.8003570729166666 0.115952537109375 0.8121085911458333 0.115199890625 0.82404853125 0.115531248046875 0.83404025 0.11588651171875 0.843851171875 0.754691443359375 0.9060995026041666 0.7584623203125 0.9025799036458334 0.76081783984375 0.8910168072916668 0.76387976171875 0.874112109375 0.765197525390625 0.857898890625 0.765572572265625 0.8425655729166667 0.122924060546875 0.7718892786458333 0.1215575 0.7759741380208333 0.11920198046875 0.7875372369791668
0 0.770751146484375 0.7909093802083333 0.76919451171875 0.7839342005208333 0.134275271484375 0.6985520494791667 0.128626615234375 0.7600115416666666 0.76627897265625 0.8372239713541667 0.769952259765625 0.80944765625 0.770751146484375 0.7909093802083333
0 0.144026158203125 0.6435646796875 0.14162439453125 0.6617261171875001 0.14019469140625 0.6787857864583334 0.771786349609375 0.7768327994791666 0.77697002734375 0.7626300052083334 0.7785703515625 0.7442801458333334 0.78031195703125 0.72486196875 0.776774845703125 0.7141165677083333 0.147699443359375 0.6157883645833333 0.14699304296875 0.6211299635416666 0.146286642578125 0.6264715625 0.144026158203125 0.6435646796875
0 0.27969283984375 0.5862359244791667 0.279977953125 0.602825984375 0.280719294921875 0.6159661614583333 0.765082072265625 0.7025552838541667 0.771727345703125 0.6897976510416667 0.774789267578125 0.6728929505208333 0.776672154296875 0.652406453125 0.77407776171875 0.6407811536458333 0.291424201171875 0.5350187734374999 0.288832361328125 0.5421201718750001 0.283319880859375 0.5650579453125 0.27969283984375 0.5862359244791667
0 0.77426528515625 0.6331144947916666 0.78165809765625 0.5709635234375 0.264211322265625 0.4471073489583333 0.254085390625 0.5174280416666667 0.77426528515625 0.6331144947916666
0 0.275891337890625 0.3650351432291667 0.2648226875 0.4362357291666667 0.783448498046875 0.5636737057291666 0.78914594921875 0.5143425729166667 0.787776837890625 0.49970073177083335 0.275891337890625 0.3650351432291667
0 0.789346162109375 0.48783395572916666 0.798151779296875 0.4149997864583333 0.28861924609375 0.25004440104166664 0.27748419140625 0.3342444427083333 0.789346162109375 0.48783395572916666
0 0.799140740234375 0.407521546875 0.8113396328125 0.32777440104166666 0.297514794921875 0.14528685416666667 0.28515775390625 0.23247852864583332 0.799140740234375 0.407521546875
0 0.81421403125 0.31853636458333334 0.82207948046875 0.26530879166666665 0.334797154296875 0.09456913541666667 0.328143025390625 0.1511343828125 0.81421403125 0.31853636458333334
0 0.353322728515625 0.08570612500000001 0.35232162890625 0.09952480208333332 0.8268830078125 0.22898591666666668 0.830558845703125 0.21993629947916668 0.836448923828125 0.20039190364583334 0.84007596484375 0.17921392968750002 0.840733572265625 0.16174396875 0.840402216796875 0.15175225 0.361514427734375 0.005016875 0.354262892578125 0.06609952604166668 0.353322728515625 0.08570612500000001