0 0.127125755859375 0.8584858958333333 0.15916415625 0.8476998255208333 0.073409189453125 0.32334917447916667 0.03535372265625 0.32808907291666667 0.127125755859375 0.8584858958333333
0 0.10682121484375 0.31708816927083333 0.07416489453125 0.32201194791666665 0.16016696875 0.8487074869791668 0.19090436328125 0.8387073203125 0.10682121484375 0.31708816927083333
0 0.19320823828125 0.8389290703125 0.2202182421875 0.8314764947916666 0.137281365234375 0.27431609375 0.103745755859375 0.279404640625 0.19320823828125 0.8389290703125
0 0.14695326171875 0.2725036979166667 0.13740494921875 0.2754885703125 0.223103162109375 0.8333271276041666 0.234150181640625 0.8279738229166668 0.14695326171875 0.2725036979166667
0 0.2386260625 0.8615045 0.257969857421875 0.8578797083333334 0.151562212890625 0.14609998958333334 0.1282070390625 0.14569398697916666 0.2386260625 0.8615045
0 0.170535255859375 0.13895781510416666 0.154076439453125 0.144433234375 0.26173406640625 0.8595655755208332 0.28203266015625 0.8518732239583334 0.170535255859375 0.13895781510416666
0 0.287303611328125 0.8129274765625 0.359911701171875 0.79573471875 0.28802034765625 0.24128698697916665 0.20502329296875 0.25225503906249996 0.287303611328125 0.8129274765625
0 0.3745588828125 0.2286575703125 0.2940516171875 0.2389611640625 0.36393728125 0.7913934869791667 0.434226771484375 0.7707587187499999 0.3745588828125 0.2286575703125
0 0.437424669921875 0.7740360416666667 0.47649715625 0.7619318697916667 0.428056208984375 0.2258065390625 0.38020526171875 0.23118637500000003 0.437424669921875 0.7740360416666667
0 0.47754209765625 0.2189247421875 0.4333317734375 0.2248179635416667 0.479890611328125 0.7601003203125 0.5215495546875 0.7478210989583333 0.47754209765625 0.2189247421875
0 0.5254887578125 0.7503601276041666 0.55928562109375 0.7392445468750001 0.52186191796875 0.22257592968749998 0.481044998046875 0.2266376744791667 0.5254887578125 0.7503601276041666
0 0.560302341796875 0.2129814296875 0.526766671875 0.21806998958333335 0.562802783203125 0.7385854739583334 0.5957204140625 0.7276346484374999 0.560302341796875 0.2129814296875
0 0.59772604296875 0.7296500494791666 0.626618158203125 0.7230404427083333 0.597298244140625 0.24072181510416668 0.567032568359375 0.24280638541666666 0.59772604296875 0.7296500494791666
0 0.629132380859375 0.7213736536458333 0.657392427734375 0.7172737213541667 0.629075330078125 0.23596279427083333 0.60081528515625 0.24006276302083332 0.629132380859375 0.7213736536458333
0 0.62731675 0.23629233072916667 0.631836728515625 0.23664097656250002 0.659920794921875 0.7072349296875 0.6869479453125 0.6984191458333333 0.6600014765625 0.2146245651041667 0.62558657421875 0.21987788020833332 0.62731675 0.23629233072916667
0 0.69433569921875 0.7019816510416667 0.723983455078125 0.6940347916666667 0.7022848671875 0.20772484375 0.667035560546875 0.21330646354166669 0.69433569921875 0.7019816510416667
0 0.7385456015625 0.17718959114583333 0.705518529296875 0.1785959765625 0.72850330859375 0.6943834062500001 0.762514431640625 0.6855737916666667 0.7385456015625 0.17718959114583333
0 0.76530885546875 0.6862909166666666 0.79583584375 0.6781792994791668 0.782446185546875 0.17298039843750002 0.7441919765625 0.17971837760416667 0.76530885546875 0.6862909166666666
0 0.81321213671875 0.20504467447916666 0.791230529296875 0.20916376041666665 0.80211427734375 0.6781983776041667 0.821369099609375 0.673230265625 0.81321213671875 0.20504467447916666
0 0.8227223203125 0.6695542161458333 0.8460916328125 0.6615882057291667 0.83946643359375 0.19892932291666665 0.816729177734375 0.20438562500000002 0.8227223203125 0.6695542161458333
0 0.8722463359375 0.19517800260416665 0.850141146484375 0.19812463020833335 0.85550222265625 0.6658028958333333 0.880919001953125 0.658126703125 0.8722463359375 0.19517800260416665