0 0.261821779296875 0.12845788020833335 0.262250005859375 0.11633997395833334 0.2318820390625 0.10365114322916667 0.226448482421875 0.1019785625 0.099121505859375 0.6630206848958333 0.137600015625 0.6770925260416667 0.261821779296875 0.12845788020833335
0 0.175834974609375 0.6877485598958333 0.297191392578125 0.1315502265625 0.268042791015625 0.12146396614583332 0.264021298828125 0.12133966666666667 0.138575828125 0.6762792916666666 0.16552925390625 0.6845762109375001 0.175834974609375 0.6877485598958333
0 0.205410193359375 0.7001933645833334 0.213703802734375 0.7005191171875 0.33292552734375 0.14700450520833333 0.331279546875 0.14204338541666667 0.30566806640625 0.13081871875 0.299703796875 0.13232360416666666 0.17626158984375 0.6901071067708333 0.205410193359375 0.7001933645833334
0 0.243279021484375 0.7129639192708334 0.25041375 0.7151601614583334 0.36896530859375 0.15587120052083334 0.367745943359375 0.15326862760416668 0.34079251953125 0.1449717109375 0.33697218359375 0.14379571875 0.216691728515625 0.702552484375 0.243279021484375 0.7129639192708334
0 0.254987171875 0.7176815859375 0.293039064453125 0.7293948802083333 0.40323652734375 0.16530710416666666 0.372837748046875 0.15372239583333333 0.254987171875 0.7176815859375
0 0.408397859375 0.17023671875000002 0.297552 0.7274432369791667 0.319199740234375 0.7374477708333332 0.341762810546875 0.7421660078125 0.3488975390625 0.74436225 0.453910291015625 0.19092821614583333 0.4514715625 0.18572307291666668 0.4454957109375 0.18165633854166666 0.4232987734375 0.17482358333333334 0.408397859375 0.17023671875000002
0 0.354263708984375 0.7471276979166667 0.401828576171875 0.7617693177083332 0.502207419921875 0.2013407994791667 0.458789357421875 0.18686205468749997 0.354263708984375 0.7471276979166667
0 0.44609987109375 0.7809651510416667 0.450429740234375 0.7800707708333333 0.54739404296875 0.21525033854166667 0.545870642578125 0.20475889843749998 0.533918939453125 0.19662542708333333 0.51032257421875 0.18936189322916666 0.401889060546875 0.7662423828125 0.44609987109375 0.7809651510416667
0 0.45024667578125 0.7811280286458334 0.494640548828125 0.7947935416666666 0.590691134765625 0.220782953125 0.5522262421875 0.20782891666666667 0.45024667578125 0.7811280286458334
0 0.497811541015625 0.7957696484375 0.535070685546875 0.8072389166666666 0.627401083984375 0.235424 0.593703099609375 0.22393733333333332 0.497811541015625 0.7957696484375
0 0.536656181640625 0.8077269713541666 0.57232983203125 0.8187081875 0.663684416015625 0.24770650260416668 0.631581365234375 0.23671079166666667 0.536656181640625 0.8077269713541666
0 0.577086318359375 0.8201723489583334 0.637152083984375 0.8397756562500001 0.72405421484375 0.2751986796875 0.671959826171875 0.25916276302083335 0.577086318359375 0.8201723489583334
0 0.640992921875 0.8420715729166667 0.70185143359375 0.8619189114583333 0.78320433203125 0.29563374479166665 0.729051822265625 0.2767370625 0.640992921875 0.8420715729166667
0 0.71197408984375 0.8661485182291666 0.75258729296875 0.8775366380208333 0.82216672265625 0.34549009375 0.78704226953125 0.3313371015625 0.71197408984375 0.8661485182291666
0 0.7663075546875 0.8851009010416666 0.804542513671875 0.8957569375 0.8722324140625 0.35533347135416665 0.83536501171875 0.34287117968749997 0.7663075546875 0.8851009010416666
0 0.81551840234375 0.9047036380208334 0.8448500703125 0.9137326354166667 0.915164982421875 0.34850415625 0.8888594375 0.34263389322916665 0.81551840234375 0.9047036380208334
0 0.846984763671875 0.9110489114583333 0.87192607421875 0.9164992317708333 0.9360804609375 0.36273772656250003 0.916490107421875 0.3567073411458333 0.846984763671875 0.9110489114583333