0 0.53485508203125 1 0.281679021484375 0.9311487317708332 0.44060583203125 1 0.53485508203125 1
0 0.665917884765625 1 0.667942642578125 0.9909456354166667 0.3012375859375 0.8828461953125001 0.291309080078125 0.9304738619791667 0.5490832265625 1 0.665917884765625 1
0 0.67237610546875 0.9887170182291666 0.681979322265625 0.9493094713541667 0.3112771953125 0.8381365078125 0.30180906640625 0.8841934921875 0.67237610546875 0.9887170182291666
0 0.681732869140625 0.9471280468750001 0.688506564453125 0.9194166901041667 0.317725263671875 0.8029156901041666 0.312712828125 0.8266774739583332 0.309969060546875 0.8379367343749999 0.681732869140625 0.9471280468750001
0 0.69040363671875 0.9083539010416667 0.6913004296875 0.9014810859375001 0.69592684375 0.8920747291666666 0.69986737109375 0.8854831770833332 0.326055830078125 0.7669571510416667 0.31795390234375 0.8019774479166667 0.691618193359375 0.9161413411458333 0.69040363671875 0.9083539010416667
0 0.698459830078125 0.8848733932291667 0.708573794921875 0.8529484453124999 0.37581433203125 0.7305722994791667 0.364610578125 0.77654778125 0.698459830078125 0.8848733932291667
0 0.388179150390625 0.6830251640624999 0.376746755859375 0.7299388854166667 0.722631431640625 0.8559266354166667 0.735247498046875 0.8118842239583333 0.388179150390625 0.6830251640624999
0 0.719159783203125 0.7807720989583333 0.7268803515625 0.7395116484375 0.407088744140625 0.6341640859375001 0.39637794140625 0.6845024375 0.719159783203125 0.7807720989583333
0 0.7402342109375 0.7421848723958333 0.752159556640625 0.6996340208333334 0.425751861328125 0.5831215755208333 0.41314054296875 0.6284872630208334 0.7402342109375 0.7421848723958333
0 0.757068126953125 0.6986485234375 0.76549244140625 0.657692953125 0.389960193359375 0.5033011458333333 0.37936930859375 0.5481811328125 0.757068126953125 0.6986485234375
0 0.786569953125 0.6606002473958333 0.79451917578125 0.6184014921875 0.40505920703125 0.4497833515625 0.394604453125 0.4970145390625 0.786569953125 0.6606002473958333
0 0.781604751953125 0.6107320390625001 0.788235544921875 0.5835220598958334 0.416361677734375 0.4141179114583333 0.406951451171875 0.44634766666666664 0.781604751953125 0.6107320390625001
0 0.42573623828125 0.37564866927083335 0.416608166015625 0.41629928125 0.794780341796875 0.582208125 0.803495896484375 0.5493783828125 0.42573623828125 0.37564866927083335
0 0.43134546484375 0.3334734557291667 0.421742263671875 0.37288094010416667 0.8004251875 0.5462723828125 0.8077062890625 0.5100080781249999 0.43134546484375 0.3334734557291667
0 0.442320564453125 0.2884362786458333 0.4336497734375 0.3272104140625 0.8107322109375 0.5071696770833333 0.819512388671875 0.4696080208333333 0.442320564453125 0.2884362786458333
0 0.82385428515625 0.4692866614583333 0.830431595703125 0.43271745572916664 0.452259052734375 0.24204965885416665 0.44321733203125 0.28156345312500003 0.82385428515625 0.4692866614583333
0 0.46054109375 0.2008954453125 0.45373515234375 0.2384027578125 0.83509369921875 0.42955059375 0.8414423359375 0.39391975520833333 0.46054109375 0.2008954453125
0 0.845875798828125 0.3916911354166666 0.8566222578125 0.34759220052083334 0.506644513671875 0.16635173958333332 0.495729693359375 0.21614007031250002 0.845875798828125 0.3916911354166666
0 0.854739564453125 0.3457392734375 0.864571435546875 0.3053934244791667 0.51739948828125 0.11168378125 0.5073551015625 0.16204856770833334 0.854739564453125 0.3457392734375
0 0.50407334765625 0.03822178385416667 0.491269068359375 0.09076513802083334 0.869690849609375 0.3003499557291667 0.879469203125 0.2506450078125 0.50407334765625 0.03822178385416667
0 0.51338760546875 0 0.505216576171875 0.03353045833333333 0.8843778203125 0.24965952864583332 0.89594485546875 0.19809772916666668 0.565589498046875 0.002683981770833333 0.5593941640625 0 0.51338760546875 0
0 0.6190469296875 0.025843143229166667 0.898818279296875 0.19678772135416667 0.910075486328125 0.1601713828125 0.8667324140625 0.133147 0.6190469296875 0.025843143229166667