0 0.302925177734375 0.9714912526041667 0.315362771484375 0.9735274453125 0.5755137578125 0.9804130520833333 0.57856089453125 0.9396921901041666 0.306094025390625 0.9297479270833334 0.302925177734375 0.9714912526041667
0 0.308469890625 0.8842331093750001 0.304820443359375 0.9238629401041667 0.3069244609375 0.9245459453125 0.577719646484375 0.9367440338541666 0.578604759765625 0.89660603125 0.308469890625 0.8842331093750001
0 0.581480962890625 0.8946274713541666 0.582931974609375 0.8566118723958334 0.312136029296875 0.8412422213541667 0.309428673828125 0.8795452994791666 0.581480962890625 0.8946274713541666
0 0.31464266015625 0.8006670729166667 0.31268721484375 0.8352568229166667 0.3137938203125 0.8365953619791666 0.58343499609375 0.8556012786458332 0.58499241796875 0.8208819401041666 0.31464266015625 0.8006670729166667
0 0.591149591796875 0.8207970026041668 0.59128984765625 0.7836597630208333 0.317206123046875 0.7639265468750001 0.314486673828125 0.7979091718750001 0.591149591796875 0.8207970026041668
0 0.5922463125 0.7821769270833333 0.594009294921875 0.7496771406249999 0.321023509765625 0.7224730390624999 0.317454376953125 0.756778953125 0.5922463125 0.7821769270833333
0 0.59117496484375 0.7448413359375 0.592385349609375 0.7138905000000001 0.324642591796875 0.6831729635416667 0.321626990234375 0.7159197734374999 0.59117496484375 0.7448413359375
0 0.5947021484375 0.7109909505208334 0.59596211328125 0.6795017552083333 0.327453939453125 0.6437406458333333 0.32409211328125 0.6802471484375 0.5947021484375 0.7109909505208334
0 0.594792828125 0.6743920651041666 0.5969596796875 0.6419583984375 0.330215708984375 0.6048466901041667 0.327761681640625 0.6403988333333334 0.594792828125 0.6743920651041666
0 0.5965981328125 0.6369809453125 0.5984034375 0.5995698229166667 0.33463526953125 0.5613058723958334 0.33112655859375 0.5994074166666666 0.5965981328125 0.6369809453125
0 0.601116845703125 0.5923634114583333 0.602419130859375 0.5559628854166666 0.337843228515625 0.5175667005208333 0.3342363359375 0.5567344114583334 0.601116845703125 0.5923634114583333
0 0.60312045703125 0.5527988619791667 0.603743181640625 0.5326812890625 0.33285412109375 0.49161213802083337 0.330834634765625 0.5135420026041667 0.60312045703125 0.5527988619791667
0 0.6027298828125 0.5303295078125 0.60345176171875 0.50913521875 0.33498591015625 0.46846277604166664 0.333115716796875 0.48877142968750004 0.6027298828125 0.5303295078125
0 0.606986607421875 0.47520164843749996 0.6065186484375 0.46692793489583334 0.3513731875 0.4240644244791667 0.347909552734375 0.4616764791666667 0.6028004140625 0.5073047265625 0.6050603828125 0.5005705572916667 0.606986607421875 0.47520164843749996
0 0.60990436328125 0.4390655963541667 0.6094787265625 0.42588054947916665 0.35498501171875 0.3803913697916667 0.351868953125 0.4186808515625 0.605554927734375 0.46403779427083336 0.608473900390625 0.45905093229166666 0.60990436328125 0.4390655963541667
0 0.358242546875 0.33611383854166665 0.355439884765625 0.3754518385416667 0.609421892578125 0.42204592968750004 0.61190797265625 0.3995010442708333 0.612488376953125 0.3842948072916667 0.358242546875 0.33611383854166665
0 0.339867298828125 0.2997090234375 0.33804441015625 0.3239557734375 0.61930289453125 0.3815234453125 0.621506029296875 0.37095465624999996 0.622391150390625 0.35689125000000005 0.339867298828125 0.2997090234375
0 0.622277484375 0.3492220104166666 0.622674095703125 0.3449151536458333 0.624374208984375 0.33535695833333334 0.624508423828125 0.3249959375 0.3427850546875 0.26357297135416663 0.340509533203125 0.2882831458333333 0.339902361328125 0.2904247109375 0.622277484375 0.3492220104166666
0 0.627128720703125 0.2920900260416667 0.345100634765625 0.22952422656250002 0.34485275390625 0.2322160130208333 0.342273255859375 0.25577534635416665 0.62409004296875 0.31618386718749997 0.626647470703125 0.30621955208333335 0.627128720703125 0.2920900260416667
0 0.348875703125 0.1929820546875 0.345496525390625 0.22077344791666667 0.6268590703125 0.2816628854166667 0.6286583359375 0.2710279765625 0.630301615234375 0.25763516406250003 0.348875703125 0.1929820546875
0 0.63308515234375 0.23186013541666664 0.632213328125 0.22352030208333332 0.3506810078125 0.15557093489583332 0.3484151015625 0.18462844791666666 0.630591818359375 0.25003204687499997 0.631186736328125 0.24357176041666664 0.63308515234375 0.23186013541666664
0 0.63464983203125 0.20151377604166668 0.633374138671875 0.19310782552083336 0.352748705078125 0.1242139765625 0.35053310546875 0.1527252578125 0.630796162109375 0.22110240104166667 0.632949720703125 0.21107196875 0.63464983203125 0.20151377604166668
0 0.63645513671875 0.16410265364583335 0.6381903125 0.14526015104166667 0.63861473046875 0.12729600520833334 0.36863859765625 0.058506164062500005 0.365862314453125 0.08865416927083335 0.363144515625 0.11816709895833333 0.635116572265625 0.178638296875 0.63645513671875 0.16410265364583335
0 0.37247376171875 0 0.368287431640625 0.053415973958333335 0.6390536640625 0.11807781770833332 0.643557865234375 0.06471433072916667 0.397189400390625 0 0.37247376171875 0
0 0.409343373046875 0 0.642842025390625 0.05913240364583333 0.645434515625 0.03988378125 0.64641153125 0.020370684895833335 0.644833482421875 0.01995617447916667 0.522935984375 0 0.409343373046875 0