0 0.305799083984375 0.14887932812500002 0.30217459375 0.18878400520833336 0.67177141015625 0.21839736197916668 0.674992291015625 0.17529600260416667 0.305799083984375 0.14887932812500002
0 0.3038725078125 0.19469086718749998 0.300248017578125 0.2345955390625 0.666734119140625 0.26898523697916665 0.670754791015625 0.22608474999999997 0.3038725078125 0.19469086718749998
0 0.29511058203125 0.24219999479166665 0.2965798359375 0.29982525260416665 0.65528787109375 0.3367924427083333 0.66208615234375 0.2791371484375 0.29511058203125 0.24219999479166665
0 0.29412927734375 0.3058583307291667 0.29333549609375 0.3618500052083333 0.65029937109375 0.3995086770833333 0.65483262109375 0.34023490364583336 0.29412927734375 0.3058583307291667
0 0.29262909375 0.3671916015625 0.288015642578125 0.4145745182291667 0.591378169921875 0.445139046875 0.59519018359375 0.39756771354166665 0.29262909375 0.3671916015625
0 0.587237353515625 0.501445359375 0.590918998046875 0.4486111822916667 0.285565083984375 0.42060759635416667 0.280761556640625 0.45693047135416665 0.281234193359375 0.4658538697916667 0.587237353515625 0.501445359375
0 0.277840916015625 0.4727668463541667 0.271624587890625 0.519772921875 0.580409662109375 0.5593230520833333 0.58583360546875 0.5058114375 0.277840916015625 0.4727668463541667
0 0.57584500390625 0.6188343229166667 0.5799467734375 0.5628232734374999 0.27007050390625 0.5315244401041667 0.26828265625 0.5575409557291667 0.265315771484375 0.5799756744791666 0.57584500390625 0.6188343229166667
0 0.635703541015625 0.6473487552083333 0.63954173046875 0.6308228151041667 0.27034512890625 0.5856858020833333 0.2649251328125 0.5954268984375001 0.262523369140625 0.6135883359375 0.26214832421875 0.6289216536458333 0.2642238359375 0.6382218932291667 0.63584992578125 0.6837338333333333 0.636415046875 0.6794605520833333 0.63504593359375 0.6648187135416667 0.635703541015625 0.6473487552083333
0 0.6331656015625 0.7040319088541667 0.634975146484375 0.6903486614583333 0.26766591015625 0.6434372734375 0.26262351171875 0.6565717526041667 0.2610231875 0.674921609375 0.263335017578125 0.6886835494791667 0.63194542578125 0.7445018437500001 0.632369267578125 0.7412968828125001 0.6306713515625 0.7353900260416667 0.6311876796875 0.7189883854166667 0.6331656015625 0.7040319088541667
0 0.26677708984375 0.6938989296875001 0.264331634765625 0.73738540625 0.612060951171875 0.8136298098958333 0.61772881640625 0.7645223984374999 0.26677708984375 0.6938989296875001
0 0.26244619921875 0.739145203125 0.26066090234375 0.7838884192708333 0.607683818359375 0.8654744244791667 0.612579828125 0.8159548697916666 0.26244619921875 0.739145203125
0 0.248169240234375 0.7908654140625 0.244686029296875 0.8297017682291666 0.605287158203125 0.9210892578125001 0.607935525390625 0.8823170833333333 0.248169240234375 0.7908654140625
0 0.245204908203125 0.8320268307291667 0.2421455390625 0.8676582239583334 0.599212109375 0.9670270104166666 0.6014350234375 0.9314719869791667 0.245204908203125 0.8320268307291667