0 0.51152347265625 0 0.35171357421875 0.039268473958333334 0.20649504296875 0.10593880729166666 0.575460525390625 0.012984309895833332 0.573323025390625 0 0.51152347265625 0
0 0.20510910546875 0.11532280208333334 0.21209677734375 0.15571241666666666 0.626193908203125 0.05279433854166667 0.619537779296875 0.017021393229166668 0.20510910546875 0.11532280208333334
0 0.213156306640625 0.1598152109375 0.22139283984375 0.19504223958333333 0.635754853515625 0.09314986197916668 0.62963118359375 0.059438744791666664 0.213156306640625 0.1598152109375
0 0.647094431640625 0.1303941953125 0.641477708984375 0.0953132734375 0.221682904296875 0.19949830208333333 0.22467215625 0.22107207291666667 0.22965455859375 0.23369963020833331 0.647094431640625 0.1303941953125
0 0.230714087890625 0.23780242447916666 0.234762869140625 0.2634789895833333 0.655760001953125 0.15395117447916667 0.651015837890625 0.13224759375 0.230714087890625 0.23780242447916666
0 0.230146078125 0.2655985755208333 0.234169677734375 0.28784478125 0.714491162109375 0.16140671354166666 0.708739935546875 0.14246919791666665 0.230146078125 0.2655985755208333
0 0.235758970703125 0.2939989765625 0.238987923828125 0.31316808333333335 0.721882685546875 0.1866959244791667 0.71690256640625 0.16741150260416668 0.235758970703125 0.2939989765625
0 0.248057349609375 0.32162465885416663 0.251336666015625 0.34765448958333334 0.6643490859375 0.23720325520833332 0.66090927734375 0.2172176484375 0.248057349609375 0.32162465885416663
0 0.253430541015625 0.35242972135416667 0.255650330078125 0.37435675520833334 0.67121084375 0.26044106770833336 0.666233615234375 0.24116783854166668 0.253430541015625 0.35242972135416667
0 0.26910896484375 0.4198066770833333 0.2839171953125 0.47381545833333333 0.65548017578125 0.32617574479166667 0.64359226953125 0.27680958072916667 0.26910896484375 0.4198066770833333
0 0.28370267578125 0.47965048177083336 0.298031505859375 0.5384685833333334 0.67469067578125 0.38389996354166667 0.660182478515625 0.32772014322916665 0.28370267578125 0.47965048177083336
0 0.30240859375 0.5387536588541667 0.31522367578125 0.6017086536458334 0.688035521484375 0.44890635156250003 0.67480537890625 0.3910098229166667 0.30240859375 0.5387536588541667
0 0.31681296875 0.6078628463541667 0.32639909765625 0.6516487291666667 0.703802552734375 0.493296484375 0.69301065625 0.45150722916666663 0.31681296875 0.6078628463541667
0 0.3230815390625 0.6554664479166666 0.334976060546875 0.6981925390625 0.751887111328125 0.5228495260416667 0.741628068359375 0.48312362760416666 0.3230815390625 0.6554664479166666
0 0.333966896484375 0.7009504661458333 0.3458866015625 0.7471069140625 0.763012169921875 0.5659288802083333 0.753020833984375 0.5272396171875 0.333966896484375 0.7009504661458333
0 0.74053353125 0.5888692838541667 0.735148552734375 0.5813485208333333 0.34898964453125 0.7491242213541667 0.34834608984375 0.7666292890625 0.351549859375 0.7823680364583333 0.354993330078125 0.7957021223958334 0.359420783203125 0.8028479244791668 0.7475463828125 0.6326892578125 0.748480001953125 0.61964025 0.7447716484375 0.6052804635416666 0.74053353125 0.5888692838541667
0 0.75854553125 0.6586168072916666 0.755366943359375 0.646308421875 0.7518148984375 0.6425524557291666 0.36050549609375 0.8103810781249999 0.360000912109375 0.8117600416666666 0.36195581640625 0.8326613776041666 0.367253462890625 0.8531753567708332 0.372740447265625 0.8644239505208334 0.76399426953125 0.699712953125 0.761320265625 0.6860256015625 0.758621078125 0.6689078932291667 0.75854553125 0.6586168072916666
0 0.37644969921875 0.8754543671875 0.386061009765625 0.9226706119791667 0.80575985546875 0.7414584817708333 0.79458443359375 0.6915184036458334 0.37644969921875 0.8754543671875
0 0.391712146484375 0.9212234609375001 0.40240816796875 0.9759728619791667 0.8200383203125 0.7934158619791667 0.80971971484375 0.7467936276041667 0.391712146484375 0.9212234609375001
0 0.420461919921875 1 0.820000076171875 0.8232634114583334 0.815512037109375 0.7992187630208334 0.403732580078125 0.9811013567708334 0.40793375 1 0.420461919921875 1
0 0.499459576171875 1 0.77045119140625 0.8746941614583333 0.7673149140625 0.8592167630208333 0.46658482421875 1 0.499459576171875 1
0 0.562753478515625 1 0.826419529296875 0.8789499973958333 0.825859232421875 0.8759473515625 0.548338703125 1 0.562753478515625 1