0 0.658178490234375 1 0.658917400390625 0.9948339270833334 0.235685333984375 0.9022182500000001 0.231147041015625 0.9303925911458334 0.457274150390625 1 0.658178490234375 1
0 0.24494030859375 0.8382414244791666 0.23628454296875 0.8987576302083333 0.657985884765625 0.9896871432291667 0.6696523984375 0.9299195416666667 0.24494030859375 0.8382414244791666
0 0.6661096171875 0.9217170260416667 0.675230263671875 0.8795691041666666 0.259030609375 0.7834751927083333 0.253193990234375 0.8274169609375001 0.6661096171875 0.9217170260416667
0 0.291468150390625 0.7590077994791667 0.292600283203125 0.7472061223958333 0.265548154296875 0.7400461119791667 0.259718958984375 0.7844700286458334 0.676960716796875 0.88010178125 0.68408401953125 0.849489125 0.291468150390625 0.7590077994791667
0 0.69679644140625 0.8497573281249999 0.707714705078125 0.7972276328125 0.3037182734375 0.6935229348958334 0.290403197265625 0.7598949505208333 0.69679644140625 0.8497573281249999
0 0.70918353125 0.7150587942708334 0.71164835546875 0.6745071197916667 0.288480810546875 0.6183616744791667 0.283020796875 0.6604214557291667 0.70918353125 0.7150587942708334
0 0.71351223046875 0.6690057786458333 0.715511326171875 0.6258807213541667 0.295936642578125 0.5703317421874999 0.29320642578125 0.6173863125 0.71351223046875 0.6690057786458333
0 0.30359437890625 0.5258129869791667 0.300330603515625 0.5709787630208333 0.7234981328125 0.6271242031250001 0.7253792109375 0.5849272343749999 0.30359437890625 0.5258129869791667
0 0.331018287109375 0.48322416406249996 0.32815396484375 0.5260828828125 0.72569696875 0.5828455807291667 0.73072554296875 0.5424739609375 0.331018287109375 0.48322416406249996
0 0.737413265625 0.5414966640625 0.74027762890625 0.49863788020833333 0.339131970703125 0.43663163020833334 0.335943626953125 0.4810952317708333 0.737413265625 0.5414966640625
0 0.354385537109375 0.3798509348958334 0.3503891015625 0.43451141666666665 0.74520294140625 0.4965089375 0.748372662109375 0.446344828125 0.354385537109375 0.3798509348958334
0 0.755921521484375 0.44513282552083333 0.7601839765625 0.3941992942708333 0.364172544921875 0.3233280182291667 0.361241087890625 0.37710120052083335 0.755921521484375 0.44513282552083333
0 0.782680748046875 0.38532926562500003 0.78441387109375 0.3384771848958333 0.337820564453125 0.23867043229166665 0.33057796484375 0.29501981770833335 0.782680748046875 0.38532926562500003
0 0.788873443359375 0.3337749401041667 0.7928872890625 0.2876604921875 0.371368220703125 0.18703152343749999 0.374030201171875 0.192710984375 0.372432326171875 0.2019391953125 0.364977580078125 0.20814954947916667 0.35885383203125 0.21719955729166665 0.353329267578125 0.22278910416666667 0.341548375 0.22766776562500002 0.341481224609375 0.23858214062500002 0.788873443359375 0.3337749401041667
0 0.7864800703125 0.28443765625 0.7902096328125 0.24184520052083333 0.372236072265625 0.13991309114583333 0.366642634765625 0.18800680989583332 0.7864800703125 0.28443765625
0 0.79866305859375 0.22986725260416666 0.80146110546875 0.18212801302083334 0.38362098046875 0.07416180989583333 0.3759638828125 0.12891042447916667 0.79866305859375 0.22986725260416666
0 0.376835208984375 0.0186123984375 0.3718409375 0.06324565104166667 0.805255173828125 0.17600577864583333 0.808781875 0.13219321354166666 0.376835208984375 0.0186123984375
0 0.388877642578125 0 0.8195680703125 0.11966107552083333 0.82250481640625 0.08612275000000001 0.54272585546875 0 0.388877642578125 0