0 0.467191751953125 0 0.272791048828125 0.045704119791666664 0.15201126953125 0.09542824999999999 0.15077540625 0.10653803125 0.15617180859375 0.14734406770833333 0.16213677734375 0.16517588020833332 0.5120440625 0.036028481770833336 0.50650165625 0 0.467191751953125 0
0 0.52427749609375 0.11489759114583332 0.523198212890625 0.10673636979166667 0.518777505859375 0.08012653125000001 0.516310583984375 0.06147239583333333 0.18739119921875 0.185685484375 0.186926310546875 0.2026247109375 0.18954741796875 0.22244476822916667 0.192272076171875 0.23622977864583336 0.52427749609375 0.11489759114583332
0 0.18871397265625 0.3115987265625 0.195603974609375 0.33642585416666665 0.53792048046875 0.22845375520833333 0.521499822265625 0.11434845833333333 0.18357770703125 0.24548671875000003 0.18573392578125 0.282246 0.18871397265625 0.3115987265625
0 0.198174513671875 0.34904500781250003 0.204341833984375 0.3956804947916666 0.542441001953125 0.27763343229166665 0.53501494921875 0.230182453125 0.198174513671875 0.34904500781250003
0 0.547766287109375 0.27887645833333335 0.180626783203125 0.4072666692708333 0.17589299609375 0.4191988229166667 0.178309287109375 0.43065206770833336 0.180005298828125 0.4434768229166666 0.185517310546875 0.4580655494791666 0.55902401171875 0.3435492916666667 0.547766287109375 0.27887645833333335
0 0.19234708984375 0.47543718489583336 0.198668587890625 0.5232385208333333 0.548934869140625 0.4036237760416667 0.538190267578125 0.3496495338541667 0.19234708984375 0.47543718489583336
0 0.200210423828125 0.5348974296875 0.206481341796875 0.5754977838541667 0.53653296484375 0.4462100572916667 0.528821431640625 0.40835249999999995 0.200210423828125 0.5348974296875
0 0.590489267578125 0.4792058854166667 0.58010362109375 0.4347642265625 0.198353064453125 0.5822172916666667 0.204932357421875 0.6251494895833333 0.590489267578125 0.4792058854166667
0 0.20209929296875 0.6582733177083333 0.205182943359375 0.681590984375 0.21222720703125 0.7075840989583333 0.21901598828125 0.7180092786458333 0.584440677734375 0.5877243541666667 0.56692843359375 0.49195797395833335 0.19927341796875 0.630086359375 0.20209929296875 0.6582733177083333
0 0.21711282421875 0.7172546223958333 0.224872541015625 0.7827498515625 0.625107205078125 0.6627824296875 0.6122867890625 0.5894862317708334 0.21711282421875 0.7172546223958333
0 0.636703091796875 0.7400236250000001 0.62307959765625 0.6710982994791667 0.223998076171875 0.7829554401041667 0.23576823046875 0.8455467864583334 0.636703091796875 0.7400236250000001
0 0.232786515625 0.8494110625000001 0.235766568359375 0.8787638671875001 0.644611056640625 0.7877696901041666 0.638502671875 0.7468132500000001 0.232786515625 0.8494110625000001
0 0.236074923828125 0.8810955572916667 0.2419868671875 0.9121634114583334 0.651961015625 0.8283511380208334 0.645081935546875 0.7897454557291667 0.236074923828125 0.8810955572916667
0 0.2391056171875 0.9176493255208333 0.245737888671875 0.9473455781250001 0.656286703125 0.8676543958333333 0.65325601171875 0.8311006223958333 0.2391056171875 0.9176493255208333
0 0.27468244140625 1 0.6613969609375 0.9371950078125 0.65201543359375 0.8830841666666666 0.245325916015625 0.9510488697916667 0.250129962890625 1 0.27468244140625 1
0 0.53280825 1 0.663416234375 0.96929371875 0.662191509765625 0.9600327005208333 0.66121579296875 0.9458363489583334 0.29954462890625 1 0.53280825 1