0 0.16535851171875 0.8972313541666667 0.1861065078125 0.8887736223958332 0.06129458203125 0.48049777604166666 0.04146362109375 0.49009454947916664 0.16535851171875 0.8972313541666667
0 0.187302529296875 0.8890425078124999 0.20581710546875 0.8807387760416666 0.07773435546875 0.4730398177083333 0.06241834765625 0.48003968229166666 0.187302529296875 0.8890425078124999
0 0.20911804296875 0.8877139322916667 0.237646537109375 0.8760845494791667 0.095952431640625 0.41644529687500004 0.065237267578125 0.4304789192708333 0.20911804296875 0.8877139322916667
0 0.240746021484375 0.8846546901041666 0.271349314453125 0.8721795364583333 0.125762619140625 0.40051128645833334 0.096312509765625 0.4155420807291667 0.240746021484375 0.8846546901041666
0 0.115193849609375 0.277738953125 0.102024896484375 0.2846200208333333 0.093426005859375 0.29115101041666663 0.0917666875 0.2918274166666667 0.276913794921875 0.8865527343749999 0.287562201171875 0.8859941666666667 0.296898798828125 0.8821881875 0.306436853515625 0.8767872239583333 0.317213763671875 0.8693683880208334 0.138535345703125 0.26822400520833334 0.127123947265625 0.2728757578125 0.115193849609375 0.277738953125
0 0.247398740234375 0.27301491666666666 0.244415046875 0.26742330468750003 0.2330036484375 0.27207505729166664 0.215526474609375 0.2799559010416667 0.2011615 0.2865680859375 0.188352623046875 0.2925459401041667 0.175025048828125 0.29873523697916665 0.1617725234375 0.307163234375 0.326447291015625 0.852745078125 0.333421962890625 0.8559533723958334 0.353089724609375 0.8502052838541667 0.369169421875 0.8436505416666668 0.38161821875 0.8385759010416667 0.39119910546875 0.8308881796875 0.399022439453125 0.8254297734375 0.398863818359375 0.8247380026041666 0.247398740234375 0.27301491666666666
0 0.46900408984375 0.7991716848958333 0.476986044921875 0.7944050520833333 0.33151379296875 0.23418759114583332 0.325130771484375 0.23603313802083334 0.316312875 0.23962767447916666 0.30801367578125 0.243010765625 0.299714478515625 0.246393859375 0.290896580078125 0.24998839583333332 0.279485181640625 0.2546401484375 0.263924185546875 0.2609834453125 0.248099646484375 0.27045990364583333 0.400908498046875 0.8163401848958333 0.403373494140625 0.8221432395833334 0.41039100390625 0.8230647786458333 0.420203466796875 0.8213341145833333 0.430058763671875 0.8173166927083333 0.443544962890625 0.8118191666666666 0.451642703125 0.8100310572916666 0.462376779296875 0.8048989765625 0.46900408984375 0.7991716848958333
0 0.39829271484375 0.22814586979166665 0.381535697265625 0.23422028385416668 0.356955345703125 0.2457531015625 0.33882534375 0.25541292708333335 0.48071046875 0.7928868229166667 0.488923998046875 0.7940772447916666 0.501848662109375 0.791077921875 0.514254625 0.7882900390625 0.525666021484375 0.7836382864583333 0.538157654296875 0.776276890625 0.548257244140625 0.7683777239583334 0.411260212890625 0.22285978645833335 0.39829271484375 0.22814586979166665
0 0.61859897265625 0.7412164192708333 0.4879120078125 0.1885876484375 0.4769764765625 0.19531471614583332 0.462971580078125 0.20102368489583333 0.447050505859375 0.20827020052083334 0.432685529296875 0.2148823802083333 0.425740974609375 0.21922613020833334 0.417009701171875 0.22278535416666667 0.417398943359375 0.22489597916666668 0.553487076171875 0.76397653125 0.560345962890625 0.7642062994791666 0.568962404296875 0.7622067473958333 0.578457623046875 0.7590925416666666 0.587074064453125 0.7570929895833333 0.598485462890625 0.7524412369791666 0.610775638671875 0.7466748281250001 0.61859897265625 0.7412164192708333
0 0.515955263671875 0.12042366145833333 0.4819856171875 0.13502751302083335 0.481836859375 0.13735744791666668 0.626538091796875 0.7387365442708332 0.659734884765625 0.7252041718750001 0.515955263671875 0.12042366145833333
0 0.565656755859375 0.14176706770833333 0.53149568359375 0.15796181510416665 0.661260865234375 0.7170177994791667 0.666044951171875 0.7180933385416667 0.675497337890625 0.7172658880208332 0.687946134765625 0.71219125 0.6976428125 0.7074820546875 0.70171945703125 0.7005252213541667 0.575987919921875 0.13982495833333333 0.570007810546875 0.13848053385416667 0.565656755859375 0.14176706770833333
0 0.6195587109375 0.12206372135416667 0.616446509765625 0.12333238281249999 0.61489041015625 0.1239667109375 0.607109912109375 0.12713836197916667 0.598292015625 0.13073289583333333 0.586361916015625 0.13559609375 0.577671423828125 0.13913869270833332 0.702049416015625 0.6920699635416666 0.705594646484375 0.695163375 0.715047033203125 0.6943359270833334 0.725781109375 0.68920384375 0.73822990625 0.6841292057291667 0.741989306640625 0.6757888307291666 0.62760090234375 0.13240117447916666 0.62414133984375 0.12473424739583333 0.6195587109375 0.12206372135416667
0 0.754395271484375 0.6730009479166666 0.802994439453125 0.6524335052083333 0.682364232421875 0.09419232552083334 0.62707579296875 0.1220251796875 0.754395271484375 0.6730009479166666
0 0.805545607421875 0.6483678177083333 0.84787754296875 0.6326244531249999 0.72413044921875 0.04842228645833333 0.681433861328125 0.06960932291666667 0.805545607421875 0.6483678177083333
0 0.793758048828125 0.14182479947916668 0.749919080078125 0.1604517890625 0.75121194140625 0.16900194791666667 0.844546484375 0.6180972526041667 0.89346289453125 0.5989133567708333 0.793758048828125 0.14182479947916668
0 0.901359181640625 0.598720234375 0.9535464140625 0.5789594505208333 0.856203494140625 0.1148566171875 0.800879935546875 0.14270378645833334 0.901359181640625 0.598720234375