0 0.12542121484375 0.7304236953125001 0.150685126953125 0.7390868645833333 0.194249021484375 0.2970324375 0.168267626953125 0.28805843229166667 0.12542121484375 0.7304236953125001
0 0.153006466796875 0.7400925286458334 0.176974298828125 0.7470532942708333 0.22311101171875 0.30497257031249997 0.196362552734375 0.2956662578125 0.153006466796875 0.7400925286458334
0 0.1795664609375 0.7504581093749999 0.20715171484375 0.7601269453125 0.259691455078125 0.3128338151041667 0.226508380859375 0.30188076302083333 0.1795664609375 0.7504581093749999
0 0.209976009765625 0.7590686848958333 0.237058306640625 0.7708014479166666 0.28880492578125 0.319741984375 0.259691455078125 0.3128338151041667 0.209976009765625 0.7590686848958333
0 0.239128166015625 0.7728390755208333 0.275224998046875 0.7861953489583334 0.326971609375 0.38077226562500005 0.28520683984375 0.36610139843749995 0.239128166015625 0.7728390755208333
0 0.276521080078125 0.7878977578124999 0.31983340625 0.8032390651041666 0.379105033203125 0.3634260026041667 0.33383898046875 0.34952010677083334 0.276521080078125 0.7878977578124999
0 0.322696392578125 0.8090430260416667 0.364983462890625 0.8250810729166668 0.42911055859375 0.3793851614583333 0.380509228515625 0.36517524739583335 0.322696392578125 0.8090430260416667
0 0.368330060546875 0.8253900000000001 0.396689091796875 0.8353940572916666 0.466929060546875 0.33301910416666664 0.437796248046875 0.3226798229166667 0.368330060546875 0.8253900000000001
0 0.473061259765625 0.3710439322916667 0.46390282421875 0.3670762552083333 0.397482216796875 0.8391603880208334 0.403420974609375 0.8428741249999999 0.41630441015625 0.8461737500000001 0.42636355078125 0.8505316328125 0.4361325234375 0.8490592578124999 0.50114946875 0.37864884374999996 0.49702909375 0.3780046979166667 0.48337187890625 0.3743698515625 0.473061259765625 0.3710439322916667
0 0.443096541015625 0.8520762526041666 0.447507083984375 0.8585506562499999 0.455515705078125 0.8643020182291666 0.48002518359375 0.8760610781249999 0.492889275390625 0.87592959375 0.4993116484375 0.8741482968750001 0.578237291015625 0.40634076302083333 0.5129145234375 0.3871685026041667 0.443096541015625 0.8520762526041666
0 0.503799568359375 0.8943471354166667 0.51877220703125 0.9031154921875001 0.527264443359375 0.9033718229166667 0.6110068671875 0.4228192239583333 0.58986333203125 0.41480020052083333 0.58307494140625 0.4152820182291667 0.4994083671875 0.8913038411458333 0.503799568359375 0.8943471354166667
0 0.54972340234375 0.9165243645833333 0.55537199609375 0.91440784375 0.645033837890625 0.43413787239583335 0.61478824609375 0.425598328125 0.5285605234375 0.9050742291666666 0.531674986328125 0.9098462265624999 0.54972340234375 0.9165243645833333
0 0.668440671875 0.47850561197916663 0.6532358984375 0.4742003229166667 0.64358148828125 0.4654541432291666 0.558757283203125 0.9215789895833333 0.5634193046875 0.9270214270833333 0.575026001953125 0.9320497526041667 0.585858919921875 0.9367428593749999 0.6000384375 0.9417448854166667 0.603887994140625 0.9399898880208334 0.69602592578125 0.48817445052083336 0.687514345703125 0.48448701302083336 0.668440671875 0.47850561197916663
0 0.70186131640625 0.48613885677083335 0.6067316328125 0.9423627369791667 0.6224780546875 0.9514663177083333 0.635110009765625 0.9557979036458333 0.6451498046875 0.9567246770833333 0.651843 0.9573425260416667 0.747559666015625 0.5013729427083333 0.735450009765625 0.4984085442708333 0.719471455078125 0.49376803124999996 0.70186131640625 0.48613885677083335
0 0.65596337890625 0.957986671875 0.68509619140625 0.968325953125 0.781238427734375 0.5422043880208333 0.752054751953125 0.5329839817708334 0.65596337890625 0.957986671875
0 0.689468046875 0.9679381380208333 0.722469759765625 0.9799535260416666 0.823757634765625 0.5537793671875 0.79330719921875 0.5462919869791667 0.689468046875 0.9679381380208333