0 0.445790169921875 0 0.20253030078125 0.1275416640625 0.21133162890625 0.16592545572916667 0.5374578515625 0 0.445790169921875 0
0 0.55296651953125 0 0.21215387890625 0.17693394010416666 0.22071733203125 0.21428033333333332 0.6395513828125 0 0.55296651953125 0
0 0.646352990234375 0 0.22058808984375 0.22113921875 0.229929787109375 0.25816836718749997 0.667299458984375 0.039041390625 0.658347345703125 0 0.646352990234375 0
0 0.233909017578125 0.27923360677083336 0.23723925 0.2937572057291667 0.6733549296875 0.072872671875 0.674197796875 0.06912598437499999 0.67181905859375 0.05875198697916667 0.66726146484375 0.04258696614583333 0.2316595234375 0.26200072395833335 0.233909017578125 0.27923360677083336
0 0.6803618984375 0.11085354947916666 0.67251206640625 0.076619359375 0.239206861328125 0.2986269609375 0.241045228515625 0.3103556015625 0.245629451171875 0.32663675260416664 0.6803618984375 0.11085354947916666
0 0.254971146484375 0.36366590364583334 0.688925353515625 0.14819994270833334 0.685421869140625 0.12920950520833333 0.68104171484375 0.11752959375 0.249391421875 0.331909421875 0.2490683125 0.3490566380208333 0.254971146484375 0.36366590364583334
0 0.697488806640625 0.1855463359375 0.689909669921875 0.1524926875 0.254906525390625 0.3670953463541667 0.2570913984375 0.387757671875 0.26234523046875 0.395825296875 0.697488806640625 0.1855463359375
0 0.258324775390625 0.4042703984375 0.269525451171875 0.4382730182291667 0.705382646484375 0.23110625781250002 0.6973595625 0.19240522135416668 0.258324775390625 0.4042703984375
0 0.713643603515625 0.27084469270833333 0.706133693359375 0.234381671875 0.269698703125 0.442739859375 0.273137564453125 0.46515974479166666 0.277310662109375 0.4759366536458333 0.713643603515625 0.27084469270833333
0 0.72183994140625 0.3140125703125 0.7133162734375 0.2768396848958333 0.27850003125 0.4811236510416667 0.2807495234375 0.49835653645833333 0.286111990234375 0.5143204453125 0.72183994140625 0.3140125703125
0 0.286587736328125 0.5163952421875 0.2970541796875 0.5620408359375 0.687817302734375 0.3845999296875 0.6763347421875 0.33823418749999995 0.286587736328125 0.5163952421875
0 0.29441695703125 0.565384609375 0.3047101484375 0.6065633567708334 0.746167681640625 0.41639790364583334 0.73527052734375 0.3688739192708333 0.29441695703125 0.565384609375
0 0.3005164375 0.6105416171875 0.311047501953125 0.652757765625 0.755855880859375 0.4623607369791667 0.74634093359375 0.42086474739583335 0.3005164375 0.6105416171875
0 0.30858353125 0.6605683828125 0.316324732421875 0.6869062890625001 0.70239778515625 0.5261240182291667 0.6942317109375 0.49793319010416665 0.30858353125 0.6605683828125
0 0.317751974609375 0.6931306875000001 0.3268117890625 0.7177967083333333 0.709707248046875 0.5617128541666666 0.702861732421875 0.5318586276041667 0.317751974609375 0.6931306875000001
0 0.77672414453125 0.5570813619791667 0.7724970703125 0.5386465104166667 0.32512605859375 0.7252900807291667 0.326791173828125 0.7325518776041666 0.329472408203125 0.7405338359375001 0.77672414453125 0.5570813619791667
0 0.782497736328125 0.5785495130208334 0.778747765625 0.5621953776041667 0.331677892578125 0.7464409869791666 0.331246154296875 0.7556919166666667 0.335483873046875 0.7630393854166666 0.782497736328125 0.5785495130208334
0 0.3366732421875 0.7682263828125001 0.3427933359375 0.7986282213541666 0.76704429296875 0.6336267447916667 0.758538205078125 0.59653053125 0.3366732421875 0.7682263828125001
0 0.3457770625 0.8042181328125001 0.354167263671875 0.8370976796875 0.777813232421875 0.6768802916666666 0.770261353515625 0.6439455104166667 0.3457770625 0.8042181328125001
0 0.8122113359375 0.72297965625 0.802412146484375 0.672821515625 0.350751798828125 0.8407586979166667 0.361520736328125 0.8840122473958334 0.36271010546875 0.8891992447916667 0.8122113359375 0.72297965625
0 0.360310755859375 0.8935804192708333 0.371793314453125 0.9399461666666666 0.825899380859375 0.7752525572916666 0.815800822265625 0.7275000963541666 0.360310755859375 0.8935804192708333
0 0.368119361328125 0.9573249557291666 0.379969037109375 0.9978692161458333 0.8471113671875 0.8380707942708333 0.836952080078125 0.7937647578125001 0.368119361328125 0.9573249557291666
0 0.5506178359375 1 0.578305568359375 0.9909253255208333 0.854717263671875 0.8782486119791666 0.847941583984375 0.8528252864583333 0.40436174609375 1 0.5506178359375 1