0 0.05171375 0.6357299088541667 0.12484380078125 0.6606309713541666 0.25983696484375 0.08495247916666666 0.184192052734375 0.05090400520833333 0.05171375 0.6357299088541667
0 0.33890892578125 0.1168794296875 0.266530005859375 0.08366643489583332 0.137248880859375 0.6675143723958333 0.212094208984375 0.693028328125 0.33890892578125 0.1168794296875
0 0.21684212890625 0.6922731015625 0.28545413671875 0.7167858125 0.409181703125 0.1488092734375 0.34554027734375 0.12047433333333334 0.21684212890625 0.6922731015625
0 0.4769288671875 0.17109219270833334 0.4115793125 0.14406780729166666 0.28602030078125 0.7231167760416667 0.3547344921875 0.746748421875 0.4769288671875 0.17109219270833334
0 0.356515728515625 0.7519796484375 0.433704208984375 0.7795564348958334 0.554380166015625 0.20607575 0.47983816015625 0.17948610416666666 0.356515728515625 0.7519796484375
0 0.632897841796875 0.23662055468749998 0.56045728515625 0.20828854427083332 0.4358175234375 0.7827629401041666 0.512886220703125 0.8099906718750001 0.632897841796875 0.23662055468749998
0 0.519698994140625 0.8090536250000001 0.544800669921875 0.8167958854166667 0.64511587890625 0.31802543489583335 0.61841866796875 0.30866990625 0.519698994140625 0.8090536250000001
0 0.6724505859375 0.3279736510416667 0.64477593359375 0.31931219791666665 0.5460563671875 0.8196959947916667 0.573730912109375 0.8283573697916666 0.6724505859375 0.3279736510416667
0 0.575446263671875 0.8289702057291667 0.627992765625 0.8465175572916667 0.72919558203125 0.3200544322916667 0.676021283203125 0.30105708593749997 0.575446263671875 0.8289702057291667
0 0.6339346328125 0.8535433671875 0.683908162109375 0.870171484375 0.78531372265625 0.33980496614583333 0.731768552734375 0.32097366666666666 0.6339346328125 0.8535433671875
0 0.8329263515625 0.3436306145833334 0.80039739453125 0.32710612760416663 0.688487896484375 0.8656788932291667 0.7228554765625 0.8730542604166667 0.8329263515625 0.3436306145833334
0 0.724172865234375 0.8710734244791666 0.752475310546875 0.8811849140625 0.85680035546875 0.3815208697916667 0.82849803515625 0.37024078125 0.724172865234375 0.8710734244791666
0 0.891504443359375 0.3952023177083333 0.85954158203125 0.3850088333333333 0.7555078359375 0.8798167552083332 0.79261662890625 0.8918487421875 0.891504443359375 0.3952023177083333
0 0.849328068359375 0.9206900598958333 0.959090583984375 0.41567126041666663 0.908550951171875 0.39271218229166666 0.79615376953125 0.9016927109375 0.849328068359375 0.9206900598958333