0 0.107864310546875 0.6418339713541666 0.15992444140625 0.6618979635416666 0.276333474609375 0.14589334635416668 0.220029939453125 0.12025626562500001 0.107864310546875 0.6418339713541666
0 0.16245774609375 0.6629954583333334 0.210591236328125 0.6838481510416666 0.328755478515625 0.1719081484375 0.275489056640625 0.1455275234375 0.16245774609375 0.6629954583333334
0 0.37671818359375 0.2205054869791667 0.324341232421875 0.19407968489583335 0.212280125 0.6845798229166666 0.265397767578125 0.7057874140624999 0.37671818359375 0.2205054869791667
0 0.26520594921875 0.708753546875 0.317540435546875 0.7276914479166666 0.434798916015625 0.24659986979166668 0.380074755859375 0.21822490885416668 0.26520594921875 0.708753546875
0 0.47444049609375 0.221759203125 0.447418154296875 0.21005241666666666 0.320369390625 0.7314069296875 0.3455734296875 0.7391525234374999 0.47444049609375 0.221759203125
0 0.5011883828125 0.23459200260416668 0.47501051171875 0.2232510625 0.34711733984375 0.7442397135416666 0.37299954296875 0.7529627447916667 0.5011883828125 0.23459200260416668
0 0.37470969140625 0.7574383958333333 0.413258591796875 0.7716489713541667 0.543253568359375 0.2566198046875 0.504587421875 0.23979930729166665 0.37470969140625 0.7574383958333333
0 0.585105537109375 0.2771716901041667 0.548519869140625 0.2625667291666667 0.418325318359375 0.7738440104166666 0.453333744140625 0.7899443958333333 0.585105537109375 0.2771716901041667
0 0.465361140625 0.7992008072916666 0.488161291015625 0.8090784296875001 0.610473388671875 0.2925866536458333 0.58654128515625 0.2827733567708333 0.465361140625 0.7992008072916666
0 0.6388757109375 0.3017112526041667 0.61749021875 0.29369140885416667 0.498864650390625 0.8149602760416667 0.521917880859375 0.8199678984375001 0.6388757109375 0.3017112526041667
0 0.525908193359375 0.8304110234375001 0.563317068359375 0.8416378880208333 0.684456310546875 0.36751978125 0.6439228515625 0.3499596223958333 0.525908193359375 0.8304110234375001
0 0.576026185546875 0.8546132760416666 0.612865056640625 0.8643482447916666 0.73920276171875 0.3921665234375 0.69824194140625 0.37224716927083334 0.576026185546875 0.8546132760416666
0 0.615355888671875 0.8579578776041666 0.6457348125 0.8673840494791666 0.7603124765625 0.46565910416666667 0.72649098046875 0.4517107760416667 0.615355888671875 0.8579578776041666
0 0.797150162109375 0.48356709895833333 0.763372259765625 0.46893362239583336 0.651075814453125 0.8684530442708334 0.679580576171875 0.8770077343749999 0.797150162109375 0.48356709895833333
0 0.6820459609375 0.8831149947916667 0.7113272578125 0.8970453749999999 0.833081453125 0.49992271875 0.800253537109375 0.48615647395833333 0.6820459609375 0.8831149947916667
0 0.716457599609375 0.9104722083333333 0.7401021640625 0.9207156562500001 0.8857091796875 0.45346290104166664 0.859805767578125 0.44099595052083335 0.716457599609375 0.9104722083333333
0 0.911612705078125 0.4659298984375 0.889931486328125 0.45529211458333335 0.744324359375 0.9225448203125 0.76574782421875 0.9321358385416666 0.911612705078125 0.4659298984375