0 0.40629003125 0 0.772681826171875 0.09019334375 0.778981515625 0.05026614322916667 0.6828356953125 0.026177622395833332 0.522935978515625 0 0.40629003125 0
0 0.361393640625 0 0.35769661328125 0.040146486979166666 0.7662504140625 0.13088722395833333 0.77235719921875 0.093718515625 0.37579223046875 0 0.361393640625 0
0 0.35197558203125 0.043980921875 0.35016744140625 0.08304609114583333 0.792537876953125 0.17574472656249998 0.801293453125 0.13918990625 0.35197558203125 0.043980921875
0 0.788069935546875 0.20483237760416664 0.788904203125 0.17634264583333334 0.349626396484375 0.08892135416666667 0.347040662109375 0.12516857552083333 0.788069935546875 0.20483237760416664
0 0.342530056640625 0.12712078125 0.3415875859375 0.156785515625 0.784256169921875 0.23872590364583335 0.78697215234375 0.20703817447916664 0.342530056640625 0.12712078125
0 0.78157744140625 0.2753352083333333 0.783509490234375 0.2446396796875 0.338402412109375 0.16222790104166665 0.33637978515625 0.19819937239583332 0.78157744140625 0.2753352083333333
0 0.33758387890625 0.20026228385416667 0.331693494140625 0.23508090104166668 0.7769791953125 0.3070632421875 0.78146923046875 0.2765102916666667 0.33758387890625 0.20026228385416667
0 0.331368875 0.23860599739583332 0.3281540859375 0.29294679687499997 0.730491146484375 0.35404346354166666 0.73437094921875 0.3021970520833333 0.331368875 0.23860599739583332
0 0.72045746484375 0.4144245625 0.7265328359375 0.35816647656249995 0.3282779609375 0.3013164348958333 0.324768046875 0.35634551822916666 0.72045746484375 0.4144245625
0 0.758078814453125 0.4527882057291666 0.76100043359375 0.42106196354166664 0.317022572265625 0.3555336848958333 0.315755474609375 0.38872359375 0.758078814453125 0.4527882057291666
0 0.312570361328125 0.39416598697916666 0.3115196796875 0.42500580989583336 0.75395119140625 0.48789540885416666 0.7578623984375 0.4551382942708333 0.312570361328125 0.39416598697916666
0 0.31306599609375 0.4276444791666667 0.30940258203125 0.47714079687500005 0.70744972265625 0.5278799114583334 0.713083603515625 0.48478310416666665 0.31306599609375 0.4276444791666667
0 0.704210517578125 0.5811370755208333 0.7084306484375 0.5353101380208333 0.305336080078125 0.4824388151041667 0.303004599609375 0.5285720390625 0.704210517578125 0.5811370755208333
0 0.297822625 0.5348832291666666 0.292380814453125 0.5745462421875 0.700206810546875 0.6246138437500001 0.7047672578125 0.5848065390625 0.297822625 0.5348832291666666
0 0.695321736328125 0.6679463203124999 0.6995575546875 0.6316641901041666 0.29040161328125 0.5766076614583333 0.2886199609375 0.6206711354166666 0.695321736328125 0.6679463203124999
0 0.688008958984375 0.7084959114583333 0.692909734375 0.6747080833333333 0.286181482421875 0.6224345989583333 0.283604236328125 0.664453296875 0.688008958984375 0.7084959114583333
0 0.283832365234375 0.6673749609374999 0.280586103515625 0.7026265364583333 0.699421357421875 0.7497254531249999 0.70410573828125 0.7182876380208333 0.283832365234375 0.6673749609374999
0 0.27398367578125 0.7063166744791666 0.27129413671875 0.7452375494791666 0.70004091796875 0.7915735104166667 0.70427673828125 0.7552913802083333 0.27398367578125 0.7063166744791666
0 0.264491033203125 0.7608223489583333 0.260611263671875 0.8126687630208332 0.735297388671875 0.8653330208333333 0.7407501796875 0.8180056197916666 0.264491033203125 0.7608223489583333
0 0.729098103515625 0.9132213854166666 0.734199599609375 0.8675387395833334 0.25686931640625 0.8144417578125 0.25558339453125 0.8618926380208333 0.729098103515625 0.9132213854166666
0 0.2612465 0.864061625 0.25790770703125 0.9100328463541666 0.67507941796875 0.9541829973958333 0.68206092578125 0.9090991171875 0.2612465 0.864061625
0 0.668322068359375 1 0.672336173828125 0.9564103151041666 0.257583078125 0.9135580182291667 0.253101521484375 0.9633344843749999 0.428865009765625 0.9921092083333334 0.519680765625 1 0.668322068359375 1