0 0.041429666015625 0.7588774114583333 0.085639986328125 0.7647706562500001 0.110284109375 0.19070880729166664 0.0598581640625 0.17893191145833334 0.041429666015625 0.7588774114583333
0 0.101219572265625 0.7700813098958333 0.145429892578125 0.7759745546875 0.1658268828125 0.2027337916666667 0.116191796875 0.19420706770833332 0.101219572265625 0.7700813098958333
0 0.203694658203125 0.25723321614583333 0.170159107421875 0.2521446822916667 0.15234044921875 0.7784651614583334 0.18348541796875 0.7807144609375 0.203694658203125 0.25723321614583333
0 0.184364650390625 0.78087921875 0.2357326953125 0.7869181562500001 0.26634347265625 0.2689050416666667 0.20721176171875 0.25789227864583336 0.184364650390625 0.78087921875
0 0.324043958984375 0.8082490729166666 0.324785470703125 0.8012142447916667 0.370313083984375 0.250195640625 0.276602673828125 0.22904858854166665 0.237629005859375 0.7944471953125 0.28762343359375 0.8050111145833333 0.324043958984375 0.8082490729166666
0 0.3273138359375 0.8112530364583334 0.34213771875 0.8152264270833333 0.38668216015625 0.29671455989583334 0.371263267578125 0.2922203723958333 0.3273138359375 0.8112530364583334
0 0.411723517578125 0.308171484375 0.38710416015625 0.3035581171875 0.34414340625 0.8132110390624999 0.387983033203125 0.8226217031249999 0.437345755859375 0.31177711979166667 0.411723517578125 0.308171484375
0 0.38873868359375 0.8239588776041668 0.442497314453125 0.8328370130208333 0.497214349609375 0.3240013385416667 0.43634287890625 0.31278485156249997 0.38873868359375 0.8239588776041668
0 0.44700303515625 0.8241163229166667 0.4722545078125 0.8312394531249999 0.526257470703125 0.3478519791666667 0.49867541796875 0.342399484375 0.44700303515625 0.8241163229166667
0 0.55494822265625 0.3529443203125 0.527691109375 0.3478366692708333 0.474136677734375 0.8303964921875 0.499043810546875 0.8305728229166666 0.55494822265625 0.3529443203125
0 0.501408048828125 0.8438761640625 0.56056583203125 0.8525703802083333 0.632951525390625 0.2934327760416667 0.572686755859375 0.28160411979166666 0.501408048828125 0.8438761640625
0 0.56483852734375 0.8545666067708333 0.62286991015625 0.8654409791666667 0.701169646484375 0.306995125 0.63734780078125 0.2942565833333333 0.56483852734375 0.8545666067708333
0 0.725991267578125 0.36347453125 0.697854923828125 0.3582021223958333 0.62826911328125 0.8652571484374999 0.6554026484375 0.8715372161458333 0.725991267578125 0.36347453125
0 0.658919689453125 0.872196265625 0.68441833984375 0.8769744036458333 0.759966802734375 0.3666635390625 0.728752662109375 0.36279636458333336 0.658919689453125 0.872196265625
0 0.84107556640625 0.326454578125 0.777136498046875 0.3120819270833333 0.69044960546875 0.8793002421875 0.750222919921875 0.8894746354166667 0.84107556640625 0.326454578125
0 0.91544218359375 0.34397682291666665 0.850871048828125 0.32709451562499997 0.75400378125 0.8888182890624999 0.818188849609375 0.8995808619791666 0.91544218359375 0.34397682291666665
0 0.82786191796875 0.9026584010416667 0.88526112109375 0.9110230755208333 0.987541859375 0.35748741927083333 0.925237666015625 0.34461675781249995 0.82786191796875 0.9026584010416667