0 0.657769556640625 1 0.65993665625 0.9378164348958333 0.2215639296875 0.8989994427083333 0.21703809765625 0.9620435390625 0.59878642578125 1 0.657769556640625 1
0 0.233643509765625 0.8242905234375 0.23046829296875 0.8972332630208334 0.659962482421875 0.9358436171875 0.66109578125 0.8619161614583333 0.233643509765625 0.8242905234375
0 0.659696591796875 0.8430866354166667 0.66121124609375 0.7839192239583334 0.2264217109375 0.7540659635416667 0.221259298828125 0.8092016484375 0.659696591796875 0.8430866354166667
0 0.6612887265625 0.7780007838541666 0.662816341796875 0.7178469973958334 0.22871500390625 0.6919565833333333 0.224318306640625 0.7451366744791666 0.6612887265625 0.7780007838541666
0 0.665393728515625 0.6340365911458333 0.659496720703125 0.5756833567708334 0.233460376953125 0.6121434661458333 0.230530515625 0.6663443671875 0.665393728515625 0.6340365911458333
0 0.664856658203125 0.5619941927083333 0.660374830078125 0.5086075338541667 0.240192943359375 0.5501374010416666 0.237980880859375 0.603550078125 0.664856658203125 0.5619941927083333
0 0.6663583984375 0.5038131536458333 0.66071965625 0.42573184375 0.224987455078125 0.4678864765625 0.222559484375 0.5380770859375 0.6663583984375 0.5038131536458333
0 0.66675492578125 0.4169918359375 0.664751017578125 0.34392862760416665 0.22829180859375 0.38507966145833333 0.22364975390625 0.4570015234375 0.66675492578125 0.4169918359375
0 0.25870044921875 0.32362462239583334 0.25371882421875 0.36495060937499996 0.669241919921875 0.34008631510416665 0.664055146484375 0.2274805859375 0.261707791015625 0.26350534114583335 0.2607096484375 0.28321626562499996 0.259049109375 0.29699159635416666 0.25870044921875 0.32362462239583334
0 0.26330905078125 0.14119045052083332 0.260405015625 0.19341847395833334 0.25941977734375 0.2121430234375 0.25834073046875 0.2296179375 0.66931177734375 0.2216826119791667 0.670525634765625 0.12896013541666665 0.26330905078125 0.14119045052083332
0 0.232746927734375 0.04476815104166667 0.233112326171875 0.07339127864583334 0.2336197578125 0.09116389062500001 0.231610548828125 0.13157224739583334 0.6714462734375 0.11516758854166666 0.671739494140625 0.03623752864583333 0.232746927734375 0.04476815104166667