0 0.584024724609375 1 0.279927388671875 0.9156416197916667 0.2777131484375 0.9261363958333333 0.271540509765625 0.9478174348958334 0.27074730859375 0.9538153932291666 0.467191748046875 1 0.584024724609375 1
0 0.756639697265625 1 0.759652650390625 0.9810602838541667 0.28680132421875 0.8511655885416666 0.278251421875 0.9095688020833333 0.59872500390625 1 0.756639697265625 1
0 0.766526587890625 0.9165842526041666 0.767515548828125 0.9091060130208333 0.295655734375 0.7904597786458334 0.286447705078125 0.8475908828125 0.758897455078125 0.9742735234375001 0.760122734375 0.971256984375 0.766526587890625 0.9165842526041666
0 0.76902338671875 0.9039528333333333 0.77750019921875 0.8398536432291667 0.30578166796875 0.7201390885416666 0.296927255859375 0.7808449010416667 0.76902338671875 0.9039528333333333
0 0.77764148046875 0.8387853229166667 0.78800373046875 0.7729263333333334 0.314823599609375 0.6517666197916666 0.306233796875 0.7167202135416666 0.77764148046875 0.8387853229166667
0 0.7970456640625 0.7045538645833332 0.321037376953125 0.5860338489583333 0.31703273828125 0.6038184427083334 0.31061065625 0.6461316770833333 0.788851412109375 0.7665164140625 0.79723573828125 0.7156139036458334 0.7970456640625 0.7045538645833332
0 0.803732076171875 0.6477444921875 0.803118162109375 0.6398894114583333 0.33111706640625 0.5223114973958333 0.329609228515625 0.5274646770833333 0.324615625 0.5527275130208333 0.321493888671875 0.5825818489583333 0.79600790625 0.6999037447916666 0.803732076171875 0.6477444921875
0 0.812871599609375 0.6036287395833334 0.813010328125 0.5838337239583333 0.403097603515625 0.48415755468750005 0.39570223828125 0.5275818255208333 0.810564873046875 0.6273201979166666 0.8112712734375 0.6219785989583334 0.812871599609375 0.6036287395833334
0 0.814846970703125 0.5699455651041666 0.816542333984375 0.5571257265625 0.8182376953125 0.5443058880208334 0.81884905859375 0.5334342682291667 0.41025665234375 0.43627158072916666 0.404642037109375 0.47872766145833334 0.810888572265625 0.5811318229166667 0.814846970703125 0.5699455651041666
0 0.417980822265625 0.3841123307291667 0.4118026640625 0.43082976562499997 0.819555458984375 0.5280926692708333 0.8245953046875 0.49623149479166667 0.82445147265625 0.4785731171875 0.417980822265625 0.3841123307291667
0 0.4246209921875 0.333901296875 0.418969783203125 0.37663408854166663 0.825157873046875 0.473231515625 0.82911371875 0.4433185625 0.82991260546875 0.4247802838541667 0.4246209921875 0.333901296875
0 0.838060615234375 0.36941607552083333 0.83980221875 0.34999789583333335 0.37680702734375 0.24555264583333333 0.367382716796875 0.3168165286458333 0.83184428515625 0.4164221458333333 0.83400973046875 0.39379901041666665 0.838060615234375 0.36941607552083333
0 0.84081280078125 0.3423561770833334 0.848110576171875 0.27467518750000003 0.38850866015625 0.16331695833333335 0.378546623046875 0.23239833072916669 0.84081280078125 0.3423561770833334
0 0.85738627734375 0.19203771614583331 0.399387236328125 0.08105632812500001 0.39161682421875 0.13981391927083334 0.392256158203125 0.14747680729166665 0.84994721875 0.2607870286458333 0.856587388671875 0.21057599479166667 0.85738627734375 0.19203771614583331
0 0.844987099609375 0.18581803125 0.844843265625 0.16815965104166666 0.468449685546875 0.07746545833333333 0.466075544921875 0.09541801041666666 0.844987099609375 0.18581803125
0 0.86124453125 0.13786804427083335 0.86392885546875 0.11756996614583333 0.4624081171875 0.02317138020833333 0.4588102734375 0.04412854947916667 0.86124453125 0.13786804427083335
0 0.46349678125 0 0.4613055390625 0.012762750000000002 0.86680325390625 0.1083319296875 0.86816726171875 0.08552036979166666 0.50013366015625 0 0.46349678125 0