0 0.460585908203125 0 0.201242060546875 0.07350031510416667 0.146088701171875 0.09995017447916667 0.148043654296875 0.12360254947916667 0.15787028515625 0.15107565625 0.494717990234375 0 0.460585908203125 0
0 0.49628222265625 0 0.15755554296875 0.154795765625 0.1655693046875 0.19367554427083333 0.514722251953125 0.038388270833333335 0.50708191796875 0 0.49628222265625 0
0 0.521633962890625 0.08671208072916665 0.51375036328125 0.042954140625 0.164570564453125 0.1987998671875 0.172900068359375 0.23643278906249998 0.521633962890625 0.08671208072916665
0 0.539071978515625 0.12776221354166667 0.53375732421875 0.08890281770833335 0.174875294921875 0.24066127864583334 0.177014861328125 0.26547169010416666 0.179544865234375 0.2756475625 0.539071978515625 0.12776221354166667
0 0.184072396484375 0.27557469791666667 0.180337765625 0.28631574479166666 0.184344611328125 0.30575560416666664 0.188354138671875 0.31458567708333335 0.54466459765625 0.16853844270833332 0.538572609375 0.13032437239583333 0.184072396484375 0.27557469791666667
0 0.190751388671875 0.34024946875 0.194150001953125 0.35017916666666665 0.543547591796875 0.21847814322916667 0.5359030546875 0.1819144375 0.18761309375 0.320563453125 0.190751388671875 0.34024946875
0 0.19433461328125 0.351337203125 0.201479751953125 0.39046307812500003 0.5522997734375 0.2619899192708333 0.545469365234375 0.21914385416666668 0.19433461328125 0.351337203125
0 0.200665623046875 0.3967454348958333 0.206573 0.4338014713541667 0.5605525859375 0.30806385416666665 0.552668984375 0.2643059140625 0.200665623046875 0.3967454348958333
0 0.20257805078125 0.45429883072916666 0.206844388671875 0.47441078645833334 0.54921848046875 0.3451650052083333 0.541443783203125 0.31347945572916663 0.200178177734375 0.4392448098958333 0.20257805078125 0.45429883072916666
0 0.573974380859375 0.3865618203125 0.564668361328125 0.3395760963541667 0.20906053515625 0.47787834375 0.21602107421875 0.5158462578124999 0.573974380859375 0.3865618203125
0 0.58433356640625 0.43445942708333335 0.574343591796875 0.3888778151041667 0.21570634375 0.5195664453125001 0.22371973046875 0.561479078125 0.58433356640625 0.43445942708333335
0 0.219746373046875 0.5619929713541666 0.2286074453125 0.6175770598958333 0.611673951171875 0.4920682994791667 0.601401755859375 0.4318107552083333 0.219746373046875 0.5619929713541666
0 0.62301060546875 0.5517920520833334 0.61235791015625 0.4906640208333333 0.227239505859375 0.6203854609375 0.239330591796875 0.6781915364583333 0.62301060546875 0.5517920520833334
0 0.236838998046875 0.6806015442708334 0.243669408203125 0.723447609375 0.63092547265625 0.6044829557291667 0.6228804453125 0.5566702109375 0.236838998046875 0.6806015442708334
0 0.6403090859375 0.6546080364583333 0.631187697265625 0.608780265625 0.242616197265625 0.7225358203125 0.2518358984375 0.7691606796875 0.6403090859375 0.6546080364583333
0 0.251422861328125 0.77208378125 0.25978451953125 0.8302299583333334 0.6724704765625 0.7253744036458333 0.66107710546875 0.6558404869791666 0.251422861328125 0.77208378125
0 0.68981152734375 0.7942894374999999 0.6761293984375 0.7255477083333334 0.26052294140625 0.834861953125 0.271360265625 0.8971479375000001 0.68981152734375 0.7942894374999999
0 0.2741080625 0.9314685130208334 0.279306103515625 0.9477395546874999 0.662745919921875 0.863686453125 0.65343990234375 0.8167005651041667 0.270730748046875 0.9045883359375 0.2741080625 0.9314685130208334
0 0.28314183984375 0.9482733385416666 0.2889190390625 0.9902076145833334 0.670102552734375 0.9128612630208334 0.662246537109375 0.8662485364583333 0.28314183984375 0.9482733385416666
0 0.539414087890625 1 0.67845352734375 0.9605950078125001 0.67339858984375 0.9248143307291666 0.288104921875 0.9964900520833333 0.288182783203125 1 0.539414087890625 1