0 0.21833076953125 0.9388527786458334 0.254103931640625 0.9282387942708333 0.12260825 0.283745234375 0.081770923828125 0.29334619791666666 0.21833076953125 0.9388527786458334
0 0.258770056640625 0.92603996875 0.293883294921875 0.9166829453125 0.173462296875 0.2872146302083333 0.13277840625 0.29788133072916667 0.258770056640625 0.92603996875
0 0.297370884765625 0.9180666197916666 0.306985763671875 0.9158061354166667 0.18223064453125 0.259811578125 0.173465962890625 0.2618721770833333 0.297370884765625 0.9180666197916666
0 0.310473353515625 0.9171898125000001 0.318863046875 0.9119119479166667 0.191044283203125 0.25773946875000003 0.18548754296875 0.2590458723958333 0.310473353515625 0.9171898125000001
0 0.32060684375 0.9126037838541667 0.331541568359375 0.9078293854166667 0.206927765625 0.25290341145833334 0.194963490234375 0.2557162421875 0.32060684375 0.9126037838541667
0 0.263766423828125 0.27039112760416667 0.215891841796875 0.282748375 0.33512382421875 0.9036817630208334 0.375044501953125 0.8931944973958333 0.380511865234375 0.8908072994791666 0.263766423828125 0.27039112760416667
0 0.313163388671875 0.2191126692708333 0.300202234375 0.22105805989583335 0.28177371875 0.22539065364583333 0.273242708984375 0.22959993229166667 0.263321947265625 0.23523775520833334 0.3839528046875 0.8855910911458333 0.38744039453125 0.8869747656250001 0.39347301953125 0.8888619036458333 0.403229212890625 0.8876700052083333 0.414305255859375 0.8839641901041667 0.423496189453125 0.878497953125 0.433488361328125 0.8728433411458334 0.31971462109375 0.21867426302083334 0.313163388671875 0.2191126692708333
0 0.45149293359375 0.8653049921874999 0.352983962890625 0.2890809505208333 0.34751659765625 0.29146814843749996 0.3379892265625 0.2937080598958333 0.438013169921875 0.8695759296875 0.444281775390625 0.8670003567708333 0.45149293359375 0.8653049921874999
0 0.45418064453125 0.8481459791666667 0.463418228515625 0.849279625 0.473975662109375 0.8478993541666666 0.487031478515625 0.8404226614583333 0.3837177890625 0.22786673437500002 0.376506630859375 0.22956209635416666 0.359680591796875 0.23351794270833334 0.34817762109375 0.23952774739583335 0.45418064453125 0.8481459791666667
0 0.405865794921875 0.27664829166666666 0.3940899296875 0.28051863541666666 0.48783271875 0.8402342890625 0.491980234375 0.8403610052083333 0.500133947265625 0.8395458541666666 0.509890140625 0.8383539557291666 0.518703779296875 0.8362818463541667 0.526952158203125 0.8299353984375001 0.43456911328125 0.2687982578125 0.421890591796875 0.2728808203125 0.405865794921875 0.27664829166666666
0 0.484723384765625 0.17326941666666665 0.474165953125 0.17464969010416667 0.455077509765625 0.18023923958333332 0.438110158203125 0.18312650260416666 0.42519565625 0.19167177604166666 0.43694366796875 0.2671381822916667 0.530815681640625 0.8466560052083333 0.535764435546875 0.8465943489583333 0.542456986328125 0.8472245286458334 0.5522131796875 0.8460326328125 0.5634305390625 0.8433954010416667 0.57035906640625 0.8395628697916666 0.577570224609375 0.8378675078125001 0.5834148828125 0.8320861796875 0.484723384765625 0.17326941666666665
0 0.584734732421875 0.8295722630208333 0.61518184765625 0.8224140651041667 0.535523978515625 0.26379424218749997 0.505487939453125 0.2730594140625 0.584734732421875 0.8295722630208333
0 0.558056080078125 0.215526359375 0.531892873046875 0.22277920833333334 0.612638173828125 0.8031795390625001 0.62442079296875 0.8048166458333333 0.634176986328125 0.8036247473958333 0.64539434375 0.8009875182291667 0.65312411328125 0.7969666119791667 0.659911326171875 0.7920654947916667 0.5795482421875 0.20937168750000001 0.573138322265625 0.21087867708333333 0.558056080078125 0.215526359375
0 0.5988726640625 0.19931942187499999 0.591011560546875 0.2011675885416667 0.674473599609375 0.8084744192708334 0.68281528125 0.8153277317708333 0.7459719140625 0.7993776328125 0.75370168359375 0.7953567265625 0.760630212890625 0.7915241953125 0.7673707734375 0.7800231979166666 0.7048723046875 0.16999139583333334 0.61235242578125 0.19504848697916666 0.5988726640625 0.19931942187499999
0 0.777268283203125 0.7798998828125 0.7816984296875 0.7821637682291667 0.79654469140625 0.7819787968749999 0.810024455078125 0.777707859375 0.821760421875 0.7727450885416666 0.83189391015625 0.7681590625 0.778681037109375 0.14712972395833332 0.714622830078125 0.16108816927083333 0.777268283203125 0.7798998828125