0 0.543164701171875 0 0.267535212890625 0.050351541666666666 0.269886541015625 0.08825207812500001 0.73591292578125 0.0031153489583333333 0.735792736328125 0 0.543164701171875 0
0 0.67409358203125 0.0793317578125 0.669247994140625 0.025564328124999997 0.671655548828125 0.025015546875 0.2734365 0.09854147135416667 0.279677484375 0.14995413020833334 0.67409358203125 0.0793317578125
0 0.676544880859375 0.12597725260416667 0.671913951171875 0.08204288020833334 0.27885833984375 0.157775859375 0.28498608984375 0.20811427604166666 0.675725736328125 0.13379898177083333 0.676544880859375 0.12597725260416667
0 0.28104338671875 0.22528501302083334 0.286478486328125 0.2768486848958333 0.721794640625 0.18103476041666666 0.71603274609375 0.1263707421875 0.28104338671875 0.22528501302083334
0 0.7624488359375 0.23147611197916665 0.76156951171875 0.20754073697916667 0.758612234375 0.18728113020833334 0.755882546875 0.17697723177083333 0.279918197265625 0.27698254166666664 0.277134330078125 0.28955427864583333 0.277447498046875 0.30811844010416667 0.28132388671875 0.3293012786458333 0.283941470703125 0.34633815625000003 0.287038505859375 0.35233057812499996 0.764247271484375 0.25633471874999997 0.763681115234375 0.25096350260416667 0.7624488359375 0.23147611197916665
0 0.804748443359375 0.32871397135416663 0.80108166796875 0.26274050781249997 0.283561986328125 0.3661275703125 0.285460390625 0.39973113541666666 0.289563244140625 0.4230624609375 0.804748443359375 0.32871397135416663
0 0.289323517578125 0.42858468749999995 0.294632125 0.48674483333333335 0.807612876953125 0.4026685833333334 0.80394801171875 0.3367132369791667 0.289323517578125 0.42858468749999995
0 0.8128684296875 0.4915115885416667 0.809445453125 0.4200545286458333 0.80792604296875 0.4212327421875 0.292880603515625 0.5013140442708334 0.302205357421875 0.5663898411458334 0.8128684296875 0.4915115885416667
0 0.719159630859375 0.5068805520833334 0.32626859375 0.5607852239583333 0.32670825390625 0.5727529140625 0.329439068359375 0.5908640338541666 0.336212556640625 0.6005493776041667 0.722316841796875 0.5446300755208333 0.722583095703125 0.5237664166666667 0.720907328125 0.507868140625 0.719159630859375 0.5068805520833334
0 0.717049013671875 0.5960084244791667 0.71392883203125 0.5508136796875 0.712519763671875 0.5530386953125 0.326302244140625 0.6078837578125 0.330252076171875 0.653152984375 0.717049013671875 0.5960084244791667
0 0.3285872578125 0.6841378697916666 0.3315180078125 0.71973890625 0.3348282421875 0.7355505286458334 0.743936892578125 0.6873705625 0.742291474609375 0.6405740546875 0.73822728515625 0.6098129635416667 0.329659392578125 0.6631231979166666 0.3285872578125 0.6841378697916666
0 0.337232625 0.7427682057291666 0.336273720703125 0.7648571197916666 0.340476541015625 0.7969334036458333 0.34320735546875 0.8150445260416667 0.745176298828125 0.7692979166666666 0.741307080078125 0.6936072916666666 0.742891283203125 0.6930438046875 0.337232625 0.7427682057291666
0 0.344692625 0.8213389713541667 0.350567388671875 0.8848703333333333 0.763678923828125 0.851276734375 0.7588796875 0.7823559739583333 0.344692625 0.8213389713541667
0 0.657842099609375 0.8919230260416667 0.65593043359375 0.8659901770833334 0.65431866796875 0.866292203125 0.352052658203125 0.89116478125 0.35351140234375 0.91280065625 0.657842099609375 0.8919230260416667
0 0.35591578515625 0.9200183333333333 0.356908341796875 0.945027953125 0.66159199609375 0.9197023385416667 0.660165671875 0.8983740182291666 0.35591578515625 0.9200183333333333
0 0.66339043359375 0.9445609427083334 0.661498650390625 0.9266132916666666 0.66273757421875 0.9227740546875 0.35874656640625 0.9468744114583334 0.360092078125 0.9674360468750001 0.66339043359375 0.9445609427083334
0 0.360884697265625 0.9749557473958333 0.363728744140625 0.9941411145833333 0.664722681640625 0.9727932916666666 0.663184474609375 0.950403515625 0.360884697265625 0.9749557473958333
0 0.52622255078125 1 0.650931076171875 0.9766311458333333 0.445119455078125 1 0.52622255078125 1