0 0.022248923828125 0.8308267942708333 0.063960048828125 0.8340223385416666 0.10237875 0.2811323984375 0.0571074296875 0.268285375 0.022248923828125 0.8308267942708333
0 0.065562529296875 0.8343990859375 0.104869935546875 0.8370295104166666 0.147530814453125 0.2895441510416667 0.10572502734375 0.28081730989583337 0.065562529296875 0.8343990859375
0 0.106425763671875 0.844006140625 0.1187269921875 0.8446945755208333 0.1527223515625 0.3877238359375 0.140185142578125 0.38257268489583335 0.106425763671875 0.844006140625
0 0.120470787109375 0.8440027369791667 0.13357325390625 0.844879546875 0.1658248203125 0.388600640625 0.15461008984375 0.3870658385416667 0.120470787109375 0.8440027369791667
0 0.1349397578125 0.8407935807291667 0.14978601953125 0.8409785520833334 0.19376675 0.29600710677083336 0.17788848046875 0.2922740859375 0.1349397578125 0.8407935807291667
0 0.1523310546875 0.8404750885416666 0.1654335234375 0.8413518958333334 0.206586587890625 0.2990210859375 0.1953788125 0.2974879166666667 0.1523310546875 0.8404750885416666
0 0.166848037109375 0.849397109375 0.192393048828125 0.8498937682291667 0.23665776953125 0.32151621874999997 0.207530501953125 0.31687193750000003 0.166848037109375 0.849397109375
0 0.19814304296875 0.8501437994791666 0.22392403515625 0.8551031692708334 0.266963568359375 0.329743 0.239601208984375 0.32551365364583335 0.19814304296875 0.8501437994791666
0 0.224914603515625 0.8663541380208333 0.24857450390625 0.86861121875 0.30678278125 0.24104365625000002 0.276053037109375 0.23602262760416667 0.224914603515625 0.8663541380208333
0 0.249329091796875 0.8753994739583333 0.275534029296875 0.8771530911458334 0.3348261796875 0.24763673177083334 0.307901474609375 0.24020485416666668 0.249329091796875 0.8753994739583333
0 0.289673716796875 0.8826809869791666 0.2973088203125 0.88117059375 0.30183362890625 0.8844380052083333 0.311353845703125 0.8811671927083333 0.377715837890625 0.25441477864583334 0.3394402109375 0.245416078125 0.2757700078125 0.8816158046874999 0.289673716796875 0.8826809869791666
0 0.33218608203125 0.88606490625 0.34571249609375 0.8837359583333333 0.41641133203125 0.26791942708333333 0.380691072265625 0.25841969010416665 0.31389887890625 0.8806637265625 0.326436087890625 0.8858148723958333 0.33218608203125 0.88606490625
0 0.346749716796875 0.8883870442708334 0.380307126953125 0.8907674401041666 0.453928291015625 0.2778415703125 0.41821737109375 0.26834403125 0.346749716796875 0.8883870442708334
0 0.386011830078125 0.9163484140625 0.423198146484375 0.9162765494791666 0.49729398828125 0.3497382317708333 0.456645841796875 0.3401817447916667 0.386011830078125 0.9163484140625
0 0.42734430078125 0.8974187708333333 0.45863930859375 0.8981654583333333 0.5317473046875 0.357838296875 0.501300189453125 0.35068009895833335 0.42734430078125 0.8974187708333333
0 0.631357943359375 0.3052322421875 0.629519484375 0.30039278125 0.619103365234375 0.2979439244791667 0.600156240234375 0.29128578906249997 0.585733919921875 0.2878950625 0.567965330078125 0.28481942708333335 0.55417734765625 0.28378145572916663 0.4657368671875 0.9141576223958333 0.47126011328125 0.9234442630208334 0.480168076171875 0.9263649036458333 0.486899748046875 0.9290493463541667 0.498399736328125 0.92954940625 0.510041041015625 0.9289808828125 0.51824140625 0.9231961536458333 0.526300458984375 0.9184800078125 0.631357943359375 0.3052322421875
0 0.66972279296875 0.308742875 0.644884357421875 0.30290329427083335 0.63432120703125 0.3026234869791667 0.530966580078125 0.9206788307291666 0.535208759765625 0.9260834140625 0.548264578125 0.9335601041666667 0.56268689453125 0.9369508307291667 0.578475712890625 0.9362555885416667 0.58681739453125 0.9294022734374999 0.703752162109375 0.32004869531249996 0.691214955078125 0.31489754947916665 0.66972279296875 0.308742875
0 0.59317930078125 0.9187780807291667 0.6284805078125 0.9204666380208333 0.722895419921875 0.4314247395833333 0.6852475234375 0.4236754296875 0.59317930078125 0.9187780807291667
0 0.634325166015625 0.9262479661458333 0.66962637109375 0.9279365234375 0.767764853515625 0.4419736640625 0.73026940234375 0.4331583828125 0.634325166015625 0.9262479661458333
0 0.672266072265625 0.9329643567708333 0.705304873046875 0.9330192083333334 0.8091466953125 0.45390626041666665 0.772321701171875 0.44635041406250003 0.672266072265625 0.9329643567708333
0 0.708321865234375 0.9414411692708334 0.7430578125 0.9474040651041666 0.8505285390625 0.465838859375 0.8162165390625 0.4566702083333333 0.708321865234375 0.9414411692708334
0 0.74682803125 0.9438832213541667 0.760449109375 0.9470855729166666 0.872299248046875 0.41366317187499996 0.862024447265625 0.41014572916666664 0.74682803125 0.9438832213541667
0 0.759930498046875 0.9447600260416666 0.78971769140625 0.9506612682291666 0.903830234375 0.41887257552083335 0.875984041015625 0.4123258619791667 0.759930498046875 0.9447600260416666
0 0.79678753515625 0.9534252135416666 0.806402412109375 0.9556856979166667 0.929564576171875 0.43043182812499997 0.91935658984375 0.4280319036458333 0.79678753515625 0.9534252135416666
0 0.807203654296875 0.9558740703124999 0.83340858984375 0.9576276875 0.959870375 0.438658609375 0.930365814453125 0.43062020052083333 0.807203654296875 0.9558740703124999