0 0.5493696875 1 0.781591947265625 0.9170349765625 0.7781349140625 0.9002556458333334 0.469751955078125 1 0.5493696875 1
0 0.44902325390625 1 0.778449455078125 0.8956816145833333 0.764324451171875 0.834543734375 0.34389758203125 0.9731647343750001 0.349566201171875 1 0.44902325390625 1
0 0.37131237109375 0.9099947630208334 0.382051775390625 0.9588602135416666 0.765580294921875 0.8316438046875 0.755757203125 0.7788409088541667 0.37131237109375 0.9099947630208334
0 0.7564948359375 0.7772848463541666 0.747011291015625 0.7255193750000001 0.3606505625 0.8552941562499999 0.37108255859375 0.9088511927083333 0.7564948359375 0.7772848463541666
0 0.351885638671875 0.8041768515625001 0.36222692578125 0.8556357994791667 0.746321880859375 0.7220888255208333 0.734963734375 0.6703403359375 0.351885638671875 0.8041768515625001
0 0.7363786640625 0.6680363151041666 0.727354744140625 0.6185579791666667 0.341120859375 0.7530821614583334 0.351027896484375 0.8044832942708333 0.7363786640625 0.6680363151041666
0 0.30069371875 0.741574046875 0.305917765625 0.7629947135416667 0.72752301953125 0.6148209270833334 0.720751818359375 0.5902760703125 0.30069371875 0.741574046875
0 0.298211171875 0.7154970052083334 0.301489935546875 0.7363869791666667 0.7209816328125 0.5914196380208333 0.714928525390625 0.5656129114583334 0.298211171875 0.7154970052083334
0 0.71695191796875 0.5622184114583334 0.705982728515625 0.5122093828125 0.28436518359375 0.6668657604166667 0.292605166015625 0.7150485781249999 0.71695191796875 0.5622184114583334
0 0.70483369140625 0.5064916953124999 0.695078341796875 0.45677533593749997 0.273239927734375 0.6141112213541667 0.2781888359375 0.6478865 0.282034048828125 0.6624459817708334 0.70483369140625 0.5064916953124999
0 0.69729537109375 0.455257015625 0.687643478515625 0.4072285416666667 0.303257490234375 0.5495788880208333 0.311607984375 0.5991779609375 0.69729537109375 0.455257015625
0 0.29853813671875 0.5021196015625 0.305555349609375 0.546186828125 0.687811810546875 0.40349146874999997 0.67730219140625 0.35576959635416666 0.29853813671875 0.5021196015625
0 0.6724924296875 0.3501340859375 0.664802005859375 0.3210151145833333 0.2983989765625 0.47397975520833335 0.30454224609375 0.49997453906249995 0.6724924296875 0.3501340859375
0 0.275298548828125 0.41849974739583334 0.289362072265625 0.4747571484375 0.667129236328125 0.3005735729166667 0.650408791015625 0.23952748437500002 0.275298548828125 0.41849974739583334
0 0.652696767578125 0.21503283072916668 0.64506780859375 0.19079442187499998 0.242167494140625 0.40459795312499997 0.247914314453125 0.42511340364583333 0.652696767578125 0.21503283072916668
0 0.2364838515625 0.3808903046875 0.241937697265625 0.4034544609375 0.644776513671875 0.18477021354166667 0.63777545703125 0.15908188802083334 0.2364838515625 0.3808903046875
0 0.639659244140625 0.15473194010416666 0.628644716796875 0.11822109635416667 0.229696435546875 0.3379665677083334 0.2389955078125 0.37509028645833337 0.639659244140625 0.15473194010416666
0 0.632014162109375 0.11211478385416666 0.621229373046875 0.07674745052083333 0.221005197265625 0.30127353385416666 0.229068537109375 0.3394166484375 0.632014162109375 0.11211478385416666
0 0.62522677734375 0.06919119791666667 0.6180574453125 0.047239927083333334 0.262730439453125 0.24159596875 0.27104877734375 0.26926485677083334 0.62522677734375 0.06919119791666667
0 0.260937287109375 0.21894940104166669 0.267187396484375 0.23632671614583334 0.616510322265625 0.044115726562500006 0.609006880859375 0.0184161875 0.260937287109375 0.21894940104166669
0 0.450630310546875 0 0.437264955078125 0.004774981770833333 0.16621477734375 0.15473982291666666 0.1806764140625 0.20840364583333335 0.565902314453125 0 0.450630310546875 0