0 0.167104369140625 0.9294486640624999 0.186700134765625 0.9340556796875 0.674038595703125 0.9886455651041667 0.676951623046875 0.9723001875 0.17017868359375 0.9122615260416667 0.167104369140625 0.9294486640624999
0 0.667000150390625 0.916866234375 0.66991317578125 0.9005208593749999 0.6717099765625 0.8698881119791667 0.215132357421875 0.7996113463541666 0.214705619140625 0.7998687864583333 0.20609617578125 0.8736222161458334 0.662844451171875 0.9369266302083333 0.667000150390625 0.916866234375
0 0.2183385390625 0.7242298984375001 0.21285979296875 0.7940681432291666 0.67406687109375 0.8634297526041667 0.6820369453125 0.8372537239583333 0.687134236328125 0.8043915677083334 0.2183385390625 0.7242298984375001
0 0.22746103515625 0.6552482395833333 0.219067287109375 0.7244012291666667 0.7073243828125 0.80513121875 0.715075677734375 0.7408361041666667 0.22746103515625 0.6552482395833333
0 0.70499175390625 0.6523123489583333 0.28622072265625 0.5688848541666667 0.28007493359375 0.6367443255208333 0.691538935546875 0.7142652109375001 0.70499175390625 0.6523123489583333
0 0.706533595703125 0.6406533828125 0.710815810546875 0.6025908177083333 0.321580126953125 0.5231018046875 0.316783990234375 0.5650507838541666 0.706533595703125 0.6406533828125
0 0.710600982421875 0.598533203125 0.715611935546875 0.5606418333333333 0.326258134765625 0.48122904947916667 0.32136532421875 0.5190441927083334 0.710600982421875 0.598533203125
0 0.71595325 0.5466971380208333 0.721739068359375 0.5370378203125 0.724866865234375 0.524750109375 0.729022611328125 0.5046897265625 0.72906275 0.4816582630208333 0.276683017578125 0.3853202916666667 0.27642801953125 0.40429426822916664 0.272657783203125 0.42143992447916667 0.2685545546875 0.46766278645833337 0.71595325 0.5466971380208333
0 0.3328769609375 0.35244984375000005 0.33279262890625 0.36445133593749995 0.33163624609375 0.37319555989583336 0.329795283203125 0.39279827864583333 0.721731146484375 0.4689150078125 0.7237869296875 0.453369765625 0.726870580078125 0.43005209895833335 0.730982130859375 0.3989617447916667 0.33623528125 0.3183034453125 0.3328769609375 0.35244984375000005
0 0.7435395 0.37787137760416667 0.734537541015625 0.3777584765625 0.729478498046875 0.3705583567708333 0.729006689453125 0.3684439479166666 0.3264263359375 0.2862485078125 0.324555640625 0.30741691145833333 0.741483732421875 0.39341648437500004 0.7435395 0.37787137760416667
0 0.729992439453125 0.36667207812499997 0.733120236328125 0.3543843671875 0.739763306640625 0.3439248489583333 0.743790521484375 0.3248359921875 0.745460828125 0.3122056223958333 0.74648671484375 0.2874022916666667 0.361066181640625 0.19302605729166666 0.352416716796875 0.289924484375 0.729992439453125 0.36667207812499997
0 0.743136169921875 0.22750957291666665 0.748450244140625 0.21573572916666664 0.754753966796875 0.23625154166666665 0.755524869140625 0.23042219010416667 0.759208826171875 0.20824726562499998 0.75869287109375 0.1951029010416667 0.371426685546875 0.09503950520833333 0.3657291484375 0.126758734375 0.363888181640625 0.1463615859375 0.363332064453125 0.15624867447916665 0.362990767578125 0.17019323958333332 0.36089282421875 0.19173916666666668 0.74785792578125 0.28271568229166666 0.753256318359375 0.25894047395833336 0.753854564453125 0.24305256249999999 0.74673773828125 0.23436690625 0.743136169921875 0.22750957291666665