0 0.630844080078125 1 0.631461390625 0.9882293906249999 0.342116357421875 0.9366032369791667 0.338341189453125 0.9774762760416666 0.4295637109375 0.9946537682291666 0.486904716796875 1 0.630844080078125 1
0 0.631764078125 0.9824578828125 0.63356869140625 0.9376782291666667 0.343379759765625 0.8917731223958333 0.34087682421875 0.9291279010416668 0.631764078125 0.9824578828125
0 0.63402272265625 0.9290209661458334 0.635411142578125 0.8921771380208333 0.347462734375 0.8450309973958333 0.345149634765625 0.8787660572916667 0.63402272265625 0.9290209661458334
0 0.35055046484375 0.806895671875 0.349358134765625 0.8400005546874999 0.350899193359375 0.8417265651041667 0.635789501953125 0.8849627526041667 0.637378611328125 0.8546623307291666 0.35055046484375 0.806895671875
0 0.637995494140625 0.8532699140625 0.638729193359375 0.8185399427083334 0.323103244140625 0.7702631979166666 0.321483677734375 0.8011443541666666 0.637995494140625 0.8532699140625
0 0.638138634765625 0.8090603177083334 0.6416540703125 0.7731397708333333 0.325297728515625 0.7284197578125 0.32302395703125 0.7614049296875001 0.638138634765625 0.8090603177083334
0 0.64155868359375 0.7231082057291666 0.3510670625 0.6829746119791666 0.347816478515625 0.7138450885416666 0.34907020703125 0.7210497552083334 0.63928852734375 0.7663945208333334 0.642187078125 0.731866390625 0.64155868359375 0.7231082057291666
0 0.643787697265625 0.7117165729166667 0.64550182421875 0.6894024348958333 0.6433254609375 0.6790499921875001 0.3530723671875 0.6447383645833333 0.349746111328125 0.6770517213541667 0.350107119140625 0.6805382552083333 0.642326912109375 0.7188300364583333 0.643787697265625 0.7117165729166667
0 0.64409369140625 0.6747718229166666 0.646576044921875 0.6481795130208333 0.357833083984375 0.6161835859375 0.3556251171875 0.6375439661458333 0.64409369140625 0.6747718229166666
0 0.646261849609375 0.6438004244791666 0.6465036796875 0.6184491510416666 0.349956716796875 0.59007540625 0.34980039453125 0.61379621875 0.646261849609375 0.6438004244791666
0 0.646995546875 0.6090704505208333 0.64880016015625 0.5642907968750001 0.34478972265625 0.5330462916666666 0.341912978515625 0.5775286744791667 0.646995546875 0.6090704505208333
0 0.3470904453125 0.47880705989583333 0.34570533203125 0.4844776510416667 0.344180384765625 0.5031845911458334 0.343706796875 0.5225848229166666 0.6480625 0.5576160520833333 0.6512900625 0.506444375 0.3470904453125 0.47880705989583333
0 0.36093023828125 0.47502244010416667 0.65159275 0.5006728645833333 0.653685236328125 0.47114434375 0.36355716015625 0.444819 0.36093023828125 0.47502244010416667
0 0.65437779296875 0.46830905208333334 0.65608041015625 0.4358443125 0.3646807265625 0.4130252447916667 0.363212974609375 0.44101169791666667 0.65437779296875 0.46830905208333334
0 0.3546658359375 0.37584318749999995 0.35265733984375 0.40377023437500004 0.353655775390625 0.4054726276041667 0.654910802734375 0.42703567187499997 0.657620171875 0.39611473177083334 0.3546658359375 0.37584318749999995
0 0.657457318359375 0.38884988541666665 0.65858088671875 0.35705612760416666 0.353889400390625 0.338797515625 0.35246044140625 0.36604428125 0.657457318359375 0.38884988541666665
0 0.658228853515625 0.35339847395833335 0.660007140625 0.319490859375 0.355781197265625 0.3027255859375 0.354125634765625 0.3342931119791666 0.658228853515625 0.35339847395833335
0 0.47291025 0.30929640364583333 0.611297958984375 0.314949421875 0.6601963203125 0.31588366927083333 0.662326642578125 0.28563370833333335 0.3575216484375 0.2695394114583333 0.35643591796875 0.30061173177083333 0.401356609375 0.3047999453125 0.47291025 0.30929640364583333
0 0.662591494140625 0.2805836354166667 0.66355220703125 0.24152503385416668 0.36443570703125 0.23103586979166668 0.362088490234375 0.26542151302083333 0.662591494140625 0.2805836354166667
0 0.662545455078125 0.239981234375 0.665432494140625 0.19530250260416668 0.363999798828125 0.18749725520833335 0.362194357421875 0.2219226197916667 0.662545455078125 0.239981234375
0 0.66379734375 0.18500052083333332 0.667085765625 0.15340860416666666 0.35699366015625 0.14479598958333334 0.354257716796875 0.17622359114583333 0.66379734375 0.18500052083333332
0 0.6657648125 0.14748571614583333 0.66836067578125 0.11872909375 0.359854373046875 0.11098929687499999 0.35727025390625 0.139522015625 0.35740985546875 0.13686016406249998 0.356024740234375 0.14253075260416667 0.6657648125 0.14748571614583333
0 0.667161 0.110493734375 0.66868594921875 0.0917867890625 0.3606451875 0.08554033333333333 0.35966588671875 0.10421321614583333 0.667161 0.110493734375
0 0.6699230234375 0.05782871614583333 0.357287705078125 0.0562286484375 0.35694718359375 0.06272159114583332 0.3556161875 0.0777303828125 0.668246734375 0.0794214140625 0.669972369140625 0.06725788020833333 0.6699230234375 0.05782871614583333
0 0.670577744140625 0.055714859375 0.67124728125 0.03257836458333333 0.358146423828125 0.029484958333333335 0.3569407734375 0.0524737734375 0.670577744140625 0.055714859375
0 0.67075286328125 0.014699322916666667 0.637441046875 0.01159346875 0.3682929453125 0.012306820312500001 0.36696261328125 0.02730290885416667 0.670895248046875 0.028920713541666667 0.67075286328125 0.014699322916666667
0 0.36772149609375 0 0.3675189140625 0.0063255390625 0.36794091015625 0.008649166666666666 0.5996995390625 0.008074611979166667 0.513095287109375 0 0.36772149609375 0