0 0.243030916015625 0.578083203125 0.214839560546875 0.805314171875 0.327422119140625 0.29134561458333336 0.30749219921875 0.28335461197916667 0.243030916015625 0.578083203125
0 0.21120104296875 0.837513 0.229901076171875 0.8460412083333333 0.353368375 0.2966192916666667 0.335141830078125 0.28985511458333335 0.21120104296875 0.837513
0 0.259840876953125 0.8398584322916666 0.2780459609375 0.8474439218750001 0.397307744140625 0.31108133593750004 0.379586833984375 0.30526238802083333 0.259840876953125 0.8398584322916666
0 0.298371814453125 0.8530489401041667 0.30678492578125 0.8550268854166667 0.439935091796875 0.269869046875 0.4192202734375 0.2625198697916667 0.285292181640625 0.844189390625 0.28716599609375 0.8487617109375 0.298371814453125 0.8530489401041667
0 0.3178137578125 0.8559670807291666 0.3236111484375 0.8589827734375 0.330610412109375 0.8622810338541668 0.33562987890625 0.8618084088541668 0.439731439453125 0.3838583359375 0.42523986328125 0.37714590364583334 0.315621984375 0.8537990755208332 0.3178137578125 0.8559670807291666
0 0.391196931640625 0.8492553255208333 0.395509474609375 0.849442859375 0.477095490234375 0.39181636718749996 0.462188798828125 0.3883117630208333 0.37719840234375 0.8426588098958333 0.384586630859375 0.8477012265625 0.391196931640625 0.8492553255208333
0 0.392117908203125 0.8750888958333333 0.395122591796875 0.8757953046875001 0.3990111875 0.8791885911458334 0.4061164375 0.8816854114583333 0.411630853515625 0.8821555078125001 0.52268421875 0.2438739895833333 0.516886826171875 0.24085829427083336 0.50559116796875 0.23820265625 0.392117908203125 0.8750888958333333
0 0.418630119140625 0.885453765625 0.426831255859375 0.8890345885416666 0.43185072265625 0.8885619661458333 0.433971490234375 0.8865814947916667 0.544918869140625 0.2491014140625 0.52579488671875 0.24377895833333332 0.41594339453125 0.8823430416666667 0.418630119140625 0.885453765625
0 0.441924634765625 0.8826668046875 0.448817912109375 0.8867665026041666 0.4566300859375 0.8886031666666666 0.46324038671875 0.890157265625 0.54987773046875 0.38496333072916666 0.524380115234375 0.3773160625 0.43793005078125 0.8800749557291666 0.441924634765625 0.8826668046875
0 0.48384921875 0.8983078802083333 0.49296925390625 0.8996256692708333 0.581338400390625 0.3907071041666667 0.55514112890625 0.3837217005208333 0.467163966796875 0.888600640625 0.47564808203125 0.8947270598958333 0.48384921875 0.8983078802083333
0 0.4956559765625 0.9027363932291667 0.510785375 0.9054669973958333 0.62028392578125 0.27425714322916667 0.606820712890625 0.2694391953125 0.4956559765625 0.9027363932291667
0 0.513083134765625 0.9068335651041667 0.5280005625 0.911167046875 0.64251857421875 0.2794845703125 0.6284595546875 0.27452654427083334 0.513083134765625 0.9068335651041667
0 0.5329140390625 0.9114958619791667 0.547937453125 0.9150279062500001 0.639028302734375 0.4042701536458333 0.6243711953125 0.399171515625 0.5329140390625 0.9114958619791667
0 0.550729123046875 0.903288890625 0.56455066015625 0.9065383697916666 0.65454666796875 0.4087449192708333 0.64219158984375 0.40501385156249997 0.550729123046875 0.903288890625
0 0.57024310546875 0.9244038046875 0.5931846796875 0.9289710729166667 0.687386201171875 0.41811829166666664 0.662358841796875 0.4105815807291667 0.57024310546875 0.9244038046875