0 0.748116544921875 1 0.748115322265625 0.9999584062500001 0.319908951171875 0.8834530364583334 0.294656228515625 0.874697984375 0.26540925390625 0.8649077265625 0.252627650390625 0.8615950703125 0.239707365234375 0.9388471796875 0.3370985859375 0.967138578125 0.46389160546875 1 0.748116544921875 1
0 0.753484115234375 0.9858783958333334 0.757766212890625 0.9792524739583334 0.77005298828125 0.9006591666666667 0.769541984375 0.8927909973958333 0.33865121875 0.7833256328124999 0.296289515625 0.7668210703125 0.27472055859375 0.7612309635416666 0.2597853203125 0.852304453125 0.753484115234375 0.9858783958333334
0 0.770049759765625 0.8608745755208332 0.776547294921875 0.8106186666666666 0.31117336328125 0.698846796875 0.303894279296875 0.7487769869791667 0.770049759765625 0.8608745755208332
0 0.783536427734375 0.802484125 0.796463580078125 0.685378140625 0.329980314453125 0.57552896875 0.31083701953125 0.6897805520833334 0.783536427734375 0.802484125
0 0.802320740234375 0.6736349114583334 0.814161197265625 0.5639830104166667 0.35120645703125 0.45836365104166665 0.334572896484375 0.5667733046875 0.802320740234375 0.6736349114583334
0 0.824500974609375 0.555611765625 0.827958349609375 0.5034628229166667 0.315031806640625 0.39373291927083337 0.309022634765625 0.44632560937500004 0.824500974609375 0.555611765625
0 0.32113153125 0.36326578385416664 0.317405716796875 0.38882265104166663 0.834326513671875 0.49958776302083335 0.837783890625 0.4474388177083333 0.323925892578125 0.3440981302083333 0.32113153125 0.36326578385416664
0 0.844462537109375 0.44143401822916667 0.847499466796875 0.4035424609375 0.33091179296875 0.296179 0.325323072265625 0.33451430468750004 0.844462537109375 0.44143401822916667
0 0.8516263203125 0.39798140625 0.853376033203125 0.35754602864583335 0.33982851953125 0.2520756041666667 0.333629779296875 0.28890860156250003 0.8516263203125 0.39798140625
0 0.859100587890625 0.35239905729166665 0.867904119140625 0.28063871354166664 0.350362353515625 0.17413308333333333 0.34172682421875 0.239054359375 0.859100587890625 0.35239905729166665
0 0.867545125 0.23192108593750002 0.86698884375 0.21299013802083333 0.389256986328125 0.12343281770833332 0.3810445234375 0.17407874739583332 0.86197904296875 0.2757877786458333 0.865417013671875 0.2578920364583333 0.867545125 0.23192108593750002
0 0.870494728515625 0.2116885625 0.873667490234375 0.20698533854166667 0.877283341796875 0.1935561171875 0.879146248046875 0.18077768229166666 0.880986515625 0.16246785677083334 0.880918599609375 0.14587369270833334 0.40189952734375 0.053772546875 0.3919590703125 0.11058480989583334 0.870494728515625 0.2116885625
0 0.377403796875 0 0.372429392578125 0.028452997395833332 0.890770009765625 0.13516566666666666 0.893496453125 0.09940384895833333 0.377894091796875 0 0.377403796875 0
0 0.423228962890625 0 0.866669935546875 0.08567287239583334 0.53610839453125 0 0.423228962890625 0