0 0.56952327734375 0 0.36352676953125 0.02065963020833333 0.242640767578125 0.04331219010416667 0.24258435546875 0.043636890625 0.24539677734375 0.06447137239583334 0.2476897109375 0.086224796875 0.669774083984375 0.038351992187499996 0.67151234375 0.031453497395833335 0.67110762109375 0.015919010416666667 0.669663921875 0.002222411458333333 0.66929551953125 0 0.56952327734375 0
0 0.69257796484375 0.17867972135416665 0.6918236015625 0.16567554427083334 0.69037990234375 0.15197894270833334 0.68885128125 0.13747666145833334 0.685509423828125 0.12331415624999999 0.68147823046875 0.1084592265625 0.2603731484375 0.18901236458333334 0.258549966796875 0.1951051796875 0.26101274609375 0.21846996875 0.26502404296875 0.24483096875 0.268346005859375 0.270499546875 0.274455150390625 0.28167870833333336 0.6930576640625 0.20077292447916664 0.693067611328125 0.195019890625 0.69257796484375 0.17867972135416665
0 0.724905982421875 0.2573318177083333 0.7187745703125 0.216704359375 0.266861416015625 0.28565205208333333 0.276967306640625 0.3815282552083333 0.726544765625 0.30796368229166665 0.724905982421875 0.2573318177083333
0 0.281013791015625 0.4374601197916667 0.2892161796875 0.4860404479166667 0.732070134765625 0.40716301041666664 0.736151064453125 0.3932527578125 0.733368484375 0.3551591666666667 0.72654046484375 0.31961769791666667 0.278505876953125 0.3902775052083333 0.281013791015625 0.4374601197916667
0 0.689906666015625 0.480791609375 0.685188927734375 0.42433884374999997 0.683792177734375 0.4227824791666666 0.288941515625 0.49512947395833334 0.293837232421875 0.5591181640625 0.689906666015625 0.480791609375
0 0.296934267578125 0.5651105859375 0.30287891015625 0.6215083515625001 0.694207919921875 0.5391405208333333 0.689227064453125 0.4860389296875 0.296934267578125 0.5651105859375
0 0.30337850390625 0.6320954843750001 0.309917609375 0.6941330260416666 0.728275298828125 0.6050571588541667 0.724345029296875 0.5443804348958333 0.30337850390625 0.6320954843750001
0 0.310612287109375 0.741655421875 0.315133126953125 0.7728505156250001 0.523166802734375 0.723295609375 0.74377576171875 0.6760962057291667 0.74339093359375 0.6490556484375 0.737925990234375 0.6147510807291666 0.308254326171875 0.7075902421875 0.310612287109375 0.741655421875
0 0.33158894140625 0.8471057369791667 0.342039130859375 0.8936216614583333 0.728707298828125 0.7611882630208333 0.724555998046875 0.7159567916666667 0.33158894140625 0.8471057369791667
0 0.738578314453125 0.8431413489583334 0.741846888671875 0.8098293307291667 0.742783958984375 0.8070246354166667 0.342044474609375 0.9404516328125 0.3524946640625 0.9869675625 0.738578314453125 0.8431413489583334
0 0.526222552734375 1 0.66531060546875 0.9739365989583333 0.7578353046875 0.9381243437500001 0.76024716015625 0.9025319192708333 0.47889904296875 1 0.526222552734375 1