0 0.03587825 0.5741547317708333 0.061000046875 0.57886225 0.142883548828125 0.25772469010416665 0.12155784765625 0.2515245859375 0.03587825 0.5741547317708333
0 0.06539637109375 0.5796860677083333 0.0898901484375 0.5842759010416666 0.166662357421875 0.2646726171875 0.146023744140625 0.258313125 0.06539637109375 0.5796860677083333
0 0.11087032421875 0.5796671614583333 0.119574697265625 0.5821522916666667 0.202600359375 0.22444697395833335 0.179415810546875 0.22101569270833332 0.09186253515625 0.5837914609375 0.11079219140625 0.5864846666666667 0.11087032421875 0.5796671614583333
0 0.1407516640625 0.5878286197916667 0.14694386328125 0.5898430026041667 0.22647438671875 0.225163875 0.20229028125 0.22274002604166665 0.121458806640625 0.5825053515624999 0.129446884765625 0.5857102421875 0.1407516640625 0.5878286197916667
0 0.199346580078125 0.6030786770833333 0.221867912109375 0.6081528802083334 0.24915358203125 0.2773128671875 0.2292006875 0.27731554166666667 0.199346580078125 0.6030786770833333
0 0.220523548828125 0.6087550052083334 0.242505130859375 0.6128740833333334 0.270278333984375 0.27647284635416663 0.25206501171875 0.2730598932291667 0.220523548828125 0.6087550052083334
0 0.243221470703125 0.6121542760416666 0.265114775390625 0.6171108567708333 0.304701595703125 0.2247955 0.284533845703125 0.2202171979166667 0.243221470703125 0.6121542760416666
0 0.265742796875 0.6172285390625 0.287096357421875 0.6212299348958333 0.328780982421875 0.23024688281250003 0.309655666015625 0.22492471875 0.265742796875 0.6172285390625
0 0.289785078125 0.6200257447916667 0.3141905625 0.6254530182291667 0.35719906640625 0.2346328854166667 0.33746620703125 0.22842802343750002 0.289785078125 0.6200257447916667
0 0.314642078125 0.6272456484375 0.342992365234375 0.6317041640625 0.385306150390625 0.24849484895833332 0.3634270703125 0.24237433593750002 0.314642078125 0.6272456484375
0 0.344964794921875 0.6312197317708333 0.37259878515625 0.6363980052083333 0.41351028125 0.27256826822916663 0.39143032421875 0.26330665625 0.344964794921875 0.6312197317708333
0 0.373315123046875 0.6356782552083333 0.4040010390625 0.6422824036458333 0.4433083515625 0.2864583046875 0.416837169921875 0.2774617421875 0.373315123046875 0.6356782552083333
0 0.40606173828125 0.64096053125 0.436119669921875 0.6474470598958334 0.473895783203125 0.2903116145833333 0.449044037109375 0.28178889322916667 0.40606173828125 0.64096053125
0 0.4360313984375 0.6482845026041667 0.46721590234375 0.6544085911458334 0.467433609375 0.6541688932291666 0.50134833203125 0.28988205729166666 0.475686765625 0.2842193802083333 0.4360313984375 0.6482845026041667
0 0.530238455078125 0.29529571354166667 0.503232484375 0.290235125 0.46886628515625 0.6527293359375 0.498494091796875 0.6583913411458333 0.530238455078125 0.29529571354166667
0 0.499640474609375 0.6584960442708333 0.536695140625 0.6654396354166666 0.563585806640625 0.3014832317708333 0.532927177734375 0.2940914947916667 0.499640474609375 0.6584960442708333
0 0.537234884765625 0.6663948151041666 0.574829384765625 0.674293546875 0.596450865234375 0.3104593385416667 0.56523241796875 0.3035611744791667 0.537234884765625 0.6663948151041666
0 0.57500593359375 0.6726186093750001 0.598067052734375 0.6786480026041667 0.618241423828125 0.3042114270833333 0.599489796875 0.30058643749999997 0.57500593359375 0.6726186093750001
0 0.59815532421875 0.6778105598958333 0.62148126953125 0.6813275208333334 0.640248544921875 0.30927449218749997 0.620755125 0.30542530989583333 0.59815532421875 0.6778105598958333
0 0.630009091796875 0.6854875911458334 0.664463314453125 0.692797875 0.674278556640625 0.30719850260416665 0.648015732421875 0.30199347135416665 0.630009091796875 0.6854875911458334
0 0.67011568359375 0.6938570598958332 0.702146 0.6998591484375 0.70762901171875 0.3115695703125 0.68210675 0.3066736901041667 0.67011568359375 0.6938570598958332
0 0.737578775390625 0.2786378385416667 0.72753008203125 0.2767548359375 0.71470430859375 0.2769134791666667 0.70789426953125 0.2807614583333333 0.70340212890625 0.70009453125 0.73246871484375 0.7038332317708332 0.737578775390625 0.2786378385416667
0 0.739816025390625 0.27564099999999997 0.738206798828125 0.2787555234375 0.734176318359375 0.7058612395833334 0.76486223046875 0.7124654453125 0.76558533203125 0.2829834869791667 0.75883391796875 0.2774966979166667 0.7505811015625 0.2768042317708333 0.739816025390625 0.27564099999999997
0 0.803289130859375 0.31144748958333335 0.76578290625 0.3027112578125 0.768090787109375 0.7122163958333334 0.809630046875 0.7191463619791666 0.804154482421875 0.34577021875 0.803289130859375 0.31144748958333335
0 0.8107978203125 0.7202191718750001 0.838520083984375 0.7245600026041666 0.831591640625 0.3406634088541667 0.80709784375 0.3360735729166667 0.8107978203125 0.7202191718750001
0 0.855644064453125 0.34944062760416666 0.833122693359375 0.3443663854166667 0.839059833984375 0.7255151276041666 0.866969578125 0.7311959427083333 0.855644064453125 0.34944062760416666