0 0.4372465234375 0 0.07388412109375 0.1668209453125 0.085790306640625 0.2100544140625 0.546625787109375 0.013563572916666667 0.543852791015625 0 0.4372465234375 0
0 0.08701532421875 0.21580770572916666 0.102941955078125 0.281116875 0.5626560078125 0.0888985390625 0.5489383671875 0.022518533854166665 0.08701532421875 0.21580770572916666
0 0.579456748046875 0.16251435416666668 0.563791580078125 0.09458097656249999 0.10270811328125 0.2874846979166667 0.121460234375 0.35617723958333336 0.579456748046875 0.16251435416666668
0 0.123438580078125 0.3568487890625 0.13242744921875 0.39529299999999995 0.577163 0.2130638046875 0.568307974609375 0.17389317447916666 0.123438580078125 0.3568487890625
0 0.13807086328125 0.39896246874999997 0.14595872265625 0.440416328125 0.5845669296875 0.2537321614583333 0.576484869140625 0.21646638020833334 0.13807086328125 0.39896246874999997
0 0.139530876953125 0.44461941666666666 0.1451337265625 0.4808618671875 0.624575873046875 0.27667722395833333 0.619058125 0.2394918828125 0.139530876953125 0.44461941666666666
0 0.14489988671875 0.48722969010416667 0.1547007421875 0.5215448229166667 0.632267287109375 0.3144593776041667 0.62355989453125 0.2787440104166667 0.14489988671875 0.48722969010416667
0 0.158954025390625 0.5271046302083333 0.168810158203125 0.568906890625 0.619675279296875 0.36568504947916664 0.6112694609375 0.3257055026041667 0.158954025390625 0.5271046302083333
0 0.676046146484375 0.42743553125 0.66148203125 0.35649248697916663 0.1702278828125 0.5707601770833334 0.190347951171875 0.6509257786458333 0.676046146484375 0.42743553125
0 0.192514203125 0.6606956145833334 0.212143525390625 0.7330693307291667 0.692372296875 0.5088383307291667 0.677366912109375 0.44110478124999997 0.192514203125 0.6606956145833334
0 0.7139147734375 0.5740735 0.703975818359375 0.5210403776041667 0.211909703125 0.7394372265625 0.225987423828125 0.7929312526041666 0.7139147734375 0.5740735
0 0.22610187890625 0.7980300989583333 0.241106095703125 0.8524938671875 0.72693473046875 0.6290458932291666 0.7167502890625 0.5777800416666666 0.22610187890625 0.7980300989583333
0 0.24197332421875 0.8558520130208334 0.264727306640625 0.9330517343750001 0.73157754296875 0.7224754583333333 0.71215439453125 0.6399902447916667 0.24197332421875 0.8558520130208334
0 0.3384047421875 1 0.750188708984375 0.8090897526041667 0.73415156640625 0.7288061380208334 0.26785187109375 0.9378776171875001 0.284433193359375 1 0.3384047421875 1
0 0.4323573203125 1 0.71560073046875 0.8788088802083333 0.708786365234375 0.830601796875 0.337334591796875 1 0.4323573203125 1
0 0.56275348046875 1 0.724502626953125 0.9257404036458333 0.71588979296875 0.8799282135416666 0.448841681640625 1 0.56275348046875 1