0 0.443955873046875 0 0.165544720703125 0.11349177604166666 0.166946037109375 0.13438472916666666 0.169212009765625 0.14831665364583332 0.17532354296875 0.16687073958333332 0.18242507421875 0.17759348697916666 0.55757291796875 0 0.443955873046875 0
0 0.57018269140625 0 0.185821810546875 0.17620883854166666 0.187898607421875 0.18526603385416665 0.19335016015625 0.209041 0.199202103515625 0.22646298177083335 0.2059736171875 0.23979618489583332 0.591266923828125 0.0654033203125 0.576270072265625 0 0.57018269140625 0
0 0.593515423828125 0.14000262760416668 0.581595876953125 0.07182155729166667 0.193495408203125 0.246120734375 0.212800939453125 0.30985263802083335 0.593515423828125 0.14000262760416668
0 0.229055876953125 0.3566593697916667 0.233680255859375 0.36467806249999996 0.614446044921875 0.20698642708333334 0.622159103515625 0.20012834114583333 0.610617978515625 0.14169670312500002 0.6045548515625 0.13550250520833332 0.220370333984375 0.31068138802083334 0.21768196875 0.31920504947916667 0.220137173828125 0.3380116822916666 0.222803560546875 0.3455904453125 0.229055876953125 0.3566593697916667
0 0.245551337890625 0.4204991875 0.245480982421875 0.42424179427083336 0.635455017578125 0.27371932552083333 0.63447902734375 0.26195634895833336 0.632732236328125 0.2502887916666667 0.630655458984375 0.24123167708333335 0.62838945703125 0.22729976302083332 0.625014681640625 0.21258191406250002 0.623127109375 0.20839951822916666 0.232430650390625 0.3713772213541667 0.23651387109375 0.39323413541666663 0.2421765625 0.4057813359375 0.245551337890625 0.4204991875
0 0.2369671171875 0.44380594270833335 0.23734554296875 0.45355546093750004 0.240790673828125 0.46453070312500006 0.2483896953125 0.48732767447916664 0.70989839453125 0.2993004505208333 0.701802443359375 0.25184412239583337 0.2369671171875 0.44380594270833335
0 0.268910705078125 0.47782715364583334 0.294395296875 0.5565721015625 0.6326710078125 0.4219046041666667 0.61615783984375 0.33998894270833335 0.268910705078125 0.47782715364583334
0 0.6513708359375 0.5138054921875 0.63197133984375 0.42515206770833336 0.293475673828125 0.5606609088541666 0.315823134765625 0.6419226848958334 0.6513708359375 0.5138054921875
0 0.671359892578125 0.6009805026041667 0.65332879296875 0.5142452682291666 0.315493099609375 0.6445330625 0.337531369140625 0.7246670208333333 0.671359892578125 0.6009805026041667
0 0.33562295703125 0.7242229869791666 0.344260107421875 0.7578410729166666 0.696179984375 0.6403814635416667 0.6898701171875 0.6001014218749999 0.33562295703125 0.7242229869791666
0 0.715882990234375 0.6979618229166666 0.7054990625 0.6526760885416667 0.33593545703125 0.7822798541666667 0.347738615234375 0.8226244661458333 0.715882990234375 0.6979618229166666
0 0.348607322265625 0.8253950104166666 0.35554610546875 0.8597054218750001 0.725869357421875 0.739284953125 0.71692137890625 0.7024903802083333 0.348607322265625 0.8253950104166666
0 0.728722107421875 0.7620541119791667 0.72353016015625 0.7394113229166667 0.365736318359375 0.8555514739583333 0.371187888671875 0.8793265182291666 0.728722107421875 0.7620541119791667
0 0.371355119140625 0.9003038255208334 0.3790946484375 0.9219081197916666 0.752741439453125 0.814161203125 0.742994623046875 0.7649818593750001 0.3705983203125 0.8808047708333334 0.369348751953125 0.8875040807291666 0.371355119140625 0.9003038255208334
0 0.752675548828125 0.8624687838541667 0.74288118359375 0.8157046380208333 0.381241837890625 0.9272226041666666 0.39216692578125 0.9586701171875 0.752675548828125 0.8624687838541667
0 0.42519853125 1 0.7646874296875 0.9108046614583333 0.754822712890625 0.8677832812499999 0.390847 0.9691120338541667 0.400214861328125 1 0.42519853125 1