0 0.140911923828125 0.8052600078125001 0.14680541015625 0.8003862552083333 0.116169400390625 0.2829202786458333 0.057135140625 0.27305359635416665 0.092181689453125 0.7997153645833334 0.098089376953125 0.803213625 0.140911923828125 0.8052600078125001
0 0.155598076171875 0.8020338932291667 0.21248886328125 0.8067164114583334 0.19479456640625 0.29406678645833334 0.129371365234375 0.2866291692708333 0.155598076171875 0.8020338932291667
0 0.258662322265625 0.7854783151041667 0.286675205078125 0.7919231614583334 0.259877244140625 0.28347190364583336 0.221144099609375 0.282265703125 0.258662322265625 0.7854783151041667
0 0.298010798828125 0.293082734375 0.2595845234375 0.29186020052083333 0.2878299453125 0.806487015625 0.32098478515625 0.8077257760416666 0.298010798828125 0.293082734375
0 0.3309138671875 0.8145604166666667 0.37197790234375 0.8162771953125 0.370071865234375 0.3579977447916667 0.3210944609375 0.3547980572916667 0.3309138671875 0.8145604166666667
0 0.431478150390625 0.8047100703125 0.442647201171875 0.8008248958333333 0.44946778125 0.346611328125 0.37632190234375 0.34123460677083334 0.381483728515625 0.7941460703125 0.395428310546875 0.7979547708333333 0.431478150390625 0.8047100703125
0 0.451691390625 0.35774919791666665 0.447209603515625 0.8255922343750001 0.483644396484375 0.8372021328125 0.52031209765625 0.8380950911458332 0.546637701171875 0.3671716276041667 0.451691390625 0.35774919791666665
0 0.570539484375 0.8379421640625 0.585349158203125 0.8335436171875 0.621251484375 0.382348953125 0.5467754296875 0.3743711302083333 0.526314962890625 0.8236769088541666 0.554712734375 0.834976421875 0.570539484375 0.8379421640625
0 0.582616169921875 0.8509657682291666 0.605353427734375 0.8564220286458334 0.651241705078125 0.3700344739583334 0.62122308203125 0.3656049661458333 0.582616169921875 0.8509657682291666
0 0.678498818359375 0.37514212239583333 0.652876583984375 0.3715364479166667 0.60522983984375 0.8575945260416667 0.62961241015625 0.8642439401041666 0.678498818359375 0.37514212239583333
0 0.631498400390625 0.8720818619791667 0.661901798828125 0.8813659739583333 0.718446 0.3956996796875 0.678774390625 0.38954119531250003 0.631498400390625 0.8720818619791667
0 0.762675181640625 0.4016762890625 0.7236168359375 0.39794411979166666 0.66366037890625 0.8816955104166667 0.695698779296875 0.8924815807291666 0.762675181640625 0.4016762890625
0 0.699462990234375 0.8907957161458334 0.730237263671875 0.8965624375 0.799694607421875 0.42012883333333334 0.763829861328125 0.4162401328125 0.699462990234375 0.8907957161458334
0 0.84287852734375 0.380836859375 0.84021243359375 0.36359855989583334 0.82614426171875 0.3609623567708333 0.736187376953125 0.925176703125 0.73945725 0.928180671875 0.75466608984375 0.9370086614583334 0.770107943359375 0.9351198125 0.8601213984375 0.40439347135416664 0.857098689453125 0.3990445885416667 0.849803294921875 0.3916994010416666 0.84653341796875 0.38869543489583336 0.84287852734375 0.380836859375
0 0.8611242109375 0.4033857708333333 0.85925630859375 0.4126007161458333 0.774090919921875 0.9143450052083333 0.8147842578125 0.9195792083333334 0.90748768359375 0.37984347395833334 0.87175649609375 0.3790744973958333 0.86436580078125 0.3896457734375 0.8611242109375 0.4033857708333333
0 0.8135342734375 0.9229318645833334 0.854103912109375 0.9293384635416667 0.95979224609375 0.38600635677083334 0.90917983984375 0.3813047135416667 0.8135342734375 0.9229318645833334
0 1 0.39421382552083334 0.966331994140625 0.392014328125 0.85637096875 0.9333501692708334 0.896061376953125 0.9395920130208334 1 0.46510278385416665 1 0.39421382552083334