0 0.7192248515625 1 0.719175177734375 0.99050846875 0.226366087890625 0.9141124635416666 0.2211891796875 0.9506030677083334 0.219904119140625 0.9751059999999999 0.4869047109375 1 0.7192248515625 1
0 0.721309603515625 0.9809204296875 0.72321701171875 0.9756610208333334 0.725089890625 0.9399498125 0.725736408203125 0.8965121145833334 0.719412109375 0.8926601171874999 0.233568875 0.8234382708333333 0.223158298828125 0.8975016406249999 0.226015837890625 0.9052358229166666 0.721309603515625 0.9809204296875
0 0.234249921875 0.8104523776041667 0.23531465625 0.8212607161458334 0.729607978515625 0.8849111432291666 0.732314900390625 0.8177416640624999 0.237899435546875 0.7564201770833333 0.234249921875 0.8104523776041667
0 0.734261796875 0.7961741953125 0.73728701953125 0.7540457291666667 0.7365146875 0.7376619791666666 0.241531685546875 0.6871620703125 0.23780815234375 0.7270505312500001 0.239118109375 0.74873815625 0.732127373046875 0.8057622369791666 0.734261796875 0.7961741953125
0 0.74142509375 0.7218080625000001 0.74266137109375 0.6360148307291666 0.25064187890625 0.5912284739583333 0.2441307578125 0.6687143046875 0.74142509375 0.7218080625000001
0 0.740736697265625 0.6260483359375 0.74344362109375 0.5588788567708333 0.26297712890625 0.5271315989583333 0.258998779296875 0.5874338854166666 0.740736697265625 0.6260483359375
0 0.751374291015625 0.5476563385416667 0.752457572265625 0.48033547656250003 0.226716705078125 0.45632896875 0.2201209453125 0.5198735208333333 0.751374291015625 0.5476563385416667
0 0.751174455078125 0.4736911484375 0.754806703125 0.4044330442708333 0.236900263671875 0.3865942317708333 0.233508451171875 0.451267828125 0.751174455078125 0.4736911484375
0 0.75590229296875 0.39909794531250004 0.756946087890625 0.34808514322916667 0.292562994140625 0.33632407031249995 0.288456544921875 0.38351377864583336 0.75590229296875 0.39909794531250004
0 0.75966531640625 0.3429014270833333 0.75908546875 0.2917372421875 0.29626926171875 0.2812097083333333 0.2929753515625 0.328461421875 0.75966531640625 0.3429014270833333
0 0.763547263671875 0.28443726041666667 0.76400625390625 0.22902013802083332 0.292788080078125 0.22314648437499998 0.2868733671875 0.27370514322916667 0.763547263671875 0.28443726041666667
0 0.766725482421875 0.22383641927083334 0.767127716796875 0.16950145572916667 0.296664609375 0.16478565104166668 0.293242111328125 0.21448922395833334 0.766725482421875 0.22383641927083334
0 0.76573109375 0.16502144010416667 0.765129025390625 0.14539121875 0.766037087890625 0.12807669010416667 0.763584361328125 0.11262371875 0.32293156640625 0.11503710156250001 0.318946486328125 0.128802390625 0.31815193359375 0.1439526015625 0.318992904296875 0.1590275703125 0.76573109375 0.16502144010416667
0 0.769079572265625 0.10117412760416666 0.768425708984375 0.03586620052083333 0.277156322265625 0.03899755208333333 0.273978103515625 0.09959839322916668 0.769079572265625 0.10117412760416666
0 0.771596078125 0.024101515625 0.606955193359375 0.008751098958333333 0.364327021484375 0.010151700520833333 0.362380126953125 0.031719166666666666 0.771956755859375 0.030758174479166667 0.771596078125 0.024101515625
0 0.49375469140625 0 0.372956005859375 0.0011691848958333333 0.3733844453125 0.008554981770833333 0.5903447890625 0.0072024140625 0.51309528515625 0 0.49375469140625 0