0 0.66809845703125 1 0.669861478515625 0.9663835078125 0.294141953125 0.9128663776041667 0.2914270625 0.9646327239583333 0.512001861328125 1 0.66809845703125 1
0 0.67205265625 0.9557133125 0.67390826953125 0.9047762005208333 0.267396349609375 0.8473006692708333 0.26555086328125 0.8980447109375 0.67205265625 0.9557133125
0 0.675815677734375 0.8995167916666666 0.676876736328125 0.8637298932291667 0.270949619140625 0.8106586822916667 0.267634208984375 0.84276528125 0.675815677734375 0.8995167916666666
0 0.683087525390625 0.8697462083333334 0.685510677734375 0.8079875182291666 0.243749986328125 0.7537502369791667 0.241093861328125 0.8043960390625 0.683087525390625 0.8697462083333334
0 0.685039380859375 0.8014188802083333 0.68810408984375 0.7429823541666667 0.246984958984375 0.6920672369791667 0.244102564453125 0.7470274479166666 0.685039380859375 0.8014188802083333
0 0.6885013671875 0.7354072500000001 0.689846197265625 0.6942095572916666 0.231338326171875 0.6481978880208333 0.228666484375 0.683588265625 0.6885013671875 0.7354072500000001
0 0.6916968515625 0.6900323072916666 0.694250775390625 0.641335203125 0.257435021484375 0.6016958098958333 0.255990078125 0.6448024791666667 0.6916968515625 0.6900323072916666
0 0.693665970703125 0.6369308828125 0.69442599609375 0.5913288697916667 0.264048046875 0.5533771588541666 0.2617351484375 0.597478484375 0.693665970703125 0.6369308828125
0 0.696276650390625 0.5871516197916666 0.697604212890625 0.53072803125 0.256502345703125 0.49503881250000004 0.2528674609375 0.5487920598958334 0.696276650390625 0.5871516197916666
0 0.699568375 0.5243864635416667 0.701009447265625 0.46579855468750003 0.260151861328125 0.441006609375 0.257726875 0.4872451432291667 0.699568375 0.5243864635416667
0 0.697517888671875 0.4545985260416667 0.70012856640625 0.4048192630208333 0.322025376953125 0.3967527604166667 0.3189595234375 0.4396559791666667 0.697517888671875 0.4545985260416667
0 0.698625654296875 0.40236588020833336 0.702104908203125 0.3515801510416667 0.32313314453125 0.34452011718750003 0.3222691328125 0.39210491666666664 0.698625654296875 0.40236588020833336
0 0.701747119140625 0.3428471953125 0.704964826171875 0.265938296875 0.30448847265625 0.2644854140625 0.302961328125 0.34026965885416666 0.701747119140625 0.3428471953125
0 0.70774080859375 0.259672421875 0.70961864453125 0.1772013489583333 0.3072348828125 0.181007875 0.30321659375 0.2576268125 0.70774080859375 0.259672421875
0 0.711639560546875 0.16977762760416668 0.712416849609375 0.139401515625 0.29925241796875 0.1465526953125 0.297845890625 0.1733717005208333 0.711639560546875 0.16977762760416668
0 0.713398931640625 0.13623073177083334 0.714232974609375 0.10477246354166668 0.3026921796875 0.11207502343749999 0.301273333984375 0.13912896875 0.713398931640625 0.13623073177083334
0 0.4276951484375 0.1085054765625 0.694615734375 0.0169241953125 0.63253126953125 0.011135703125 0.37249141015625 0.10335851302083333 0.372905953125 0.11100930989583334 0.411288494140625 0.110238140625 0.4276951484375 0.1085054765625
0 0.559655462890625 0.004341072916666667 0.374023765625 0.07414025260416666 0.37765948828125 0.09814653385416666 0.627153654296875 0.010634317708333334 0.559655462890625 0.004341072916666667
0 0.44423538671875 0 0.37002637890625 0.02591978125 0.371854810546875 0.053276489583333336 0.52630601953125 0.0012317135416666668 0.51309527734375 0 0.44423538671875 0