0 0.53280825 1 0.6314883984375 0.9768000364583332 0.8024057890625 0.9139041093750001 0.79988021875 0.8834426979166666 0.474808578125 1 0.53280825 1
0 0.47448045703125 1 0.801080740234375 0.8811568958333332 0.796478142578125 0.8501262552083334 0.43061788671875 0.9832803776041666 0.43323530078125 1 0.47448045703125 1
0 0.796583736328125 0.8471518697916666 0.793971828125 0.8217196744791666 0.425081029296875 0.9473589739583334 0.43057571875 0.9772796328125 0.796583736328125 0.8471518697916666
0 0.4716926796875 0.9075061875 0.474776337890625 0.9308239192708333 0.79954487109375 0.8184058828124999 0.794503640625 0.7977036640624999 0.4716926796875 0.9075061875
0 0.797446904296875 0.7968599687500001 0.794620216796875 0.775485375 0.46864721484375 0.8831278359375 0.4716926796875 0.9075061875 0.797446904296875 0.7968599687500001
0 0.797665685546875 0.7587408802083333 0.79153993359375 0.7378009765625001 0.41562919921875 0.8585765026041666 0.418110609375 0.9000678723958333 0.796549505859375 0.7730282369791667 0.797665685546875 0.7587408802083333
0 0.413748044921875 0.8159422005208333 0.41267601171875 0.8191996015625 0.409245083984375 0.8330293515624999 0.4133144609375 0.8581188958333333 0.7928675625 0.733822671875 0.792825419921875 0.7278219192708333 0.79209865625 0.7109625468749999 0.78777283203125 0.6968179140625 0.413748044921875 0.8159422005208333
0 0.791243400390625 0.6931315703125001 0.783662740234375 0.6358088098958333 0.394808533203125 0.7522739114583333 0.4031601171875 0.8154261536458334 0.791243400390625 0.6931315703125001
0 0.7867924921875 0.6310658229166667 0.780026947265625 0.5685425755208333 0.386405146484375 0.6798978697916667 0.39600906640625 0.7499881093749999 0.7867924921875 0.6310658229166667
0 0.376521396484375 0.6083099088541667 0.38551540234375 0.6763199661458333 0.779769966796875 0.5665993723958334 0.77407503515625 0.4995091770833333 0.376521396484375 0.6083099088541667
0 0.41656033984375 0.5928859192708333 0.775276923828125 0.4985329375 0.774807130859375 0.483616703125 0.767481435546875 0.44526778906250003 0.405936205078125 0.5352768776041666 0.41283226953125 0.5817410130208334 0.414203453125 0.586427625 0.41656033984375 0.5928859192708333
0 0.398494703125 0.477628265625 0.405936205078125 0.5352768776041666 0.766967494140625 0.44138151302083334 0.768340650390625 0.42903735937500004 0.761743724609375 0.39051711197916666 0.398494703125 0.477628265625
0 0.76062954296875 0.3877736953125 0.75103330078125 0.3379372708333333 0.3878941015625 0.41621560677083336 0.396384109375 0.4744105 0.76062954296875 0.3877736953125
0 0.38692426953125 0.3574228020833334 0.392790462890625 0.4131450208333333 0.753691302734375 0.33530875 0.74656697265625 0.2790038645833333 0.38692426953125 0.3574228020833334
0 0.3787393828125 0.33530431510416664 0.3801105703125 0.3399909322916667 0.384438896484375 0.34999290625 0.75121188671875 0.276786671875 0.750912724609375 0.26884279427083335 0.745345693359375 0.22106445572916666 0.37235726171875 0.2927264609375 0.375740068359375 0.32398814322916664 0.3787393828125 0.33530431510416664
0 0.33211141796875 0.24408511458333335 0.336821244140625 0.29106323697916664 0.7462892265625 0.21683538802083333 0.748519634765625 0.2052914375 0.743293869140625 0.17145780989583334 0.33211141796875 0.24408511458333335
0 0.73866441796875 0.17054258593750002 0.734340052734375 0.126479203125 0.32319077734375 0.19564053385416666 0.328682494140625 0.24088415625 0.73866441796875 0.17054258593750002
0 0.735540580078125 0.12419346875 0.731774287109375 0.07298627604166667 0.307046767578125 0.13978210677083333 0.31411348828125 0.19321858854166665 0.735540580078125 0.12419346875
0 0.727873572265625 0.07189985677083334 0.72410734375 0.020692786458333334 0.298608880859375 0.08165913802083334 0.305203822265625 0.13721015625 0.727873572265625 0.07189985677083334
0 0.46719175390625 0 0.3305854140625 0.03211651041666667 0.33688922265625 0.07566469010416667 0.723978845703125 0.0197211171875 0.722711498046875 0 0.46719175390625 0