0 0.11072944921875 0.7957830598958333 0.1323428984375 0.7932618177083333 0.07392240234375 0.3593079661458333 0.0530283359375 0.36319757552083337 0.11072944921875 0.7957830598958333
0 0.13347085546875 0.7938563828124999 0.15287567578125 0.7908666380208333 0.091165876953125 0.35657034375 0.075093044921875 0.35917140885416665 0.13347085546875 0.7938563828124999
0 0.15501681640625 0.7986044375 0.18473530859375 0.7951377317708334 0.11781083984375 0.30626288281249997 0.085578560546875 0.3114751145833333 0.15501681640625 0.7986044375
0 0.1864306875 0.8043798177083333 0.2183105234375 0.8006609869791667 0.149454251953125 0.2989409192708333 0.118303890625 0.3054792239583333 0.1864306875 0.8043798177083333
0 0.158260791015625 0.17592162760416666 0.144306619140625 0.1790016875 0.134877234375 0.18300621354166668 0.13314869921875 0.18320784895833334 0.221512138671875 0.81626265625 0.232014951171875 0.8186682005208333 0.241741001953125 0.8175336406249999 0.2519128203125 0.814894796875 0.263611076171875 0.8106256067708334 0.182575919921875 0.17308522916666666 0.1706885234375 0.17447191145833332 0.158260791015625 0.17592162760416666
0 0.28831332421875 0.207950078125 0.286266751953125 0.20165352864583333 0.27437935546875 0.20304021354166668 0.256055208984375 0.20590389583333335 0.240973080078125 0.2083893932291667 0.227511958984375 0.210685796875 0.21351050390625 0.21304523177083334 0.199233369140625 0.21761525 0.27523496484375 0.7969252343750001 0.28155694140625 0.8019969088541666 0.301691236328125 0.801826640625 0.31844166015625 0.7998726770833334 0.331409728515625 0.7983599322916667 0.341980025390625 0.7934961744791668 0.35048355078125 0.7903257994791667 0.350436265625 0.789605171875 0.28831332421875 0.207950078125
0 0.42303045703125 0.7840415182291666 0.431581265625 0.7815917682291667 0.376644751953125 0.1932892265625 0.370113431640625 0.19332497135416668 0.360927716796875 0.1943965 0.3522823359375 0.19540499479166665 0.343636958984375 0.1964134921875 0.334451244140625 0.19748502083333333 0.322563845703125 0.198871703125 0.306353759765625 0.20076263541666664 0.289397326171875 0.20564520052083335 0.35374576953125 0.7819576848958333 0.355252005859375 0.7883172630208333 0.361972466796875 0.7911640260416667 0.371840373046875 0.7921913489583333 0.382106759765625 0.7909937604166667 0.396155501953125 0.789354953125 0.404355115234375 0.7898507395833333 0.415654890625 0.7878064583333333 0.42303045703125 0.7840415182291666
0 0.442906501953125 0.20589169010416666 0.425568458984375 0.2071880546875 0.399726890625 0.21165479947916666 0.38048678125 0.21607761458333333 0.435461044921875 0.7811391848958333 0.443309462890625 0.7845805104166667 0.456419388671875 0.7852296484375 0.4689889765625 0.7859418125 0.48087637109375 0.7845551302083332 0.494242921875 0.7808174739583333 0.505353556640625 0.7758906875 0.456414908203125 0.20431591406250002 0.442906501953125 0.20589169010416666
0 0.578393515625 0.7688227473958333 0.536735861328125 0.19204177604166664 0.5249903203125 0.19559034114583332 0.510401244140625 0.1972921796875 0.49369810546875 0.19996677083333333 0.478615978515625 0.202452265625 0.47114583984375 0.20477595572916665 0.46205036328125 0.2058369557291667 0.46210198046875 0.20800936197916667 0.511155400390625 0.7730354635416666 0.51782857421875 0.7751615989583334 0.5265685234375 0.7755943541666667 0.536341859375 0.7751804244791667 0.54508180859375 0.7756131796875 0.556969205078125 0.7742264973958334 0.569889990234375 0.771993125 0.578393515625 0.7688227473958333
0 0.574795373046875 0.13314136458333334 0.53929080859375 0.13800916927083332 0.53878198828125 0.140246953125 0.586545841796875 0.7685979088541667 0.621127359375 0.7645639192708332 0.574795373046875 0.13314136458333334
0 0.620082609375 0.16779639322916665 0.58414273046875 0.17416726302083332 0.623896525390625 0.7569794635416667 0.62840835546875 0.7593577239583333 0.6377832109375 0.7611687057291667 0.650751279296875 0.7596559609375001 0.660970384765625 0.7577377421875 0.66604275 0.7520630416666667 0.6304908515625 0.16876068229166666 0.624851064453125 0.16578785937499999 0.620082609375 0.16779639322916665
0 0.67587909375 0.16346607552083334 0.672637076171875 0.16384426041666666 0.67101606640625 0.16403335416666667 0.6629110234375 0.1649788203125 0.65372530859375 0.16605034635416668 0.641297576171875 0.16750006250000002 0.632244580078125 0.16855610677083332 0.667683958984375 0.7438840234374999 0.670669349609375 0.7478926276041666 0.68004420703125 0.749703609375 0.69134398046875 0.7476593307291667 0.70431205078125 0.7461465833333333 0.709289845703125 0.7390306302083333 0.6821335859375 0.17580704947916667 0.67994515625 0.16734861979166668 0.67587909375 0.16346607552083334
0 0.72185943359375 0.739742796875 0.772603751953125 0.73309725 0.741658255859375 0.15361440625 0.683237919921875 0.1655122265625 0.72185943359375 0.739742796875
0 0.775733150390625 0.7298276302083333 0.819594953125 0.7261633697916667 0.789648875 0.120422796875 0.74458153515625 0.1293106875 0.775733150390625 0.7298276302083333
0 0.84319033984375 0.23108609895833332 0.797404779296875 0.2371531953125 0.7973361328125 0.2458749166666667 0.81860196875 0.7110302005208333 0.869440853515625 0.7058259088541666 0.84319033984375 0.23108609895833332
0 0.877194701171875 0.7078259817708333 0.931322892578125 0.7029641328124999 0.908476451171875 0.22201808593750003 0.85001953125 0.23392017447916666 0.877194701171875 0.7078259817708333