0 0.1428366015625 0.7237587682291666 0.158760158203125 0.7264603854166666 0.16798144140625 0.7249063463541666 0.248688529296875 0.19023549739583334 0.227572294921875 0.18216218750000002 0.20825748828125 0.17816400260416665 0.13462473046875 0.7206191484375001 0.1428366015625 0.7237587682291666
0 0.26645815234375 0.1902565234375 0.252682970703125 0.19006948437500001 0.24835205859375 0.19180004947916665 0.165289669921875 0.7374227734375 0.174165431640625 0.7492821979166666 0.186733326171875 0.7557804401041667 0.195618138671875 0.7557909557291667 0.211041513671875 0.7549149479166667 0.29511331640625 0.2045985625 0.286401265625 0.1978813177083333 0.26645815234375 0.1902565234375
0 0.218916912109375 0.7596191223958333 0.224946244140625 0.7670038880208333 0.2400331484375 0.7676924322916667 0.249418142578125 0.7712805703125 0.34508462890625 0.184760453125 0.306521767578125 0.17001682291666667 0.3041889921875 0.17420452604166667 0.218916912109375 0.7596191223958333
0 0.39737503515625 0.20136610677083333 0.350113599609375 0.18498996874999998 0.347430876953125 0.18565748697916665 0.253273986328125 0.7710615703125 0.29667958203125 0.7876567083333333 0.39737503515625 0.20136610677083333
0 0.4766563515625 0.21643874739583333 0.413147015625 0.19385059635416668 0.411461580078125 0.19489940364583333 0.31494938671875 0.791255359375 0.362547298828125 0.8060669453124999 0.4766563515625 0.21643874739583333
0 0.54289674609375 0.1858887916666667 0.52831907421875 0.1769289609375 0.510385740234375 0.17176575520833334 0.492144650390625 0.16309849479166666 0.489605974609375 0.162127890625 0.36993156640625 0.7953445859375 0.38349982421875 0.808998078125 0.4039431171875 0.8202004947916667 0.419866673828125 0.8229021119791667 0.434116927734375 0.8215775885416666 0.560830080078125 0.19105199739583334 0.5499354921875 0.18857989583333334 0.54289674609375 0.1858887916666667
0 0.61507595703125 0.2812126953125 0.554621306640625 0.25640604166666664 0.552400193359375 0.25386365364583335 0.441992322265625 0.8262817630208333 0.497301921875 0.84065534375 0.61507595703125 0.2812126953125
0 0.658008525390625 0.25868348177083333 0.6324285859375 0.24890357552083334 0.629016892578125 0.24590599479166667 0.4981295234375 0.8545173229166667 0.528130572265625 0.8626011484374999 0.658008525390625 0.25868348177083333
0 0.6927020703125 0.268561375 0.66595715234375 0.2583360651041667 0.663874146484375 0.2609260677083333 0.531813654296875 0.8690888776041666 0.558295328125 0.8758271510416668 0.6927020703125 0.268561375
0 0.72302148828125 0.2987784661458333 0.69159134765625 0.2867618671875 0.56434276171875 0.8595140963541666 0.580766501953125 0.8657933385416667 0.592497744140625 0.8702785104166666 0.72302148828125 0.2987784661458333
0 0.75771503125 0.3086563567708333 0.728976630859375 0.29597569010416663 0.59719929296875 0.8602236692708334 0.610267369140625 0.8702995390625 0.624344859375 0.8756817447916667 0.75771503125 0.3086563567708333
0 0.6322202578125 0.8803859192708333 0.6595385859375 0.8891372630208334 0.7915538203125 0.340219 0.7704375859375 0.33214569010416667 0.767254685546875 0.3292355833333333 0.762562185546875 0.3274415130208333 0.6322202578125 0.8803859192708333
0 0.67999998046875 0.8766418619791666 0.6959235390625 0.8793434817708333 0.821900390625 0.33488936197916663 0.794351408203125 0.32266344010416664 0.7957551875 0.32658653385416664 0.66826873828125 0.8721566901041666 0.67999998046875 0.8766418619791666
0 0.852374466796875 0.38209753906250005 0.8221514921875 0.37054247395833334 0.820027169921875 0.3731166796875 0.70162544921875 0.8764438880208334 0.733636275390625 0.8869893020833333 0.852374466796875 0.38209753906250005
0 0.739778373046875 0.9011899635416666 0.768820947265625 0.9122937291666666 0.896116533203125 0.397128125 0.866788427734375 0.3859151927083333 0.73764677734375 0.9037613880208334 0.739778373046875 0.9011899635416666
0 0.77719652734375 0.9205755260416667 0.807024814453125 0.9353660833333333 0.946733634765625 0.40970763541666666 0.9467426875 0.3978587265625 0.931492072265625 0.3920280026041667 0.913522634765625 0.38854418749999997 0.7746865703125 0.9145363151041667 0.77719652734375 0.9205755260416667
0 0.82244819140625 0.9344900781250001 0.837362333984375 0.9418853541666666 0.84859339453125 0.9427929036458332 0.986965380859375 0.4115437604166667 0.970541642578125 0.4052645182291667 0.9537549296875 0.4022328932291667 0.81725551171875 0.9291183828124999 0.82244819140625 0.9344900781250001