0 0.23077487890625 0.8599031302083334 0.246038673828125 0.8531563750000001 0.036034771484375 0.31592899479166664 0.0123865390625 0.32609444531250004 0.23077487890625 0.8599031302083334
0 0.06314294921875 0.309456734375 0.04422053515625 0.31602994270833334 0.254853701171875 0.8458163958333333 0.270797935546875 0.838574359375 0.06314294921875 0.309456734375
0 0.27309220703125 0.8406474427083334 0.289593716796875 0.8359707708333333 0.09126391015625 0.3010775625 0.0666169453125 0.30847217187500003 0.27309220703125 0.8406474427083334
0 0.292383873046875 0.8363904895833333 0.31149090625 0.8309753880208333 0.117604056640625 0.2909501901041667 0.09006650390625 0.3018263619791667 0.292383873046875 0.8363904895833333
0 0.141622685546875 0.2835835755208333 0.12077865234375 0.28949095572916667 0.3153341484375 0.8323070416666667 0.33063083203125 0.8256107109375 0.141622685546875 0.2835835755208333
0 0.334256552734375 0.8257337942708333 0.349889591796875 0.8213032552083334 0.167072576171875 0.2755992057291667 0.144412837890625 0.28400327343750004 0.334256552734375 0.8257337942708333
0 0.18523243359375 0.27243464322916666 0.16959939453125 0.2768651822916667 0.353732833984375 0.8226349088541666 0.365974056640625 0.8155941328125 0.18523243359375 0.27243464322916666
0 0.369550501953125 0.819362515625 0.381709544921875 0.8159165364583334 0.204123205078125 0.26376755989583334 0.188521802734375 0.2702919557291667 0.369550501953125 0.819362515625
0 0.3850282421875 0.8176592109374999 0.3991955703125 0.8116266796875 0.227179080078125 0.25533741145833333 0.207621775390625 0.26473775781250003 0.3850282421875 0.8176592109374999
0 0.245672892578125 0.2519363333333333 0.228456720703125 0.2578242578125 0.4015206875 0.8119763802083333 0.41408662109375 0.8053890416666666 0.245672892578125 0.2519363333333333
0 0.2663539375 0.24405776041666669 0.2501692421875 0.25167073958333336 0.418013095703125 0.8062936302083333 0.4310043125 0.8032551119791668 0.2663539375 0.24405776041666669
0 0.433519603515625 0.8039163359375 0.445669505859375 0.79946421875 0.2857460546875 0.2365203958333333 0.270126560546875 0.2439972578125 0.433519603515625 0.8039163359375
0 0.30786997265625 0.22926565624999998 0.28791265625 0.23693913802083333 0.44757856640625 0.8019492864583334 0.464640888671875 0.7950962916666667 0.30786997265625 0.22926565624999998
0 0.330152416015625 0.22194192708333335 0.309625177734375 0.23078561979166667 0.4679974453125 0.7971711223958334 0.484489841796875 0.7914883098958333 0.330152416015625 0.22194192708333335
0 0.4852136640625 0.791283171875 0.4901260859375 0.7888822890624999 0.33953691796875 0.21905697395833335 0.3330474140625 0.22112145833333333 0.4852136640625 0.791283171875
0 0.348246216796875 0.21681398697916665 0.341162529296875 0.21983025520833333 0.49260496484375 0.7901971380208334 0.49758144921875 0.7877145 0.348246216796875 0.21681398697916665
0 0.499426482421875 0.7902812473958334 0.524911572265625 0.7840672083333334 0.382183521484375 0.20475193229166666 0.34984756640625 0.21736884114583332 0.499426482421875 0.7902812473958334
0 0.526512978515625 0.7846220807291666 0.55112049609375 0.77764809375 0.417496759765625 0.191415921875 0.385573515625 0.2042177161458333 0.526512978515625 0.7846220807291666
0 0.443012080078125 0.18491303125 0.421191244140625 0.19513203385416666 0.553183451171875 0.7810982057291667 0.57143101171875 0.7769354140625001 0.443012080078125 0.18491303125
0 0.469374853515625 0.1794589895833333 0.4450750390625 0.18836315625 0.57390998828125 0.7782502369791667 0.591696083984375 0.7711921145833333 0.469374853515625 0.1794589895833333
0 0.501066060546875 0.16946873437499999 0.47387125 0.17919336458333335 0.59391288671875 0.7756072838541667 0.6144401328125 0.7667636380208332 0.501066060546875 0.16946873437499999
0 0.526243546875 0.16132450520833333 0.503391181640625 0.16981846614583332 0.61665683984375 0.7711788359375 0.633681353515625 0.7646729453125 0.526243546875 0.16132450520833333
0 0.63593592578125 0.7687410833333334 0.656770865234375 0.7618275520833334 0.5568000078125 0.15193616145833333 0.52913854296875 0.1605040390625 0.63593592578125 0.7687410833333334
0 0.57923115625 0.14731606249999998 0.561291306640625 0.1534090625 0.657648447265625 0.7625875651041666 0.671432623046875 0.7561925234375 0.57923115625 0.14731606249999998
0 0.65033 0.11405297395833335 0.589580419921875 0.1363134140625 0.679976474609375 0.7602943776041666 0.725561884765625 0.7408518177083333 0.65033 0.11405297395833335
0 0.729345369140625 0.7473115286458333 0.779546390625 0.7300580078125 0.728470865234375 0.09108072135416667 0.666298068359375 0.11457096093750001 0.729345369140625 0.7473115286458333
0 0.81979614453125 0.061990015625 0.73386907421875 0.09239466927083334 0.7802701171875 0.7298528958333333 0.84262658984375 0.7132212109374999 0.81979614453125 0.061990015625
0 0.8529530234375 0.7112713098958333 0.91741240625 0.698046453125 0.91611791796875 0.0256133125 0.827296388671875 0.05863546354166666 0.8529530234375 0.7112713098958333