0 0.12409770703125 0.9202403098958333 0.1633584609375 0.9110100026041666 0.051085734375 0.35565078645833337 0.0100130703125 0.3631034635416666 0.12409770703125 0.9202403098958333
0 0.164583646484375 0.9140273828125 0.204363009765625 0.9024715338541666 0.098217572265625 0.34346815885416665 0.0526306328125 0.3541857682291667 0.164583646484375 0.9140273828125
0 0.23268903515625 0.8980156250000001 0.242303916015625 0.8957551432291666 0.14096591796875 0.33562152864583333 0.100999578125 0.34501771875000004 0.204363009765625 0.9024715338541666 0.2055881953125 0.9054889140625 0.23268903515625 0.8980156250000001
0 0.2454142109375 0.9005329453124999 0.269828701171875 0.8914876093749999 0.170753107421875 0.32972028645833334 0.14267438671875 0.33521986197916664 0.2454142109375 0.9005329453124999
0 0.202284095703125 0.32451088802083333 0.1743544375 0.33107722395833333 0.272373736328125 0.8919910729166666 0.2858535 0.8877201354166666 0.2967882265625 0.8829457369791666 0.202284095703125 0.32451088802083333
0 0.253162126953125 0.37755602083333334 0.25125030859375 0.36368198437500004 0.247764080078125 0.34356725 0.211028931640625 0.35220377864583335 0.2998985234375 0.8877235390624999 0.3319481171875 0.8801885937499999 0.253162126953125 0.37755602083333334
0 0.33345593359375 0.8853431458333333 0.345454587890625 0.8880312734375 0.3542682265625 0.8859591640625001 0.364260400390625 0.8803045520833334 0.28139484765625 0.3599003489583333 0.27048006640625 0.3591610182291667 0.2608651875 0.36142150260416667 0.2524088984375 0.36561321614583336 0.33345593359375 0.8853431458333333
0 0.368474509765625 0.8815174192708333 0.410138982421875 0.8717219921875 0.329725166015625 0.3386214895833333 0.289662822265625 0.3469384453125 0.368474509765625 0.8815174192708333
0 0.484795607421875 0.8552718307291666 0.516515921875 0.8389998359374999 0.382558986328125 0.3383200130208333 0.352173076171875 0.3509728619791667 0.484795607421875 0.8552718307291666
0 0.520112759765625 0.8469686744791667 0.54974405078125 0.8278823880208334 0.423422220703125 0.3287129583333333 0.3912779609375 0.3417792005208333 0.520112759765625 0.8469686744791667
0 0.44930195703125 0.2620291015625 0.420537404296875 0.274300765625 0.55464479296875 0.8399519114583334 0.567182001953125 0.8348007630208333 0.58221758984375 0.8235531979166667 0.44930195703125 0.2620291015625
0 0.49068380078125 0.2500965052083333 0.46353245703125 0.2619888984375 0.58989934765625 0.8316634739583333 0.607526625 0.8275192526041667 0.617094853515625 0.8186588880208333 0.49068380078125 0.2500965052083333
0 0.625436533203125 0.8255122031250001 0.667290333984375 0.8046541796875001 0.568730630859375 0.27802344010416663 0.52075976953125 0.29481055729166666 0.625436533203125 0.8255122031250001
0 0.686258482421875 0.8222308854166666 0.73056698046875 0.8140174583333333 0.6887553515625 0.25421254427083334 0.63347998046875 0.26610612239583337 0.686258482421875 0.8222308854166666
0 0.7289148828125 0.7824534270833333 0.753753322265625 0.7766138463541666 0.726453232421875 0.2828111588541667 0.693319765625 0.2883973072916667 0.7289148828125 0.7824534270833333
0 0.7961624609375 0.24769159375000002 0.73936278125 0.25443449739583335 0.764404056640625 0.7884333359375 0.811959841796875 0.7794564635416666 0.81662596484375 0.7772576380208333 0.7961624609375 0.24769159375000002
0 0.818464423828125 0.7724181770833334 0.868706556640625 0.7650133515625 0.862665373046875 0.23205658333333334 0.80281774609375 0.240617875 0.818464423828125 0.7724181770833334
0 0.87945195703125 0.7713015468750001 0.90471433984375 0.7686677187500001 0.895426986328125 0.15494031249999998 0.863922673828125 0.15904163541666666 0.87945195703125 0.7713015468750001
0 0.908201931640625 0.7700513958333333 0.934265552734375 0.7672291953125 0.9282778203125 0.14721699479166667 0.89692297265625 0.152384984375 0.908201931640625 0.7700513958333333
0 0.935868033203125 0.7668524479166666 0.955380419921875 0.7644686510416667 0.95245633203125 0.14263436979166666 0.9337891484375 0.14371764843749998 0.935868033203125 0.7668524479166666
0 0.972103232421875 0.2349744713541667 0.963712400390625 0.16727795833333334 0.959495634765625 0.13539199739583332 0.952268365234375 0.13496590364583333 0.957672876953125 0.7617260703125001 0.9747514921875 0.7610162682291667 0.972103232421875 0.2349744713541667