0 0.4961856328125 0 0.26538351171875 0.06955054166666667 0.238788451171875 0.07971855729166667 0.251047962890625 0.14366199739583332 0.678777626953125 0.009892497395833333 0.677263763671875 0 0.4961856328125 0
0 0.68360794921875 0.08604596354166666 0.67064962890625 0.015052682291666668 0.251455861328125 0.1455586796875 0.2665828046875 0.2166976510416667 0.68360794921875 0.08604596354166666
0 0.272049771484375 0.23415897135416666 0.28357545703125 0.2913315026041667 0.705912943359375 0.15038677604166667 0.69875969921875 0.09564779947916667 0.272049771484375 0.23415897135416666
0 0.28479915234375 0.29702154166666667 0.296528734375 0.3551424036458333 0.717339126953125 0.210676265625 0.709882443359375 0.15810593229166667 0.28479915234375 0.29702154166666667
0 0.312441810546875 0.4362954322916666 0.3308767734375 0.48980008333333336 0.730302427734375 0.28885181249999997 0.72121916015625 0.2358770859375 0.312441810546875 0.4362954322916666
0 0.328752783203125 0.5049805546875 0.344745337890625 0.5542873255208333 0.73746065625 0.35077305468750003 0.727863796875 0.29883193229166666 0.328752783203125 0.5049805546875
0 0.340074529296875 0.5612047786458333 0.362588458984375 0.6336761640625 0.7700376171875 0.4235024661458333 0.7569681875 0.35543236197916667 0.340074529296875 0.5612047786458333
0 0.358733400390625 0.6443869973958333 0.376670958984375 0.7134765104166667 0.785035427734375 0.5039791484375 0.77370370703125 0.4333903229166667 0.358733400390625 0.6443869973958333
0 0.769431287109375 0.5746030651041667 0.765133326171875 0.5331408463541667 0.37321882421875 0.7189016145833333 0.4028710078125 0.8245650546875 0.779738232421875 0.6332677682291666 0.77637057421875 0.6140290130208333 0.77493791796875 0.6002082734374999 0.769431287109375 0.5746030651041667
0 0.805028 0.750862296875 0.79635264453125 0.6997843125 0.7931889375 0.6814938619791667 0.79038895703125 0.664361875 0.3991154375 0.8321588723958334 0.41828669140625 0.9213030156249999 0.805028 0.750862296875
0 0.46181148828125 1 0.855398068359375 0.8311574010416667 0.84877219140625 0.8039274114583334 0.8443897734375 0.7871291875 0.83745049609375 0.7477032369791666 0.4204306953125 0.9348517838541667 0.435104806640625 1 0.46181148828125 1