0 0.510773673828125 1 0.127496220703125 0.8680905234375 0.1266371640625 0.8706479140625 0.443955875 1 0.510773673828125 1
0 0.55997334765625 1 0.56921989453125 0.9596745520833333 0.14024446875 0.8069267708333333 0.126588734375 0.8609143932291666 0.1272465625 0.8636124166666667 0.52078397265625 1 0.55997334765625 1
0 0.57155462109375 0.96062628125 0.575754876953125 0.9478752994791666 0.579096109375 0.9305202708333334 0.578772306640625 0.9235820755208333 0.18557989453125 0.784570140625 0.182271666015625 0.7934308723958333 0.179417181640625 0.8058796692708333 0.178699728515625 0.8173589296875 0.57155462109375 0.96062628125
0 0.57801021875 0.9241221901041666 0.5818051953125 0.9103552265625 0.5846596796875 0.8979064296875 0.58474115234375 0.8919842161458332 0.1936081328125 0.7495578958333334 0.192359294921875 0.7550042473958333 0.188564318359375 0.7687712109375 0.1880274375 0.7794629661458333 0.57801021875 0.9241221901041666
0 0.58872999609375 0.8885055807291667 0.59836387890625 0.846490890625 0.165967833984375 0.6863932994791666 0.155831935546875 0.73059734375 0.58872999609375 0.8885055807291667
0 0.5986237578125 0.839790625 0.60807923828125 0.7985539843749999 0.17698049609375 0.6355821276041667 0.16649057421875 0.6813301145833334 0.5986237578125 0.839790625
0 0.186290576171875 0.5866292395833334 0.1761214765625 0.6309780807291666 0.609376541015625 0.7956797161458334 0.619367236328125 0.7521089270833333 0.186290576171875 0.5866292395833334
0 0.621426626953125 0.7486945416666666 0.631012046875 0.7041077682291667 0.19730323828125 0.5358180703125001 0.186818935546875 0.5815415468749999 0.621426626953125 0.7486945416666666
0 0.20104975 0.5194790208333333 0.19994241796875 0.5298751458333334 0.632130943359375 0.7020115520833333 0.64426250390625 0.6491041640625 0.21220780859375 0.4763840963541666 0.20104975 0.5194790208333333
0 0.647700669921875 0.636893296875 0.654350130859375 0.6106775364583333 0.65598878515625 0.5951807916666666 0.224242435546875 0.4183325442708334 0.21817665625 0.44478623697916664 0.212337216796875 0.47025282552083336 0.646370359375 0.6482618619791667 0.647700669921875 0.636893296875
0 0.658656326171875 0.5918976302083333 0.67236052734375 0.5404820911458333 0.23369146484375 0.35485643489583335 0.220873025390625 0.4107593984375 0.658656326171875 0.5918976302083333
0 0.671906783203125 0.5368940260416667 0.67583169921875 0.5197769270833333 0.684622025390625 0.48422457031250005 0.24684498828125 0.2947086640625 0.244704125 0.3040452604166667 0.24176816796875 0.3224162734375 0.238378466796875 0.33719921875 0.2349705390625 0.3492782161458334 0.671906783203125 0.5368940260416667
0 0.682238830078125 0.48070075520833333 0.702462552734375 0.40641958333333333 0.263405759765625 0.20021727083333332 0.2445762734375 0.2767683411458333 0.682238830078125 0.48070075520833333
0 0.282446658203125 0.11439385677083334 0.272682833984375 0.1597586796875 0.267995830078125 0.17741589322916665 0.2642493203125 0.1937549401041667 0.7008414453125 0.4023556536458333 0.721113634765625 0.33064656770833334 0.282446658203125 0.11439385677083334
0 0.72043301953125 0.32526447135416664 0.731509607421875 0.2880917604166667 0.33751081640625 0.08579375 0.32813680859375 0.1211081796875 0.72043301953125 0.32526447135416664
0 0.72948322265625 0.28301184635416665 0.7411434921875 0.24607706770833335 0.34829660546875 0.033188546874999995 0.33843584765625 0.07340920833333334 0.72948322265625 0.28301184635416665
0 0.355499568359375 0 0.348784373046875 0.025494424479166666 0.740641283203125 0.23991691927083333 0.751490998046875 0.20095017708333332 0.38067414453125 0 0.355499568359375 0
0 0.38940336328125 0 0.749594552734375 0.1925201328125 0.75853027734375 0.16468401822916667 0.45207844921875 0 0.38940336328125 0
0 0.4661883671875 0 0.7559202109375 0.15936617447916665 0.76012046484375 0.14661519270833334 0.76409384765625 0.13207017708333332 0.530546115234375 0 0.4661883671875 0