0 0.479255888671875 0 0.16397860546875 0.1751433489583333 0.171332423828125 0.21173645052083334 0.43981501171875 0.06556577083333333 0.55210138671875 0.007374588541666667 0.55015428125 0 0.479255888671875 0
0 0.17287958984375 0.21486055468749998 0.18069301953125 0.25374071354166666 0.56145324609375 0.053910078125000004 0.55159510546875 0.013374276041666668 0.17287958984375 0.21486055468749998
0 0.179867037109375 0.25542492447916665 0.186289208984375 0.29500634375 0.570914640625 0.09717936197916667 0.561120146484375 0.05589181770833334 0.179867037109375 0.25542492447916665
0 0.206367630859375 0.30723894791666667 0.213261818359375 0.3415448984375 0.58656341796875 0.152002140625 0.57827148046875 0.1170179453125 0.206367630859375 0.30723894791666667
0 0.5955641796875 0.19679054427083334 0.586857421875 0.16108937239583335 0.214219349609375 0.3463096380208333 0.222543083984375 0.38010486197916665 0.494602818359375 0.2471595989583333 0.5955641796875 0.19679054427083334
0 0.219735275390625 0.3851935026041667 0.230254576171875 0.4222897630208333 0.608895095703125 0.24424880729166668 0.598334267578125 0.2029504375 0.219735275390625 0.3851935026041667
0 0.230637599609375 0.4241957109375 0.23972735546875 0.46180270052083333 0.617895638671875 0.28484373958333337 0.608956076171875 0.24818102083333335 0.230637599609375 0.4241957109375
0 0.61046022265625 0.3526542578125 0.610134744140625 0.34172526822916666 0.60266603515625 0.3045604609375 0.24750087890625 0.46617503906249996 0.255684337890625 0.5030844921875001 0.61046022265625 0.3526542578125
0 0.250540673828125 0.5079862578125 0.2587241796875 0.5448956953125 0.613172185546875 0.3954958828125 0.602949228515625 0.35552739322916665 0.250540673828125 0.5079862578125
0 0.258583904296875 0.5480099244791666 0.269499703125 0.6023276744791667 0.65111834375 0.44596977864583337 0.637490388671875 0.39016969791666667 0.258583904296875 0.5480099244791666
0 0.2720270703125 0.6034675208333333 0.2809765625 0.6441888046875001 0.663951498046875 0.49305887760416667 0.653512140625 0.45083428124999997 0.2720270703125 0.6034675208333333
0 0.28441017578125 0.6460262057291667 0.295274751953125 0.6962768203124999 0.677529408203125 0.5522387109375 0.66523171875 0.4977153203125 0.28441017578125 0.6460262057291667
0 0.2935134296875 0.6989488645833334 0.302131169921875 0.7418313203125 0.680910888671875 0.6024209244791666 0.67100385546875 0.5569349765625 0.2935134296875 0.6989488645833334
0 0.690486146484375 0.6500680546875001 0.682008658203125 0.6040713802083334 0.30446701171875 0.7420181328125 0.31230708203125 0.7849446171875 0.690486146484375 0.6500680546875001
0 0.31165520703125 0.7854113151041666 0.321090212890625 0.8361728020833333 0.71263263671875 0.7059528255208334 0.700212501953125 0.6527213854166667 0.31165520703125 0.7854113151041666
0 0.322902755859375 0.8375678932291667 0.33258053125 0.8933494088541667 0.729986720703125 0.7671536015624999 0.716131751953125 0.7052517161458334 0.322902755859375 0.8375678932291667
0 0.744280330078125 0.8218904166666667 0.733877005859375 0.7744927526041666 0.3387842578125 0.9013468307291667 0.342716849609375 0.9285399166666667 0.347925296875 0.9430210052083333 0.744280330078125 0.8218904166666667
0 0.6799532734375 0.868317328125 0.67464235546875 0.8457019687499999 0.360510708984375 0.9446526223958333 0.3658216015625 0.9672679895833333 0.63330134375 0.8839629947916667 0.6799532734375 0.868317328125
0 0.370544533203125 0.9717088697916667 0.3765701953125 0.9940687369791666 0.687490474609375 0.9036574739583334 0.680387515625 0.8742902760416666 0.370544533203125 0.9717088697916667
0 0.549369685546875 1 0.742544751953125 0.9309851953125 0.7356059375 0.8974599348958333 0.40150563671875 1 0.549369685546875 1