0 0.100477861328125 0.8060435494791666 0.141330734375 0.8062768828125 0.13609032421875 0.20247509374999997 0.0999011015625 0.20138124999999998 0.100477861328125 0.8060435494791666
0 0.14229601953125 0.8121752630208333 0.163602474609375 0.8116793880208334 0.160762578125 0.22470814583333332 0.13992034765625 0.22370090885416669 0.14229601953125 0.8121752630208333
0 0.18078871875 0.22511808333333336 0.162161033203125 0.22673577343749998 0.16804127734375 0.8115760833333333 0.185048169921875 0.8114719739583333 0.18078871875 0.22511808333333336
0 0.192852365234375 0.8074461197916666 0.218582125 0.8056631796875 0.212453919921875 0.20188201302083333 0.185876642578125 0.20328714843749998 0.192852365234375 0.8074461197916666
0 0.219500916015625 0.8080101197916667 0.243455203125 0.8062684192708334 0.237643615234375 0.2033846380208333 0.21156618359375 0.201902671875 0.219500916015625 0.8080101197916667
0 0.2783193515625 0.21337490364583334 0.24192077734375 0.2142220234375 0.247037265625 0.8085533749999999 0.284608287109375 0.8065503072916668 0.2783193515625 0.21337490364583334
0 0.28698684765625 0.8076236119791668 0.319849794921875 0.8080429791666667 0.314916650390625 0.21200448177083334 0.278303853515625 0.21219110677083333 0.28698684765625 0.8076236119791668
0 0.353912505859375 0.08609417708333333 0.313947427734375 0.08584013802083333 0.319927283203125 0.8139620182291667 0.36342798828125 0.8129496067708333 0.353912505859375 0.08609417708333333
0 0.40171484375 0.27800044791666667 0.363540794921875 0.278888890625 0.3695493984375 0.8057020989583333 0.409555162109375 0.8010378020833334 0.40171484375 0.27800044791666667
0 0.409452546875 0.8012209739583334 0.448498892578125 0.7991280286458333 0.441828453125 0.28197858593749997 0.402664630859375 0.2827149869791667 0.409452546875 0.8012209739583334
0 0.476090376953125 0.1933779505208333 0.441467392578125 0.19418374479166667 0.450336416015625 0.8038219088541667 0.487668263671875 0.79921984375 0.476090376953125 0.1933779505208333
0 0.516863865234375 0.1942816640625 0.48232026953125 0.194417140625 0.488479529296875 0.8005658645833332 0.508041447265625 0.8024789140625 0.52489354296875 0.8009025885416667 0.516863865234375 0.1942816640625
0 0.543138056640625 0.2273424609375 0.5191837109375 0.22908411979166665 0.526792998046875 0.8103316666666666 0.550295091796875 0.8081805572916667 0.543138056640625 0.2273424609375
0 0.550623361328125 0.7991195651041667 0.57196075390625 0.8009912942708333 0.563727189453125 0.23988908854166668 0.544196267578125 0.24034363802083333 0.550623361328125 0.7991195651041667
0 0.57462408203125 0.8009293098958333 0.599497162109375 0.8015346276041666 0.590060810546875 0.18997355729166665 0.567499599609375 0.18888222395833332 0.57462408203125 0.8009293098958333
0 0.614613421875 0.19252238541666666 0.59153143359375 0.19305958072916665 0.601272634765625 0.8014933072916667 0.62611471875 0.7997309453125 0.614613421875 0.19252238541666666
0 0.62603723046875 0.793811984375 0.667731408203125 0.79047321875 0.662417689453125 0.19610325520833335 0.617354119140625 0.19837942187500002 0.62603723046875 0.793811984375
0 0.72587901171875 0.21243196875 0.702766029296875 0.2106015651041667 0.68412284375 0.21103545572916668 0.662006080078125 0.21747101302083335 0.669491384765625 0.7892481380208333 0.705064154296875 0.7931568776041668 0.73169720703125 0.7925370364583334 0.752069373046875 0.7885103854166666 0.74632866796875 0.214324375 0.72587901171875 0.21243196875
0 0.760238478515625 0.19150151302083332 0.754779197265625 0.7919998385416666 0.77525996484375 0.7962598255208334 0.79659735546875 0.7981315520833333 0.816143775390625 0.7988608411458333 0.82843666796875 0.7912889973958334 0.8428165859375 0.19076379947916666 0.760238478515625 0.19150151302083332