0 0.83695397265625 0.8173144791666668 0.82994891015625 0.783810640625 0.521044189453125 0.9545345989583334 0.5282061015625 0.9890223333333333 0.83695397265625 0.8173144791666668
0 0.829441439453125 0.7806273541666666 0.821978671875 0.7494713020833333 0.511770462890625 0.9172375807291666 0.519100064453125 0.9527771953125 0.829441439453125 0.7806273541666666
0 0.822894083984375 0.7447757265625 0.815381548828125 0.7080886015625 0.49858626953125 0.8710674973958333 0.508063591796875 0.9148605364583333 0.822894083984375 0.7447757265625
0 0.81328204296875 0.705356515625 0.807361546875 0.6682181927083333 0.488516521484375 0.8339960755208334 0.49858626953125 0.8710674973958333 0.81328204296875 0.705356515625
0 0.80765009375 0.6648093098958333 0.798276833984375 0.616450140625 0.50907351171875 0.75940984375 0.520426888671875 0.814971078125 0.80765009375 0.6648093098958333
0 0.7987345390625 0.6141023515625 0.78704284765625 0.5564189296875001 0.4717400703125 0.7078844817708334 0.485340951171875 0.7671061666666666 0.7987345390625 0.6141023515625
0 0.78938113671875 0.5502110598958333 0.778654619140625 0.49336313281250005 0.4571030859375 0.6421634947916667 0.472174140625 0.7053884348958334 0.78938113671875 0.5502110598958333
0 0.777181974609375 0.48934434895833334 0.769500283203125 0.4515961328125 0.408078197265625 0.6216774791666667 0.41592904296875 0.6604867942708333 0.777181974609375 0.48934434895833334
0 0.429709947265625 0.5955842109375 0.431712083984375 0.6081432994791667 0.771550025390625 0.4487971458333333 0.7709927890625 0.44008278906250003 0.766694240234375 0.4235564661458333 0.76449519921875 0.4097622317708333 0.758654376953125 0.39921818229166667 0.420605376953125 0.5593482864583333 0.4222471796875 0.5644281588541666 0.42671488671875 0.5820155755208333 0.429709947265625 0.5955842109375
0 0.75713196484375 0.38966832812499996 0.759131939453125 0.3813382708333333 0.75886325 0.36921502864583333 0.754246244140625 0.335034390625 0.747728796875 0.3202459609375 0.743360623046875 0.3137206927083333 0.400047896484375 0.4564889765625 0.420256529296875 0.5415033411458333 0.75713196484375 0.38966832812499996
0 0.754236193359375 0.2984390703125 0.75244508984375 0.2767659739583333 0.748365462890625 0.2668318203125 0.394366181640625 0.4104106979166667 0.399729439453125 0.43883466145833333 0.4034365859375 0.4464323125 0.754455115234375 0.3050312369791667 0.754236193359375 0.2984390703125
0 0.74567880859375 0.2343221796875 0.74147979296875 0.22885800520833333 0.384704375 0.3654604140625 0.394280572265625 0.40465478645833336 0.74882316796875 0.2644840338541667 0.750365439453125 0.25850176302083333 0.74567880859375 0.2343221796875
0 0.401818650390625 0.3162486588541667 0.406624669921875 0.3359582630208333 0.405771064453125 0.3514793046875 0.744444943359375 0.22136344010416667 0.745648900390625 0.21325898177083333 0.743111544921875 0.1973425572916667 0.74074334765625 0.18248722916666668 0.736902501953125 0.16361311979166668 0.733837818359375 0.16004553385416667 0.394306119140625 0.27956153385416666 0.396166845703125 0.291233578125 0.401818650390625 0.3162486588541667
0 0.390066265625 0.2738412005208333 0.733957208984375 0.15557555729166667 0.731996947265625 0.1328413671875 0.728494416015625 0.11608944791666666 0.7240764765625 0.10403310416666667 0.721131185546875 0.09599554166666667 0.377111919921875 0.21345625000000001 0.3812413125 0.22892147395833332 0.386216490234375 0.24969217708333333 0.390066265625 0.2738412005208333
0 0.719489380859375 0.09091566666666667 0.71163853515625 0.05210635156249999 0.38679333984375 0.154151640625 0.395396349609375 0.19246025 0.719489380859375 0.09091566666666667
0 0.709200712890625 0.047252072916666665 0.700504080078125 0.003137283854166667 0.37305190625 0.099267203125 0.383413927734375 0.13817202604166667 0.709200712890625 0.047252072916666665