0 0.085348626953125 0.6267543541666667 0.130710435546875 0.6396102864583334 0.17220959375 0.18102384114583334 0.1189287265625 0.165923578125 0.085348626953125 0.6267543541666667
0 0.1405986875 0.6401940859375 0.192496263671875 0.653793 0.23877034765625 0.19655980989583333 0.18072975 0.18011059635416668 0.1405986875 0.6401940859375
0 0.195002751953125 0.6589406041666667 0.22637817578125 0.6656140520833334 0.274344251953125 0.19776728124999998 0.24091976171875 0.1882944895833333 0.195002751953125 0.6589406041666667
0 0.231153103515625 0.6669673072916668 0.259802666015625 0.6750868437499999 0.306465322265625 0.21019860677083335 0.2769287734375 0.20293700260416667 0.231153103515625 0.6669673072916668
0 0.26105591015625 0.6776606458333333 0.29271955859375 0.6877437109375001 0.34051643359375 0.22095829947916668 0.30851438671875 0.21299795052083334 0.26105591015625 0.6776606458333333
0 0.3769550078125 0.23239461979166667 0.342734697265625 0.22269628385416665 0.29573364453125 0.6897072395833334 0.311311669921875 0.6963408098958334 0.326939869140625 0.697442046875 0.3769550078125 0.23239461979166667
0 0.328650537109375 0.7023641067708333 0.360483384765625 0.7113858151041667 0.41066772265625 0.24527703125 0.3780390546875 0.23602978125 0.328650537109375 0.7023641067708333
0 0.36173662890625 0.7139596145833332 0.3947036953125 0.7210841510416667 0.448071318359375 0.25587753645833333 0.4124285625 0.2446667578125 0.36173662890625 0.7139596145833332
0 0.398971025390625 0.7256214817708333 0.409774123046875 0.7309017942708333 0.454412251953125 0.330889109375 0.44242778515625 0.32860191666666666 0.398971025390625 0.7256214817708333
0 0.491497224609375 0.21826584375 0.469045033203125 0.2130120078125 0.416479091796875 0.7305834192708334 0.42619814453125 0.7322285729166667 0.43529057421875 0.732586828125 0.491497224609375 0.21826584375
0 0.46996830859375 0.7446334192708334 0.4792299375 0.7439303151041666 0.52572339453125 0.2801034375 0.49179130859375 0.27381471875 0.4491077578125 0.7398306692708333 0.457692591796875 0.7433729973958334 0.46996830859375 0.7446334192708334
0 0.4796371875 0.7518109088541666 0.5146533203125 0.7617347864583334 0.569136484375 0.279095359375 0.52818221484375 0.2708164921875 0.4796371875 0.7518109088541666
0 0.51766740625 0.7636983177083333 0.553479359375 0.7738477369791666 0.613533271484375 0.29278710677083336 0.570998017578125 0.28406017447916665 0.51766740625 0.7636983177083333
0 0.5569508671875 0.7781595234375001 0.5851430078125 0.7839308020833333 0.65350634765625 0.26639926822916665 0.621666220703125 0.2584848072916667 0.5569508671875 0.7781595234375001
0 0.700340771484375 0.2752353125 0.664532 0.26619610416666667 0.58663430078125 0.7954465520833334 0.6180097265625 0.8021200026041666 0.699037353515625 0.27819384375 0.700340771484375 0.2752353125
0 0.619432169921875 0.8036324453125 0.650638392578125 0.8113672526041666 0.738997611328125 0.2884096197916667 0.7033677109375 0.27831179427083336 0.619432169921875 0.8036324453125
0 0.651265017578125 0.8126541510416666 0.6795761796875 0.8228964062499999 0.765722994140625 0.3503400442708333 0.735650986328125 0.3407080625 0.651265017578125 0.8126541510416666
0 0.683555287109375 0.8240241197916666 0.69821846484375 0.8259611692708333 0.713508267578125 0.829185125 0.7270372265625 0.8330193515625001 0.741819431640625 0.8394273776041666 0.756144212890625 0.8434871458333334 0.8693489453125 0.378599234375 0.786330673828125 0.3528525078125 0.683555287109375 0.8240241197916666