0 0.072276041015625 0.27393549739583334 0.059187046875 0.27511706510416667 0.049603220703125 0.27760094010416664 0.0392207421875 0.28029180729166664 0.0324427421875 0.2842592421875 0.16646517578125 0.8972758645833333 0.168528322265625 0.9000572864583334 0.1779346171875 0.9020409322916666 0.190380244140625 0.9021314895833333 0.207329466796875 0.8933171822916667 0.216136890625 0.8855076380208334 0.088714927734375 0.27299110416666666 0.084255822265625 0.27083065104166665 0.072276041015625 0.27393549739583334
0 0.13647877734375 0.2595065885416667 0.124343712890625 0.26154630208333335 0.109967974609375 0.2652721171875 0.09586247265625 0.2700332682291667 0.222348578125 0.8883192447916667 0.22982476171875 0.8941192630208333 0.24371241015625 0.8927307057291666 0.25409488671875 0.8900398411458333 0.26784950390625 0.8820534895833334 0.276967486328125 0.8763742135416667 0.15325047265625 0.25515980729166665 0.14765990625 0.25660873437500004 0.13647877734375 0.2595065885416667
0 0.256764234375 0.26591462239583336 0.177676361328125 0.2853067421875 0.28289086328125 0.8715228958333333 0.33016662109375 0.8603756380208334 0.3523513515625 0.859047453125 0.256764234375 0.26591462239583336
0 0.357897421875 0.8686638411458333 0.391751373046875 0.8621005442708333 0.29769481640625 0.28515170572916665 0.262554119140625 0.29425925 0.357897421875 0.8686638411458333
0 0.398672720703125 0.8868357916666666 0.410652501953125 0.8837309479166667 0.2995368515625 0.22387848697916668 0.288200439453125 0.22571121093750002 0.398672720703125 0.8868357916666666
0 0.4461482578125 0.8656883515625 0.489275474609375 0.8545109088541666 0.3581939765625 0.160039453125 0.307878890625 0.17307980208333332 0.4461482578125 0.8656883515625
0 0.49739502734375 0.8590388020833334 0.53830381640625 0.8440148072916666 0.4100841171875 0.15211778125 0.36474384375 0.16386879166666665 0.49739502734375 0.8590388020833334
0 0.55614023046875 0.8526566171875 0.600887 0.8355325364583334 0.462639880859375 0.13739133072916668 0.41569253125 0.15508574218750001 0.55614023046875 0.8526566171875
0 0.5236257578125 0.1293230390625 0.46689920703125 0.14955196614583333 0.612178916015625 0.8447651328125 0.654529728515625 0.8282620208333333 0.659654451171875 0.8236176901041666 0.5236257578125 0.1293230390625
0 0.5486050859375 0.18696100000000002 0.536537849609375 0.18787775520833336 0.659588162109375 0.8004219244791666 0.6675301875 0.8094173463541666 0.681107275390625 0.8058985208333334 0.69308705859375 0.8027936770833333 0.69790121875 0.7960190807291667 0.57050150390625 0.17796988802083333 0.566352962890625 0.177939703125 0.564112287109375 0.1796258046875 0.5486050859375 0.18696100000000002
0 0.706779625 0.8335116510416666 0.779745287109375 0.8223385156249999 0.66645524609375 0.18736792708333336 0.584792947265625 0.21848105729166667 0.706779625 0.8335116510416666
0 0.6721440625 0.12288696874999999 0.796627765625 0.8301221822916666 0.8044367578125 0.8325198098958334 0.8184796875 0.8321963854166667 0.83125812109375 0.8288845520833333 0.838468240234375 0.8214889869791667 0.716571470703125 0.10474028125 0.707941578125 0.10808229947916666 0.68733190234375 0.11452916666666667 0.6721440625 0.12288696874999999
0 0.772454416015625 0.13557740104166668 0.759187890625 0.1412264921875 0.74512271484375 0.14708257552083334 0.729326427734375 0.15117655729166665 0.84485745703125 0.8198330703125 0.852666451171875 0.8222306979166666 0.872632755859375 0.8170559557291667 0.886853212890625 0.8122650078125 0.896304005859375 0.8031833385416666 0.78651959375 0.1297213203125 0.78587622265625 0.13099344270833332 0.77498829296875 0.129946484375 0.772454416015625 0.13557740104166668
0 0.897257939453125 0.804041484375 0.92583188671875 0.8010573776041667 0.823169515625 0.06274294791666667 0.7926825078125 0.07396051302083333 0.897257939453125 0.804041484375
0 0.85735627734375 0.0527772578125 0.82651940625 0.06298012239583334 0.9264975078125 0.7942525963541667 0.93463930859375 0.7932478359375 0.95666876171875 0.790854515625 0.85735627734375 0.0527772578125
0 0.95955280859375 0.7878962890625 0.989724060546875 0.7844982057291667 0.899507314453125 0.04627432812500001 0.865533162109375 0.05618491666666667 0.95955280859375 0.7878962890625