0 0.501222759765625 0 0.7668113984375 0.15250834895833335 0.7746140546875 0.12625896614583335 0.57029333203125 0.007475299479166667 0.54936968359375 0 0.501222759765625 0
0 0.40585726953125 0 0.7921751640625 0.2233386875 0.801659966796875 0.18871882552083333 0.482450158203125 0 0.40585726953125 0
0 0.404867490234375 0.0041060859375 0.396921857421875 0.0394516953125 0.78317665625 0.263923484375 0.79223816796875 0.23140995052083335 0.404867490234375 0.0041060859375
0 0.776957517578125 0.30325511718750003 0.787013794921875 0.26998394010416665 0.395293484375 0.04336220833333334 0.38872376171875 0.06347643229166666 0.3875584296875 0.077659984375 0.776957517578125 0.30325511718750003
0 0.386716126953125 0.08185133072916666 0.37930410546875 0.10615690104166665 0.7742619296875 0.32924570572916667 0.77943120703125 0.30771541666666663 0.386716126953125 0.08185133072916666
0 0.374587669921875 0.10447188020833333 0.368593443359375 0.12591477864583334 0.819825455078125 0.37921602604166665 0.822999763671875 0.3592280520833333 0.374587669921875 0.10447188020833333
0 0.3673299921875 0.13220179947916666 0.361967494140625 0.1505011875 0.81534714453125 0.4056927786458333 0.81930622265625 0.385992140625 0.3673299921875 0.13220179947916666
0 0.365939744140625 0.16427408333333335 0.357741650390625 0.1882988203125 0.746467123046875 0.4046687473958333 0.75199725 0.38553523958333336 0.365939744140625 0.16427408333333335
0 0.357474845703125 0.19381883854166668 0.35011905078125 0.21365222656250002 0.74240996484375 0.429049828125 0.746366744140625 0.4093606223958333 0.357474845703125 0.19381883854166668
0 0.34221530859375 0.2613665520833333 0.33184089453125 0.31718273697916666 0.701799875 0.4718177083333333 0.712648259765625 0.4220277942708333 0.34221530859375 0.2613665520833333
0 0.32921587109375 0.32186024739583335 0.316427009765625 0.3813061041666667 0.69351687109375 0.5339964218750001 0.705050546875 0.47660406770833336 0.32921587109375 0.32186024739583335
0 0.31993622265625 0.38480595833333336 0.304157416015625 0.44655281510416667 0.67731691796875 0.597838953125 0.690630126953125 0.5399762838541667 0.31993622265625 0.38480595833333336
0 0.30289396484375 0.45283983593750005 0.29247766015625 0.4962873046875 0.671771392578125 0.6463957890625 0.6803506953125 0.6037045911458333 0.30289396484375 0.45283983593750005
0 0.2881261484375 0.4969787942708333 0.28006805859375 0.5412687734375 0.69924091015625 0.7067477630208333 0.707396609375 0.6661644531250001 0.2881261484375 0.4969787942708333
0 0.278074763671875 0.5428027760416666 0.268598876953125 0.5899554244791666 0.69039675 0.75075690625 0.698339626953125 0.7112326067708333 0.278074763671875 0.5428027760416666
0 0.66214003125 0.7530155000000001 0.660829849609375 0.7427655156249999 0.270325369140625 0.5939414479166667 0.2624503046875 0.6079739765625 0.258505603515625 0.6234106901041666 0.255768125 0.6370325703125 0.256441740234375 0.6462577734375 0.649576083984375 0.7945726223958333 0.6558227734375 0.7844506015625 0.658770828125 0.7697808854166667 0.66214003125 0.7530155000000001
0 0.6478209140625 0.8242683958333333 0.65034781640625 0.8116943541666667 0.648978271484375 0.8059321484374999 0.254181642578125 0.6533117942708333 0.253184994140625 0.6540787916666667 0.2460397734375 0.67286434375 0.24182826953125 0.693821078125 0.241659583984375 0.7072376276041666 0.635102619140625 0.8624011718750001 0.638626171875 0.8490601302083333 0.64356751953125 0.8328564166666667 0.6478209140625 0.8242683958333333
0 0.240108595703125 0.7191478411458333 0.228274490234375 0.7654579843749999 0.652220005859375 0.9281498072916667 0.663899763671875 0.8784153203125 0.240108595703125 0.7191478411458333
0 0.233566423828125 0.7684716770833333 0.219472220703125 0.8218358385416668 0.6422667421875 0.9818703177083333 0.65326534765625 0.9355252786458333 0.233566423828125 0.7684716770833333
0 0.63151751171875 1 0.636080576171875 0.9833063854166667 0.21841934375 0.8270750234375001 0.212790041015625 0.8508944296875001 0.61207906640625 1 0.63151751171875 1
0 0.570219646484375 1 0.5709605078125 0.9971116640625 0.213505544921875 0.8724883489583334 0.21076806640625 0.8861102239583333 0.53238741015625 1 0.570219646484375 1
0 0.464391837890625 1 0.20147520703125 0.9030054322916666 0.19953211328125 0.9102912526041668 0.4506303125 1 0.464391837890625 1