0 0.43724651953125 0 0.344228830078125 0.042704744791666666 0.150628333984375 0.15955691666666666 0.163535107421875 0.1991494921875 0.496380140625 0 0.43724651953125 0
0 0.500951083984375 0 0.16190219140625 0.20321246354166667 0.17485528125 0.24609715104166666 0.557491029296875 0.01690584375 0.552962607421875 0 0.500951083984375 0
0 0.57031116015625 0.06454198177083333 0.556779923828125 0.019418552083333335 0.175433427734375 0.24833589062500003 0.187062494140625 0.29025414583333337 0.57031116015625 0.06454198177083333
0 0.19749880078125 0.30832248958333336 0.202702125 0.32847122916666666 0.210107587890625 0.34260061979166667 0.21436087109375 0.34816042708333333 0.58495809765625 0.14671571614583334 0.56674648046875 0.07619521354166667 0.195420060546875 0.29299970833333333 0.19749880078125 0.30832248958333336
0 0.22881453515625 0.4041290833333333 0.23193912109375 0.40895503645833337 0.600912376953125 0.21576848697916665 0.583306505859375 0.15123026302083334 0.216901111328125 0.35780463802083334 0.219591767578125 0.37205271614583335 0.223377369140625 0.39034816666666666 0.22881453515625 0.4041290833333333
0 0.225828005859375 0.4180211354166667 0.240254078125 0.47024616406249997 0.60725901171875 0.27671115104166666 0.59196573828125 0.22112796354166667 0.225828005859375 0.4180211354166667
0 0.63758243359375 0.3141252291666667 0.62431266015625 0.2663775911458333 0.23463823828125 0.4703202473958333 0.2470408125 0.5147097213541666 0.63758243359375 0.3141252291666667
0 0.648883912109375 0.36152438802083336 0.637031890625 0.3156300260416667 0.245100109375 0.518104875 0.255823470703125 0.5632652838541666 0.648883912109375 0.36152438802083336
0 0.25868656640625 0.5707154583333334 0.281179060546875 0.6505393958333333 0.703392001953125 0.441674953125 0.678256134765625 0.35256147656250003 0.25868656640625 0.5707154583333334
0 0.729380966796875 0.5386748723958333 0.70541551953125 0.44951058072916666 0.282046287109375 0.6538975442708334 0.304956453125 0.7387738645833334 0.729380966796875 0.5386748723958333
0 0.306878990234375 0.74641996875 0.326563591796875 0.8262810651041667 0.762810484375 0.6359860833333334 0.73644215234375 0.5441976901041666 0.306878990234375 0.74641996875
0 0.75977596875 0.7000128932291667 0.744799361328125 0.6492925755208333 0.33194553515625 0.8325748281249999 0.344925232421875 0.8815459583333333 0.75977596875 0.7000128932291667
0 0.7783448515625 0.7428234374999999 0.7685715546875 0.7122518619791666 0.33860887109375 0.8983805130208333 0.339242240234375 0.9081064062499999 0.342560140625 0.9391374218749999 0.353351619140625 0.9554685755208333 0.789564767578125 0.78757921875 0.7869618046875 0.7689173880208333 0.7783448515625 0.7428234374999999
0 0.78294408984375 0.8333664036458334 0.771408771484375 0.7923350625 0.366234865234375 0.950805875 0.379449369140625 0.9910662942708334 0.78294408984375 0.8333664036458334
0 0.503415486328125 1 0.79765921484375 0.8867108515625 0.7829717109375 0.837110015625 0.38060566015625 0.9955437760416667 0.381950818359375 1 0.503415486328125 1