0 0.700866248046875 1 0.730964794921875 0.9971490156249999 0.73137879296875 0.9474153255208333 0.344832369140625 0.9827241041666667 0.344922318359375 0.9930841953125 0.493454365234375 1 0.700866248046875 1
0 0.72100834765625 0.9362711119791666 0.71851208203125 0.8958787239583333 0.39182747265625 0.9185749322916666 0.392455828125 0.9624341588541667 0.72100834765625 0.9362711119791666
0 0.72126741015625 0.892453203125 0.7240648828125 0.8534918489583333 0.391900640625 0.8818559114583334 0.39271491796875 0.9186162526041667 0.72126741015625 0.892453203125
0 0.344722197265625 0.8512289791666667 0.34477298046875 0.8832154088541667 0.731133447265625 0.8550055989583334 0.731877146484375 0.8266099713541667 0.344722197265625 0.8512289791666667
0 0.34473338671875 0.8168762552083333 0.344722197265625 0.8512289791666667 0.73634538671875 0.8256333854166668 0.737120072265625 0.7960545755208334 0.34473338671875 0.8168762552083333
0 0.7354691328125 0.79123934375 0.733581453125 0.7615366432291667 0.349545482421875 0.7804567135416667 0.350976484375 0.8159823880208333 0.7354691328125 0.79123934375
0 0.352804740234375 0.7461764713541666 0.351875119140625 0.7816709843749999 0.735387390625 0.7604360989583333 0.7339651875 0.7280003307291666 0.352804740234375 0.7461764713541666
0 0.731817787109375 0.72710128125 0.7321078359375 0.6821001848958334 0.383128072265625 0.6921218411458333 0.383070900390625 0.7440318828125 0.731817787109375 0.72710128125
0 0.382155052734375 0.6432987630208333 0.38357788671875 0.6907487942708334 0.734894146484375 0.6774915546875001 0.733593400390625 0.6302672447916667 0.382155052734375 0.6432987630208333
0 0.73178935546875 0.6264093984375 0.7306144453125 0.569494265625 0.3759033203125 0.5766703645833333 0.376751755859375 0.6371041171874999 0.73178935546875 0.6264093984375
0 0.3902996015625 0.5358799609375 0.3912688203125 0.5667244427083333 0.726332134765625 0.5633718046875 0.726219345703125 0.5337516692708334 0.3902996015625 0.5358799609375
0 0.740553625 0.4953274817708333 0.733949869140625 0.47606655468750003 0.38398589453125 0.471617859375 0.38379997265625 0.4787166640625 0.38602848046875 0.4954047734375 0.38565662890625 0.5096027057291667 0.38497490625 0.5356320364583333 0.73433032421875 0.5293909661458334 0.737147623046875 0.5235992265625 0.74011980078125 0.5118916302083333 0.740553625 0.4953274817708333
0 0.733031466796875 0.47720834375000004 0.733321513671875 0.43220732552083335 0.40031197265625 0.424994234375 0.399959921875 0.472361625 0.733031466796875 0.47720834375000004
0 0.398342556640625 0.3644882161458333 0.3997034140625 0.4143046223958333 0.734332935546875 0.42751605468750004 0.733203037109375 0.3840053151041667 0.398342556640625 0.3644882161458333
0 0.732910072265625 0.3800660234375 0.733448015625 0.32559982552083333 0.404156341796875 0.29963208072916664 0.404523708984375 0.36596056770833335 0.732910072265625 0.3800660234375
0 0.38941124609375 0.16269141145833335 0.3870140546875 0.28814679427083334 0.743550794921875 0.3130396822916667 0.743739337890625 0.20406565364583332 0.38941124609375 0.16269141145833335
0 0.362883375 0.05602740625 0.36049734765625 0.14712990364583334 0.7530166171875 0.18909797395833336 0.751295095703125 0.11912677604166666 0.362883375 0.05602740625
0 0.398273298828125 0 0.3964824296875 0.06233017447916667 0.738994765625 0.11381569791666667 0.742617740234375 0.07726188020833334 0.739780671875 0.049884158854166666 0.495787287109375 0 0.398273298828125 0