0 0.450630310546875 0 0.165827439453125 0.101750265625 0.170176876953125 0.12571696875 0.17459895703125 0.1477215390625 0.605900267578125 0.004863104166666667 0.60800665625 0 0.450630310546875 0
0 0.18968980859375 0.201852703125 0.60981741796875 0.049509427083333335 0.6070237109375 0.0314153671875 0.60157402734375 0.021066916666666668 0.18479034765625 0.1732802734375 0.185015263671875 0.1911690078125 0.18968980859375 0.201852703125
0 0.183611802734375 0.20514723177083335 0.201145779296875 0.2965898645833333 0.63983043359375 0.14435520572916666 0.6188978671875 0.0485781015625 0.183611802734375 0.20514723177083335
0 0.2004721640625 0.30581506770833333 0.22277880078125 0.4000448619791667 0.65916146875 0.25312489583333336 0.6426836484375 0.15016822395833332 0.2004721640625 0.30581506770833333
0 0.234050619140625 0.4016331692708333 0.241841904296875 0.4404031302083333 0.63420451171875 0.30921001302083334 0.626590365234375 0.267129109375 0.234050619140625 0.4016331692708333
0 0.24247362890625 0.44354663802083333 0.25147213671875 0.4841314322916667 0.642627521484375 0.3511234817708333 0.6360434609375 0.314168359375 0.24247362890625 0.44354663802083333
0 0.24759800390625 0.4900077994791667 0.256750857421875 0.52716825 0.6675580546875 0.3871393828125 0.6602151484375 0.35060058593750004 0.24759800390625 0.4900077994791667
0 0.27003030859375 0.547131453125 0.6860313203125 0.4119854244791667 0.69069152734375 0.40582821874999997 0.6879272421875 0.38788056510416663 0.266450529296875 0.5293182291666666 0.265987490234375 0.5395912708333334 0.27003030859375 0.547131453125
0 0.2680513515625 0.5624383515625 0.28384449609375 0.6410261041666666 0.688573689453125 0.5042917682291667 0.674959072265625 0.4239673489583333 0.2680513515625 0.5624383515625
0 0.28547287109375 0.6449366171875001 0.290259873046875 0.6645646770833333 0.6789026953125 0.5358235807291667 0.673940232421875 0.5153224166666667 0.28547287109375 0.6449366171875001
0 0.27879181640625 0.6787694296875001 0.28905377734375 0.7256412473958332 0.7075673515625 0.5862283593750001 0.69812809375 0.5392579739583333 0.27879181640625 0.6787694296875001
0 0.291524451171875 0.7337431015625001 0.30042483984375 0.7822244270833334 0.766523912109375 0.6280570156249999 0.75808428125 0.5818684453124999 0.291524451171875 0.7337431015625001
0 0.778105552734375 0.6856880364583334 0.76846146484375 0.6376984036458333 0.302418134765625 0.7837584270833333 0.312890669921875 0.8316780833333333 0.314519044921875 0.8355885911458333 0.778105552734375 0.6856880364583334
0 0.756503462890625 0.7416976432291666 0.7524463046875 0.7173165625000001 0.74833601171875 0.7010558619791666 0.32243599609375 0.8372524088541667 0.320709505859375 0.8412384270833333 0.31988154296875 0.8538879791666667 0.3236718984375 0.8727490416666667 0.328304552734375 0.8958014479166666 0.33361082421875 0.9096286510416666 0.761571609375 0.7836866223958333 0.759985123046875 0.7674073984374999 0.756503462890625 0.7416976432291666
0 0.33320401171875 0.9243738776041667 0.34752312890625 0.9956267734375 0.779624849609375 0.8693283958333334 0.76687123046875 0.7932883645833333 0.33320401171875 0.9243738776041667
0 0.5037917578125 1 0.7484678359375 0.9288690833333333 0.78005480859375 0.9175841432291666 0.7712420234375 0.8737311276041666 0.349727 0.9982086093750001 0.350087001953125 1 0.5037917578125 1