0 0.7089535859375 0.8743071250000001 0.707028912109375 0.8643406328125001 0.316935953125 0.8671182005208333 0.31571337890625 0.9059848072916666 0.70387291796875 0.893407515625 0.7073472109375 0.8893816458333333 0.7089535859375 0.8743071250000001
0 0.7087093046875 0.8634098567708333 0.710468673828125 0.8298629609375 0.315504798828125 0.8321863880208333 0.315435103515625 0.8646255364583334 0.7087093046875 0.8634098567708333
0 0.70941257421875 0.81889 0.709321291015625 0.7895203567708333 0.392575875 0.7936992916666666 0.393205052734375 0.8283677161458334 0.70941257421875 0.81889
0 0.707981419921875 0.7839581875 0.70957052734375 0.7536577682291666 0.391729525390625 0.7631717994791667 0.3926429375 0.7924205729166666 0.707981419921875 0.7839581875
0 0.3123982109375 0.7514254895833333 0.314975017578125 0.7645124869791666 0.71281780859375 0.7539605312500001 0.714616666015625 0.7041055755208333 0.311778875 0.7165693645833334 0.3123982109375 0.7514254895833333
0 0.31180109765625 0.6850354036458333 0.31311280078125 0.7066897473958332 0.71414537109375 0.6975369374999999 0.717454361328125 0.6499976822916667 0.31327669921875 0.6568992994791667 0.31180109765625 0.6850354036458333
0 0.31909516796875 0.6237308567708334 0.319896763671875 0.6551117395833334 0.718436443359375 0.6468268984375 0.720274791015625 0.5806638880208334 0.32021298046875 0.5868617994791666 0.31909516796875 0.6237308567708334
0 0.725259216796875 0.5789537135416667 0.726547291015625 0.5388381822916667 0.319349365234375 0.54110840625 0.31975465234375 0.580045875 0.725259216796875 0.5789537135416667
0 0.31704963671875 0.5071830598958333 0.318023041015625 0.5352879453125 0.72996483203125 0.5358944713541667 0.730327576171875 0.49786756510416663 0.3185992578125 0.4931906979166667 0.31704963671875 0.5071830598958333
0 0.3398645234375 0.42992641927083336 0.339533291015625 0.48290751822916667 0.7299697890625 0.48913461197916663 0.73006603125 0.47174439583333333 0.730145009765625 0.4391282786458333 0.3398645234375 0.42992641927083336
0 0.733737767578125 0.386178234375 0.339795462890625 0.3690228151041666 0.33866038671875 0.3906659713541667 0.338596431640625 0.42299561979166667 0.735186189453125 0.43633594791666663 0.736020232421875 0.4048776796875 0.733737767578125 0.386178234375
0 0.73738232421875 0.37890588802083336 0.73895416796875 0.3333795677083333 0.356320583984375 0.3183659765625 0.356388193359375 0.3637421796875 0.73738232421875 0.37890588802083336
0 0.73999804296875 0.32903054427083334 0.741626640625 0.2824220625 0.35759643359375 0.26292845833333334 0.355865775390625 0.3114829557291667 0.73999804296875 0.32903054427083334
0 0.7494265390625 0.2581379557291667 0.754415921875 0.20966792447916668 0.35637502734375 0.20844211197916665 0.357023767578125 0.2582926875 0.7494265390625 0.2581379557291667
0 0.752775017578125 0.19429064322916667 0.752024908203125 0.14637293229166667 0.358519369140625 0.1053343515625 0.356035703125 0.1526918125 0.752775017578125 0.19429064322916667
0 0.755839728515625 0.13585411718749998 0.75631598046875 0.09566289322916667 0.376140080078125 0.049342416666666666 0.37614938671875 0.095830296875 0.755839728515625 0.13585411718749998
0 0.3775523671875 0 0.377331912109375 0.026617098958333335 0.765512501953125 0.07585880208333333 0.76615901953125 0.032421104166666666 0.471500513671875 0 0.3775523671875 0