0 0.440605833984375 0 0.1766789765625 0.114340046875 0.183324421875 0.13798211458333334 0.54876054296875 0.014483997395833335 0.547247296875 0 0.440605833984375 0
0 0.184256853515625 0.13861545312499998 0.185821705078125 0.15142288541666668 0.191520095703125 0.1779994453125 0.197957892578125 0.19803170572916665 0.56303739453125 0.0709895859375 0.560804412109375 0.05224770833333334 0.554630912109375 0.026914270833333333 0.55210791015625 0.014174739583333333 0.184256853515625 0.13861545312499998
0 0.207332453125 0.23650094791666665 0.571057908203125 0.10070952083333333 0.5641398125 0.07057131770833333 0.19911898046875 0.19960334635416666 0.207332453125 0.23650094791666665
0 0.557947421875 0.14269590885416666 0.559794421875 0.14708234374999998 0.57971195703125 0.13798417708333333 0.571726021484375 0.10664404427083334 0.20801840234375 0.23931579427083335 0.216707015625 0.2749701901041667 0.557947421875 0.14269590885416666
0 0.214384884765625 0.2718268880208333 0.22145512890625 0.30403315885416665 0.561541912109375 0.16525137760416667 0.55724365234375 0.14300079947916666 0.214384884765625 0.2718268880208333
0 0.221701626953125 0.30185171614583334 0.229247009765625 0.33281478125 0.56987978125 0.19244375260416668 0.563663611328125 0.16615273958333335 0.221701626953125 0.30185171614583334
0 0.2336982734375 0.331923671875 0.24141885546875 0.3731841875 0.5843310625 0.23499889322916667 0.57588893359375 0.19716298697916668 0.2336982734375 0.331923671875
0 0.250990697265625 0.41396860416666664 0.594561337890625 0.27757277343750003 0.585682650390625 0.2404649088541667 0.241387478515625 0.374561046875 0.250990697265625 0.41396860416666664
0 0.2513826640625 0.4155770677083333 0.259433310546875 0.4458766875 0.61607907421875 0.302927203125 0.609529587890625 0.27511822395833335 0.2513826640625 0.4155770677083333
0 0.257608328125 0.44933470312499996 0.2652517109375 0.48069992708333337 0.623075947265625 0.336726234375 0.61766223046875 0.30668705989583334 0.257608328125 0.44933470312499996
0 0.268644548828125 0.48367572395833336 0.278459009765625 0.521213484375 0.6121972109375 0.38552071614583333 0.6044671328125 0.35065559635416665 0.268644548828125 0.48367572395833336
0 0.28745901953125 0.5608823671875 0.620006 0.42303821875 0.61373591796875 0.38869078125 0.278247767578125 0.5230832786458334 0.28745901953125 0.5608823671875
0 0.301600408203125 0.6134391874999999 0.6337554609375 0.4739866744791667 0.62578122265625 0.43031679166666664 0.622795626953125 0.42627540104166667 0.2884541953125 0.5622295078125 0.301600408203125 0.6134391874999999
0 0.3027916171875 0.6155905677083333 0.31675230078125 0.6646691822916667 0.6453887421875 0.5246000807291666 0.636137810546875 0.4782893489583333 0.3027916171875 0.6155905677083333
0 0.31491203515625 0.6708013229166667 0.32805825 0.7220110000000001 0.659200888671875 0.5782695651041666 0.64907275390625 0.5313688932291667 0.31491203515625 0.6708013229166667
0 0.3282542265625 0.7228152057291667 0.339606005859375 0.7721349583333333 0.67193526953125 0.6275163541666667 0.66322943359375 0.581251703125 0.3282542265625 0.7228152057291667
0 0.33995215625 0.781765546875 0.349570642578125 0.8184991041666666 0.684935439453125 0.6688246197916666 0.678366060546875 0.6351557578125 0.33995215625 0.781765546875
0 0.351576333984375 0.8185192916666666 0.36000365234375 0.8531014505208333 0.69047283984375 0.7035867239583333 0.683369955078125 0.6721101380208333 0.351576333984375 0.8185192916666666
0 0.37465656640625 0.9214411510416666 0.732827076171875 0.7573809557291667 0.7193801015625 0.7018204869791668 0.360953013671875 0.8624707109375 0.37465656640625 0.9214411510416666
0 0.3794671640625 0.9220245182291666 0.39377399609375 0.9807337187499999 0.7463075 0.8153289036458333 0.7334150078125 0.7597935755208334 0.3794671640625 0.9220245182291666
0 0.46870777734375 1 0.748441994140625 0.867982765625 0.73846208203125 0.8242926822916666 0.393743447265625 0.98608184375 0.396926548828125 1 0.46870777734375 1
0 0.5593941640625 1 0.732182716796875 0.9251434609375 0.7222916796875 0.8810899869791666 0.47517259375 1 0.5593941640625 1