0 0.496187 0 0.7524704609375 0.09555326302083333 0.75355924609375 0.0909618046875 0.566122619140625 0 0.496187 0
0 0.32149362890625 0 0.734438822265625 0.16449340104166668 0.74342156640625 0.13735642447916666 0.749748265625 0.11417981249999999 0.75171126953125 0.09833441666666666 0.48908983984375 0 0.32149362890625 0
0 0.28230500390625 0 0.280544482421875 0.004064276041666666 0.2747877890625 0.022268109375 0.27314169140625 0.034067809895833336 0.27471936328125 0.04848182291666667 0.714754703125 0.2439085989583333 0.733045798828125 0.17536601041666666 0.312549646484375 0 0.28230500390625 0
0 0.262061384765625 0.11793001822916667 0.325024814453125 0.14113662760416668 0.68290059765625 0.290804171875 0.6959862890625 0.23612195312499998 0.271554865234375 0.06584388541666666 0.264088220703125 0.098966015625 0.262061384765625 0.11793001822916667
0 0.65380387109375 0.30699024999999996 0.6594990390625 0.280357578125 0.25459933984375 0.12795711197916668 0.249034150390625 0.13680499739583332 0.242645900390625 0.1515526875 0.2415675078125 0.16992712499999998 0.24188208984375 0.17742893489583333 0.244599708984375 0.18189743229166666 0.646273390625 0.3432310520833333 0.65380387109375 0.30699024999999996
0 0.240299865234375 0.18610997656249997 0.236125396484375 0.19563276822916667 0.23308859375 0.20675749739583335 0.230240978515625 0.22007385416666667 0.229351837890625 0.2406398776041667 0.583927716796875 0.3927656875 0.628641791015625 0.413429890625 0.64456576171875 0.34660184114583337 0.240299865234375 0.18610997656249997
0 0.21688764453125 0.28918466927083336 0.215683890625 0.3022488020833333 0.215303134765625 0.3094131666666667 0.218335337890625 0.32138347135416667 0.625063490234375 0.4988184479166667 0.6366292265625 0.450792640625 0.221125982421875 0.2765432213541667 0.21688764453125 0.28918466927083336
0 0.212578662109375 0.33958724479166663 0.209541859375 0.3507119739583333 0.21187872265625 0.3623448333333333 0.61366504296875 0.5412624661458333 0.625505791015625 0.5000829296875 0.219662234375 0.3251770572916667 0.212578662109375 0.33958724479166663
0 0.18532721484375 0.3557588619791667 0.167863240234375 0.4312737890625 0.61498399609375 0.6367100182291666 0.6351678671875 0.5541160598958333 0.18532721484375 0.3557588619791667
0 0.18335049609375 0.4408893333333333 0.174996962890625 0.4830299453125 0.58992490234375 0.6821628203125 0.60151904296875 0.6312254010416667 0.18335049609375 0.4408893333333333
0 0.1721516484375 0.48479878645833335 0.165252708984375 0.5244956536458333 0.578372525390625 0.7308277473958333 0.590887916015625 0.6817095286458333 0.1721516484375 0.48479878645833335
0 0.160952845703125 0.5287082630208334 0.1532946484375 0.5711863229166666 0.56621268359375 0.7778719843749999 0.5779814609375 0.7289897864583333 0.160952845703125 0.5287082630208334
0 0.13146701953125 0.6540324140625 0.54533116015625 0.8716760130208333 0.565636515625 0.7870012083333333 0.14545416796875 0.576830203125 0.13146701953125 0.6540324140625
0 0.529255630859375 0.9594133776041667 0.55083022265625 0.8774943255208334 0.1307693828125 0.6652424895833333 0.11431767578125 0.737049171875 0.529255630859375 0.9594133776041667
0 0.528413634765625 1 0.535005451171875 0.9758521770833334 0.118045294921875 0.7493568203125 0.109254037109375 0.76713790625 0.1044457578125 0.7847520911458333 0.099131326171875 0.8042204609375 0.09944365625 0.8232698072916667 0.252517533203125 0.9119872187500001 0.4338773828125 1 0.528413634765625 1