0 0.587332060546875 1 0.741538890625 0.9532427213541667 0.739894009765625 0.9227732057291668 0.46508192578125 0.9986789505208334 0.493454359375 1 0.587332060546875 1
0 0.40186837109375 0.9957356640625 0.44263406640625 0.9976337552083333 0.736026236328125 0.9149948880208334 0.737606189453125 0.8857609895833334 0.401424744140625 0.9743123515625 0.40186837109375 0.9957356640625
0 0.73620673046875 0.8770121380208334 0.7370301640625 0.8455720885416667 0.402588908203125 0.9298626302083334 0.40322308984375 0.9678309921875 0.73620673046875 0.8770121380208334
0 0.733890513671875 0.8410840572916666 0.73387224609375 0.81069028125 0.401227970703125 0.8885517213541667 0.401947623046875 0.923256640625 0.733890513671875 0.8410840572916666
0 0.733144125 0.8073999921875 0.73410952734375 0.7705392473958333 0.40247731640625 0.8408495807291666 0.403783376953125 0.8842558046875001 0.733144125 0.8073999921875
0 0.7366630234375 0.766316296875 0.7367867265625 0.7305018203125 0.401371927734375 0.7897814166666667 0.402593115234375 0.8364282291666667 0.7366630234375 0.766316296875
0 0.403868634765625 0.7877267421875 0.739311828125 0.7273630078125 0.737052400390625 0.6892666510416667 0.4026212734375 0.7420792760416667 0.403868634765625 0.7877267421875
0 0.7419606328125 0.68840971875 0.7381313828125 0.64806934375 0.402272400390625 0.6932172578125 0.403522615234375 0.7387557291666668 0.7419606328125 0.68840971875
0 0.7391150546875 0.6416023750000001 0.73915357421875 0.6090403229166667 0.401866740234375 0.6465235208333333 0.40314249609375 0.6910868463541666 0.7391150546875 0.6416023750000001
0 0.740080458984375 0.6047416302083334 0.737735849609375 0.5698976927083333 0.4013758984375 0.6030822005208333 0.401951923828125 0.6432711015625 0.740080458984375 0.6047416302083334
0 0.738719521484375 0.5634307239583333 0.738001525390625 0.5286625182291667 0.3986722890625 0.5508541588541667 0.400736734375 0.5963952760416666 0.738719521484375 0.5634307239583333
0 0.733292052734375 0.5219304713541667 0.733415755859375 0.486116 0.395911892578125 0.5007943984375 0.397948259765625 0.5474075546875 0.733292052734375 0.5219304713541667
0 0.7310894140625 0.48166583593749995 0.73075880859375 0.46319759374999997 0.39499513671875 0.47361517187499996 0.3951881875 0.49733542187499996 0.7310894140625 0.48166583593749995
0 0.73283973046875 0.4459270989583333 0.534837166015625 0.4508188958333333 0.5168592421875 0.45323820833333334 0.503988310546875 0.4472116197916667 0.3957049921875 0.44651168229166666 0.395869818359375 0.47130961979166663 0.731628904296875 0.46106718489583337 0.73283973046875 0.4459270989583333
0 0.79926716015625 0.39691786979166666 0.797924490234375 0.386000734375 0.539065921875 0.3826317083333333 0.54096108984375 0.43463598697916667 0.79920024609375 0.43056406510416667 0.80105401171875 0.4219666848958334 0.79926716015625 0.39691786979166666
0 0.79815164453125 0.37732761718749996 0.797717587890625 0.33171802083333335 0.5374027734375 0.321768421875 0.538428228515625 0.3758885885416667 0.79815164453125 0.37732761718749996
0 0.431587765625 0.3200979479166667 0.429455509765625 0.3393285104166666 0.49131812890625 0.3402464427083333 0.501304958984375 0.3320277447916667 0.51053526953125 0.3216029036458333 0.431587765625 0.3200979479166667
0 0.730383529296875 0.3220701067708333 0.730024529296875 0.3046860078125 0.435522453125 0.29423007291666664 0.437400095703125 0.31581234114583334 0.730383529296875 0.3220701067708333
0 0.7358880390625 0.2984462473958333 0.737184048828125 0.28005374479166667 0.42969746484375 0.26790777604166666 0.429163759765625 0.288285578125 0.7358880390625 0.2984462473958333
0 0.43197714453125 0.24304830468750002 0.43228530859375 0.26237338020833334 0.73323109375 0.27552784635416666 0.73665468359375 0.26917447916666665 0.73615371484375 0.257211078125 0.43197714453125 0.24304830468750002
0 0.7723083203125 0.24478347135416667 0.772847810546875 0.22418481770833332 0.772488810546875 0.20680071874999997 0.76951952734375 0.19580784895833334 0.388675134765625 0.1552806484375 0.390032109375 0.22783410156249997 0.76896991015625 0.2478844166666667 0.7723083203125 0.24478347135416667
0 0.771515265625 0.18178977083333334 0.769586443359375 0.16216165364583332 0.768243771484375 0.15124452083333334 0.76446118359375 0.14021378385416666 0.387551478515625 0.07381870572916667 0.38724728125 0.14761593489583333 0.76643666796875 0.18915153645833335 0.771515265625 0.18178977083333334
0 0.750720158203125 0.1363176015625 0.749916978515625 0.10480181770833334 0.395893427734375 0.0351305 0.396476609375 0.0750461171875 0.750720158203125 0.1363176015625
0 0.395850052734375 0 0.3961280546875 0.026172 0.7516855625 0.09945685677083334 0.751024353515625 0.062520375 0.475331880859375 0 0.395850052734375 0