0 0.526222556640625 1 0.56359487109375 0.9929968854166668 0.7697829921875 0.9392037083333333 0.7698128359375 0.9219445989583334 0.76494235546875 0.8932798125 0.760117009765625 0.8884328515625 0.426876546875 0.9722395390625 0.4304600546875 1 0.526222556640625 1
0 0.423214890625 0.9433482317708334 0.42781980859375 0.9694935911458334 0.765991279296875 0.8856888932291667 0.756410220703125 0.8357237161458334 0.423084833984375 0.9187247187500001 0.423214890625 0.9433482317708334
0 0.7574040625 0.8100680078125001 0.750975119140625 0.7841600442708333 0.41697034375 0.8607155885416667 0.422478103515625 0.9129685755208333 0.421451392578125 0.914922828125 0.756929708984375 0.8348047760416667 0.7574040625 0.8100680078125001
0 0.749316439453125 0.7450342499999999 0.7469186875 0.7339812161458333 0.412054732421875 0.8082329739583334 0.417740810546875 0.8563303020833333 0.750805271484375 0.7825486796875 0.753402712890625 0.77795396875 0.749316439453125 0.7450342499999999
0 0.746059505859375 0.7316774270833334 0.74814740625 0.7222486250000001 0.745939396484375 0.7013008828124999 0.741049021484375 0.6841421666666667 0.407139119140625 0.7557503567708334 0.411105337890625 0.7992259244791667 0.41231944921875 0.804896984375 0.746059505859375 0.7316774270833334
0 0.74200307421875 0.6814986015625001 0.736303255859375 0.6332709192708333 0.401534169921875 0.7025753203125 0.406613078125 0.7507597317708333 0.74200307421875 0.6814986015625001
0 0.395401982421875 0.6502456875 0.40109168359375 0.6983773880208334 0.735086681640625 0.6334239010416667 0.73452205859375 0.6105250156250001 0.73120009765625 0.5848564374999999 0.395401982421875 0.6502456875
0 0.732608609375 0.5689821770833333 0.730645421875 0.5562045182291667 0.728946953125 0.5400908697916667 0.724905814453125 0.5309889791666667 0.3904014453125 0.596957390625 0.39505082421875 0.6469141848958333 0.733108203125 0.5795693072916667 0.732608609375 0.5689821770833333
0 0.71979051171875 0.4941541067708333 0.717392759765625 0.48310107291666665 0.38436193359375 0.5455069791666667 0.3880657734375 0.5923407109375 0.719900673828125 0.5302836901041666 0.723537091796875 0.5238510963541666 0.71979051171875 0.4941541067708333
0 0.719820353515625 0.47689499739583335 0.713601046875 0.4295862552083333 0.379106626953125 0.48980163281250005 0.38487708203125 0.5386994479166667 0.719820353515625 0.47689499739583335
0 0.37368147265625 0.43248492447916664 0.37711773046875 0.48262747135416667 0.71404555859375 0.42210859375 0.71312134765625 0.4074930520833333 0.705578451171875 0.3768642552083334 0.37368147265625 0.43248492447916664
0 0.704089619140625 0.33934982552083337 0.700058427734375 0.3244948984375 0.36928534765625 0.3790833671875 0.374713138671875 0.42473027864583335 0.70394501171875 0.373062359375 0.707156810546875 0.3626013567708333 0.704089619140625 0.33934982552083337
0 0.7027706328125 0.30344676302083334 0.700457806640625 0.29319941145833334 0.69866446484375 0.2820331171875 0.696606408203125 0.27420280989583334 0.361877111328125 0.32049507031249996 0.3623667578125 0.3368352369791667 0.364839486328125 0.3544469921875 0.366802671875 0.3672246510416666 0.7020428828125 0.31408469791666666 0.7027706328125 0.30344676302083334
0 0.35496846875 0.2724939036458333 0.36065809375 0.31477745052083334 0.697400560546875 0.26419484374999996 0.69692086328125 0.24210164062499998 0.691690794921875 0.22172019791666667 0.35496846875 0.2724939036458333
0 0.691880537109375 0.21182548958333333 0.68513179296875 0.17118872656249998 0.349458392578125 0.21437151302083335 0.35367304296875 0.26020397916666665 0.691880537109375 0.21182548958333333
0 0.68678512890625 0.163484546875 0.680470951171875 0.12112315885416668 0.344372931640625 0.16027753385416668 0.34893575 0.20356570572916666 0.68678512890625 0.163484546875
0 0.33755916015625 0.10732901562500001 0.34125154296875 0.15405404427083333 0.676080169921875 0.1145515703125 0.674731341796875 0.0959076171875 0.671494302734375 0.07104472135416666 0.33755916015625 0.10732901562500001
0 0.672013791015625 0.07012578125 0.6682970546875 0.023169682291666664 0.33109503125 0.0518501875 0.335220482421875 0.09683640885416667 0.672013791015625 0.07012578125
0 0.473777451171875 0 0.3269610234375 0.027511604166666665 0.328914986328125 0.04870999479166666 0.663037142578125 0.02004734375 0.66477540234375 0.013148848958333334 0.66364643359375 0 0.473777451171875 0