0 0.56841946484375 0 0.298359568359375 0.039692893229166665 0.148889783203125 0.07483363281250001 0.151702033203125 0.09609905729166666 0.617165650390625 0.023839138020833334 0.617797826171875 0.014077114583333333 0.615449916015625 0.0011703541666666665 0.615199400390625 0 0.56841946484375 0
0 0.6467094453125 0.06303762239583334 0.64767041796875 0.055761872395833335 0.644968291015625 0.025634273437499997 0.643245744140625 0.02230378125 0.154815158203125 0.1293344921875 0.163102328125 0.16776242708333333 0.6467094453125 0.06303762239583334
0 0.158914673828125 0.17002874479166666 0.166615998046875 0.21372155989583333 0.668710376953125 0.10336856510416666 0.664297521484375 0.060304947916666664 0.158914673828125 0.17002874479166666
0 0.176336431640625 0.26783486197916667 0.63984816796875 0.1614256015625 0.640809142578125 0.15414984895833334 0.635683607421875 0.120239484375 0.167556064453125 0.22567751562500002 0.17476419140625 0.26564092708333337 0.176336431640625 0.26783486197916667
0 0.639673318359375 0.1697983203125 0.636465212890625 0.16492937760416668 0.1748359375 0.27587834895833335 0.18110399609375 0.30388579947916666 0.642550296875 0.1915531953125 0.639673318359375 0.1697983203125
0 0.1802760625 0.3412522552083333 0.1835849453125 0.34688326041666667 0.65929498046875 0.22607006770833335 0.6617818671875 0.22548539583333335 0.656803576171875 0.19268846354166666 0.65500421484375 0.18877710416666668 0.175590697265625 0.3058228828125 0.1802760625 0.3412522552083333
0 0.19826503125 0.4627372552083333 0.733649931640625 0.3375077447916666 0.732191248046875 0.30708780989583334 0.72950938671875 0.2674185651041667 0.18628933984375 0.38672290625 0.197443037109375 0.45652157552083333 0.19826503125 0.4627372552083333
0 0.19751478515625 0.4667589973958333 0.205477671875 0.5366669401041667 0.20824703125 0.5430656848958334 0.74624734375 0.413375921875 0.744192359375 0.3978367265625 0.7440488671875 0.3773618776041667 0.74311925390625 0.3557900651041667 0.742050662109375 0.34770967968750005 0.19751478515625 0.4667589973958333
0 0.21559865234375 0.6035039375 0.216209919921875 0.612973625 0.701949705078125 0.4904433072916667 0.698986015625 0.43410058333333335 0.207789708984375 0.5444549869791667 0.213250740234375 0.5905971822916667 0.21559865234375 0.6035039375
0 0.708045080078125 0.5026026041666667 0.218979279296875 0.6193723671875 0.217714927734375 0.6388964166666666 0.2216605 0.6687316744791666 0.225816796875 0.6953129270833333 0.227861328125 0.7204679791666666 0.230538033203125 0.7358610078125 0.2311134296875 0.740211984375 0.721791119140625 0.6113936067708333 0.708045080078125 0.5026026041666667
0 0.2359168671875 0.7813816354166666 0.23756085546875 0.7938129921875 0.79472693359375 0.644235875 0.790273318359375 0.6057114895833333 0.232182021484375 0.7482923671875 0.232957689453125 0.7590051901041667 0.2359168671875 0.7813816354166666
0 0.249807 0.8961096822916667 0.251086318359375 0.9009360546875 0.791337375 0.7591810625000001 0.7925449453125 0.7537700104166666 0.790818759765625 0.7407170859375 0.78884597265625 0.7257994583333334 0.787201986328125 0.7133680989583334 0.786508517578125 0.70327684375 0.785193326171875 0.6933317578125 0.784910853515625 0.6863483411458334 0.783431265625 0.6751601197916667 0.781365828125 0.6692367786458333 0.7793965 0.6640401953125 0.24186501953125 0.8069700260416667 0.23903887890625 0.8146842838541667 0.24010747265625 0.8227646666666667 0.2396860234375 0.8292726822916667 0.239264572265625 0.8357807005208334 0.241319556640625 0.8513198958333333 0.243492615234375 0.8725993723958334 0.246040796875 0.8918679791666667 0.249807 0.8961096822916667
0 0.262296796875 0.9566217239583333 0.75985975390625 0.8216983489583334 0.76112410546875 0.8021742994791666 0.758639646484375 0.7785401015625001 0.257082361328125 0.9123442317708333 0.259455689453125 0.9399855572916667 0.262296796875 0.9566217239583333
0 0.29390777734375 1 0.76648203125 0.8669266380208334 0.768182798828125 0.8652449947916666 0.765763142578125 0.8421008125 0.762154802734375 0.8245104869791667 0.264490759765625 0.9586694895833333 0.26410518359375 0.9702962161458334 0.2680333671875 1 0.29390777734375 1
0 0.532808251953125 1 0.714033962890625 0.9573933567708334 0.7123653671875 0.9424571432291667 0.71115433984375 0.9332997083333333 0.485550703125 1 0.532808251953125 1