0 0.15672906640625 0.9554115572916667 0.194465658203125 0.9419295703125 0.11274208984375 0.38889515104166666 0.081866673828125 0.39992587500000004 0.15672906640625 0.9554115572916667
0 0.1950935 0.9404794791666666 0.234775220703125 0.9275283515625 0.150926482421875 0.3760643046875 0.1187456484375 0.38675028645833337 0.1950935 0.9404794791666666
0 0.23860381640625 0.9237089531249999 0.27079651953125 0.9146591822916667 0.183688771484375 0.36301145052083333 0.153051595703125 0.374493953125 0.23860381640625 0.9237089531249999
0 0.276340408203125 0.9102269661458333 0.305500470703125 0.899809078125 0.216266033203125 0.3540687473958333 0.18735759765625 0.36223759895833335 0.276340408203125 0.9102269661458333
0 0.31213188671875 0.8962141953125 0.3472955078125 0.8836514427083334 0.256827373046875 0.33957757812499995 0.223378896484375 0.3493684270833333 0.31213188671875 0.8962141953125
0 0.351981736328125 0.8795257239583334 0.384970408203125 0.8652885130208333 0.291363052734375 0.32630577604166666 0.259400193359375 0.33649925781249995 0.351981736328125 0.8795257239583334
0 0.394970705078125 0.8555869765624999 0.439568533203125 0.8396537057291668 0.347284095703125 0.3712918671875 0.3116608203125 0.38156734375 0.394970705078125 0.8555869765624999
0 0.43894069140625 0.8411037994791667 0.48353851953125 0.82517053125 0.390138025390625 0.3539589973958333 0.350484859375 0.36892259895833335 0.43894069140625 0.8411037994791667
0 0.391467072265625 0.33957206510416665 0.484396138671875 0.8248641328124999 0.519329923828125 0.8111577057291667 0.422404125 0.333422328125 0.391467072265625 0.33957206510416665
0 0.520417494140625 0.8119949427083334 0.5568366796875 0.7965320442708334 0.455089373046875 0.31996998958333334 0.425145228515625 0.328765765625 0.520417494140625 0.8119949427083334
0 0.555121443359375 0.7971448385416666 0.580850916015625 0.7879525833333334 0.479328560546875 0.2873444244791667 0.457142828125 0.2949720755208333 0.555121443359375 0.7971448385416666
0 0.582336333984375 0.7861961901041666 0.61172633203125 0.7769218593749999 0.505250462890625 0.2777848723958333 0.481671587890625 0.28528159375 0.582336333984375 0.7861961901041666
0 0.6129819140625 0.7740217916666667 0.6539192734375 0.7581705755208333 0.548203880859375 0.26513512499999997 0.508718451171875 0.278070171875 0.6129819140625 0.7740217916666667
0 0.58876521875 0.2506439557291667 0.55074325 0.26305615885416667 0.65649224609375 0.7572513411458334 0.698517044921875 0.7422373255208333 0.6417831484375 0.4965185546875 0.58876521875 0.2506439557291667
0 0.704122640625 0.7426861328125001 0.73070984765625 0.7331874401041666 0.62100891796875 0.23304966927083334 0.5993378203125 0.23956623697916668 0.704122640625 0.7426861328125001
0 0.729162623046875 0.7300629296875 0.75169134375 0.7232399791666667 0.644058978515625 0.23339491927083333 0.6221580546875 0.2387678515625 0.729162623046875 0.7300629296875
0 0.75832280078125 0.719645 0.788110662109375 0.7077771171874999 0.69318042578125 0.28571328125 0.663162744140625 0.29643756770833335 0.75832280078125 0.719645
0 0.787421171875 0.7043461666666667 0.814238216796875 0.6959911484375 0.709593498046875 0.22101343229166667 0.684721642578125 0.22989929166666667 0.787421171875 0.7043461666666667
0 0.814636177734375 0.6933974765625001 0.839967689453125 0.6867988932291667 0.73612115625 0.21417494010416668 0.711538564453125 0.22154429427083333 0.814636177734375 0.6933974765625001
0 0.8437962421875 0.6829795911458333 0.867182564453125 0.6758501666666666 0.760899369140625 0.20667055208333332 0.736870076171875 0.2149457109375 0.8437962421875 0.6829795911458333
0 0.867978607421875 0.67066278125 0.9025144296875 0.6595500260416667 0.795110453125 0.195796125 0.76431490234375 0.20514061718749999 0.867978607421875 0.67066278125
0 0.90136530078125 0.6538318802083333 0.93224071484375 0.64280115625 0.825110607421875 0.18912215104166666 0.795879802734375 0.19754082552083332 0.90136530078125 0.6538318802083333