0 0.490270482421875 0 0.735980140625 0.10100332031249999 0.742508708984375 0.07601059114583333 0.556044126953125 0 0.490270482421875 0
0 0.351206818359375 0 0.348744216796875 0.012663236979166666 0.738826775390625 0.1776796171875 0.752515076171875 0.11393348958333332 0.470841482421875 0 0.351206818359375 0
0 0.345063583984375 0.015927708333333335 0.331634841796875 0.07854172395833334 0.72462666015625 0.2394134973958333 0.739086365234375 0.17654751302083335 0.345063583984375 0.015927708333333335
0 0.707345 0.3109263723958333 0.723250884765625 0.2456082161458333 0.332035216796875 0.08489478645833333 0.31705158203125 0.15087915885416667 0.707345 0.3109263723958333
0 0.31874731640625 0.15499398177083332 0.311878947265625 0.19304702604166668 0.6973476640625 0.3494738880208333 0.705906236328125 0.30910186979166665 0.31874731640625 0.15499398177083332
0 0.688064361328125 0.39096230729166664 0.696890689453125 0.3524694869791667 0.309401794921875 0.19575108333333333 0.301008986328125 0.23420367447916668 0.688064361328125 0.39096230729166664
0 0.29809828125 0.236948109375 0.29005075390625 0.27204447135416665 0.67676084765625 0.43215933333333334 0.686436375 0.39401259895833335 0.29809828125 0.236948109375
0 0.668194109375 0.46952005208333336 0.67624165234375 0.43442361458333334 0.293258298828125 0.27830393229166667 0.284318017578125 0.3159023125 0.668194109375 0.46952005208333336
0 0.655403412109375 0.5212524609375 0.666495740234375 0.46882772916666665 0.282803958984375 0.3198470338541667 0.270535759765625 0.3715551015625 0.655403412109375 0.5212524609375
0 0.268974900390625 0.3761080104166667 0.258780166015625 0.41651893489583336 0.6580947890625 0.5785568151041667 0.6677628125 0.5361943541666666 0.268974900390625 0.3761080104166667
0 0.649401744140625 0.6203190677083333 0.660186025390625 0.5813864713541667 0.25944014453125 0.42173981770833335 0.25213167578125 0.4607248671875 0.649401744140625 0.6203190677083333
0 0.25408096875 0.4653599192708333 0.243697041015625 0.5106456510416667 0.62137573046875 0.6629838072916666 0.631898796875 0.6156601588541667 0.25408096875 0.4653599192708333
0 0.604332990234375 0.7480271328125 0.620027685546875 0.6714812734375001 0.23567590625 0.5172797708333333 0.218472017578125 0.5882585755208333 0.604332990234375 0.7480271328125
0 0.20257064453125 0.6090117734375 0.193365908203125 0.6572540338541667 0.6495685625 0.8382690520833332 0.66024835546875 0.7918408359375001 0.20257064453125 0.6090117734375
0 0.633521912109375 0.8961019713541667 0.646123388671875 0.849244359375 0.19350667578125 0.6647392708333334 0.1840531328125 0.71754303125 0.633521912109375 0.8961019713541667
0 0.194632978515625 0.7246207421875 0.177569857421875 0.8030847864583334 0.552202740234375 0.9602031614583333 0.5713420390625 0.8757067578125 0.194632978515625 0.7246207421875
0 0.575207884765625 1 0.1684745390625 0.82556509375 0.155589125 0.8824499166666667 0.443955873046875 1 0.575207884765625 1