0 0.746403080078125 1 0.749284859375 0.9801778203125 0.547483646484375 0.9538815885416666 0.364810587890625 0.925150203125 0.361800404296875 0.9685318854166667 0.574494119140625 1 0.746403080078125 1
0 0.7516473203125 0.9785249088541667 0.75706602734375 0.9475404114583333 0.352325279296875 0.8863049531249999 0.34924492578125 0.9201486640625 0.7516473203125 0.9785249088541667
0 0.757839451171875 0.9377288854166667 0.76325820703125 0.9067443932291667 0.35700632421875 0.84768328125 0.353655818359375 0.8830709843750001 0.757839451171875 0.9377288854166667
0 0.763295671875 0.8968297291666666 0.7673198515625 0.8646578463541666 0.36177243359375 0.807982484375 0.35992530078125 0.8412938411458333 0.763295671875 0.8968297291666666
0 0.7692557734375 0.8589771927083333 0.773279953125 0.8268053125 0.366283349609375 0.7715190651041667 0.364104171875 0.8071595885416666 0.7692557734375 0.8589771927083333
0 0.77742370703125 0.8214339973958333 0.784234580078125 0.7727887473958334 0.373859064453125 0.7169373567708334 0.36948303515625 0.7672416171875001 0.77742370703125 0.8214339973958333
0 0.7840400703125 0.7658175130208332 0.791354822265625 0.7202188854166667 0.380965697265625 0.6579257265625 0.3764087421875 0.707700515625 0.7840400703125 0.7658175130208332
0 0.789029830078125 0.7119570624999999 0.794483693359375 0.6522097005208333 0.388052373046875 0.5883088541666667 0.3811266484375 0.6478500182291667 0.789029830078125 0.7119570624999999
0 0.7886336875 0.6414699713541666 0.794012521484375 0.6015519322916667 0.44138191796875 0.5441987031250001 0.4375249375 0.5840234088541667 0.7886336875 0.6414699713541666
0 0.797614876953125 0.60304871875 0.803071091796875 0.5621496302083333 0.445134220703125 0.5060367057291667 0.442040509765625 0.5452829557291666 0.797614876953125 0.60304871875
0 0.814187466796875 0.5627155078125 0.819913185546875 0.5089581953125 0.430059171875 0.44242054947916665 0.42546006640625 0.49832208072916667 0.814187466796875 0.5627155078125
0 0.816465521484375 0.5054990338541666 0.823508466796875 0.45391036458333334 0.431678666015625 0.38411969531249995 0.42661153125 0.43896139322916666 0.816465521484375 0.5054990338541666
0 0.821532669921875 0.45065746875 0.82710606640625 0.4177106015625 0.41350758203125 0.34090145833333335 0.410067869140625 0.3717857552083333 0.821532669921875 0.45065746875
0 0.41911846484375 0.2980399921875 0.414126322265625 0.3330522317708333 0.830359171875 0.41419852083333336 0.83386028125 0.3831695546875 0.41911846484375 0.2980399921875
0 0.43259261328125 0.25925648697916664 0.4300403046875 0.2916346328125 0.842129451171875 0.3781522447916667 0.842865359375 0.378255375 0.849990361328125 0.3633819973958334 0.8542863984375 0.3372000989583333 0.8524254609375 0.32305135677083335 0.84316766796875 0.31778601302083337 0.436674046875 0.23149620572916665 0.43259261328125 0.25925648697916664
0 0.85176453515625 0.30311890104166667 0.857108248046875 0.29196386458333334 0.8609402265625 0.27166895052083334 0.8619456875 0.25891386197916666 0.85977537109375 0.24868986458333334 0.443462796875 0.149676484375 0.4407933046875 0.17410214322916664 0.438395673828125 0.20451805208333332 0.85176453515625 0.30311890104166667