0 0.157212599609375 0.6960464114583332 0.17956942578125 0.6961279375 0.174030927734375 0.2705575286458333 0.140034353515625 0.267306984375 0.157212599609375 0.6960464114583332
0 0.18298634375 0.6978801614583333 0.2075541171875 0.7030951302083334 0.202187501953125 0.27617038541666666 0.172824953125 0.27393875260416667 0.18298634375 0.6978801614583333
0 0.2464045625 0.2812131432291667 0.203778181640625 0.2778133151041667 0.208992033203125 0.7069091093750001 0.242372701171875 0.7135668619791667 0.2464045625 0.2812131432291667
0 0.30048771484375 0.28648862760416666 0.26160290625 0.28131555989583334 0.261961921875 0.7048451510416666 0.29325604296875 0.7082515052083332 0.30048771484375 0.28648862760416666
0 0.374515701171875 0.298607953125 0.3372852421875 0.29489859635416665 0.329929177734375 0.7147793437500001 0.360774185546875 0.7198290651041667 0.374515701171875 0.298607953125
0 0.4153640078125 0.29217371354166666 0.375706103515625 0.2856812083333333 0.361222568359375 0.7246739583333334 0.395592708984375 0.7303007890625 0.4153640078125 0.29217371354166666
0 0.3968142421875 0.7364651692708333 0.432173861328125 0.7410610755208333 0.45695565234375 0.2982012526041667 0.414482693359375 0.2920294296875 0.3968142421875 0.7364651692708333
0 0.486856390625 0.30268505729166667 0.4570009140625 0.2966044609375 0.43393642578125 0.7413496302083334 0.461809513671875 0.7476526119791668 0.486856390625 0.30268505729166667
0 0.46170467578125 0.7506672161458333 0.48560769921875 0.7533875338541667 0.517408259765625 0.30416253125 0.48883539453125 0.30062329947916666 0.46170467578125 0.7506672161458333
0 0.567331412109375 0.283652203125 0.521612771484375 0.27497460677083335 0.485514986328125 0.7641082395833334 0.523966916015625 0.7739819687499999 0.567331412109375 0.283652203125
0 0.54499399609375 0.7690742265625 0.556561255859375 0.7657884036458333 0.596259673828125 0.32894591145833335 0.572356654296875 0.3262255546875 0.53375377734375 0.7648483151041666 0.54499399609375 0.7690742265625
0 0.62665624609375 0.3291506901041667 0.60000124609375 0.3271726692708333 0.557424736328125 0.7603734088541666 0.581881634765625 0.7686218098958334 0.62665624609375 0.3291506901041667
0 0.60479778515625 0.7705147265625 0.608539353515625 0.7687415234375 0.6555397265625 0.332023859375 0.627429283203125 0.3304701171875 0.5855177109375 0.7661654192708333 0.5981958984375 0.7742054010416667 0.60479778515625 0.7705147265625
0 0.6880061015625 0.3332300833333333 0.658042287109375 0.328324625 0.607673607421875 0.7781427656250001 0.636535720703125 0.7841286901041666 0.6880061015625 0.3332300833333333
0 0.63632317578125 0.7876045546875 0.664416025390625 0.7933966197916668 0.721076775390625 0.3361938020833333 0.6880061015625 0.3332300833333333 0.63632317578125 0.7876045546875
0 0.753422185546875 0.3320107734375 0.72522099609375 0.32739387760416666 0.665405619140625 0.7923657213541667 0.69324738671875 0.7986605598958333 0.753422185546875 0.3320107734375
0 0.692509 0.7991886302083334 0.719287837890625 0.8095370677083333 0.787089876953125 0.33519423177083335 0.75705553515625 0.3314127265625 0.692509 0.7991886302083334
0 0.819843244140625 0.3393061328125 0.790652583984375 0.33572011979166666 0.721050345703125 0.8098256119791666 0.74754443359375 0.8180445729166667 0.819843244140625 0.3393061328125
0 0.74903509765625 0.8167928177083333 0.780993357421875 0.8291821015625 0.860908783203125 0.36695725520833333 0.8205391953125 0.36089179947916666 0.74903509765625 0.8167928177083333
0 0.9115125859375 0.3638565442708333 0.866458759765625 0.3576735729166667 0.7845184921875 0.8297592109375 0.82704284765625 0.8415543697916666 0.9115125859375 0.3638565442708333
0 0.828258189453125 0.8404985338541667 0.8682561953125 0.8530111171875 0.963142408203125 0.36795185937499997 0.9187792890625 0.362660453125 0.828258189453125 0.8404985338541667