0 0.224979623046875 0.10495209374999999 0.231507455078125 0.13743503385416667 0.527871109375 0.04840051822916667 0.523147166015625 0.016509088541666665 0.224979623046875 0.10495209374999999
0 0.2327146796875 0.13924986718750001 0.237670365234375 0.17229447916666665 0.535185013671875 0.08060261979166666 0.52873635546875 0.052706044270833335 0.2327146796875 0.13924986718750001
0 0.2356770703125 0.17076048177083333 0.24183998046875 0.2056199296875 0.54144604296875 0.10756553645833333 0.537048580078125 0.08568346354166667 0.2356770703125 0.17076048177083333
0 0.249616927734375 0.22754898958333333 0.25551303515625 0.25688841927083333 0.547047794921875 0.1605945546875 0.54096787109375 0.13034044270833334 0.249616927734375 0.22754898958333333
0 0.259190931640625 0.26680511458333334 0.265087037109375 0.2961445390625 0.546136052734375 0.19798153385416664 0.541686435546875 0.17164754687499997 0.259190931640625 0.26680511458333334
0 0.261521599609375 0.2951722135416667 0.268414353515625 0.32527864322916666 0.553604306640625 0.2267592890625 0.549156150390625 0.20043258072916667 0.261521599609375 0.2951722135416667
0 0.26454021875 0.3311550078125 0.269958947265625 0.35392658072916666 0.569719353515625 0.25244784114583335 0.564065333984375 0.22431305208333333 0.26454021875 0.3311550078125
0 0.27091370703125 0.3670622942708333 0.278592533203125 0.3968878880208333 0.577664986328125 0.287793453125 0.571437294921875 0.26099643229166664 0.27091370703125 0.3670622942708333
0 0.279434833984375 0.4010792317708333 0.28533094140625 0.43041866145833335 0.581469677734375 0.3234954114583333 0.575819158203125 0.29537803385416667 0.279434833984375 0.4010792317708333
0 0.2834501015625 0.43782902864583334 0.289500556640625 0.46374410937500005 0.5867902890625 0.35416351041666666 0.580565837890625 0.3273826041666667 0.2834501015625 0.43782902864583334
0 0.28719856640625 0.46905880208333334 0.292252373046875 0.49420688541666663 0.615215693359375 0.36983865885416667 0.610045580078125 0.34830420833333336 0.28719856640625 0.46905880208333334
0 0.29246294921875 0.49525472135416665 0.2976711015625 0.516978453125 0.6209012265625 0.39813024999999996 0.6162685703125 0.3750778411458333 0.29246294921875 0.49525472135416665
0 0.298302828125 0.5201219635416666 0.303721556640625 0.5428935364583333 0.625168958984375 0.42355916927083337 0.62021213671875 0.40308607031250004 0.298302828125 0.5201219635416666
0 0.30214941015625 0.5434552083333334 0.3083542109375 0.5659459427083333 0.63043333984375 0.44975508593749997 0.625421490234375 0.4248157838541667 0.30214941015625 0.5434552083333334
0 0.307413791015625 0.5696511276041667 0.31683344921875 0.6123315963541667 0.64635215234375 0.4912366979166667 0.638393607421875 0.45163443750000004 0.307413791015625 0.5696511276041667
0 0.314320884765625 0.6165984531250001 0.323108818359375 0.6561354114583333 0.6541434375 0.53000665625 0.64781540625 0.4943255598958333 0.314320884765625 0.6165984531250001
0 0.650070666015625 0.5600489036458333 0.6459716171875 0.5480365364583334 0.6427059765625 0.535978875 0.33282571484375 0.6564654713541667 0.328568716796875 0.6604366796875 0.32928854296875 0.6663053359375 0.33203435546875 0.6837799453125001 0.335031505859375 0.6948827005208332 0.33839350390625 0.7028463333333334 0.651980181640625 0.5863203333333333 0.652232646484375 0.5749994557291667 0.650070666015625 0.5600489036458333
0 0.66620358203125 0.6570969375 0.6533522109375 0.5889552526041667 0.338508361328125 0.7034178802083333 0.352097634765625 0.7794237994791667 0.663536671875 0.6647881432291667 0.66620358203125 0.6570969375
0 0.7196719765625 0.7177323515624999 0.714618169921875 0.6925842682291666 0.708890748046875 0.676661390625 0.7052672890625 0.6670155885416666 0.34781669140625 0.8000453880208332 0.3455709296875 0.809832265625 0.346160765625 0.8253444921875 0.3501616953125 0.8452533880208333 0.355790998046875 0.8690727942708333 0.36040931640625 0.8752843072916666 0.7212165703125 0.7463802890625 0.72309740625 0.738969921875 0.7196719765625 0.7177323515624999
0 0.693973068359375 0.7575483072916667 0.36633297265625 0.8754141249999999 0.3637854453125 0.8836993880208334 0.364681470703125 0.8950183385416667 0.365171578125 0.8997439010416667 0.369716515625 0.9090204062499999 0.698140453125 0.7950550390625 0.700386212890625 0.7852681640625 0.6975925078125 0.7671740989583333 0.693973068359375 0.7575483072916667
0 0.370769392578125 0.9142595911458334 0.380245279296875 0.9614122421875 0.7171054375 0.8433098359375001 0.706482720703125 0.7946428619791667 0.370769392578125 0.9142595911458334
0 0.4589520546875 1 0.72790100390625 0.9012216927083333 0.718277859375 0.8533362708333333 0.3806245390625 0.9758766302083334 0.385887470703125 1 0.4589520546875 1