0 0.613692896484375 1 0.35049274609375 0.9500581406249999 0.34797990234375 0.9647696588541667 0.453955791015625 1 0.613692896484375 1
0 0.691664884765625 1 0.694237158203125 0.9862442369791666 0.35513722265625 0.9170090651041667 0.35049036328125 0.9451768203125 0.641079322265625 1 0.691664884765625 1
0 0.70048325390625 0.9871005182291667 0.702194474609375 0.9632670807291667 0.375020583984375 0.891412359375 0.371796671875 0.9144362526041667 0.70048325390625 0.9871005182291667
0 0.38016918359375 0.8598742265625 0.374799103515625 0.8885918385416667 0.702194474609375 0.9632670807291667 0.707345369140625 0.9388181197916667 0.38016918359375 0.8598742265625
0 0.709719798828125 0.9377061744791666 0.714230681640625 0.9135832968750001 0.3842480625 0.8331675104166667 0.381462822265625 0.8627445026041666 0.709719798828125 0.9377061744791666
0 0.714660287109375 0.9112858880208333 0.719595923828125 0.8751031015624999 0.336597509765625 0.7793351796875 0.330828205078125 0.8154087552083333 0.714660287109375 0.9112858880208333
0 0.34500283984375 0.7347128828125 0.338561123046875 0.7740553697916667 0.71873191796875 0.8699354270833334 0.723875357421875 0.8342738281250001 0.34500283984375 0.7347128828125
0 0.352310947265625 0.705419390625 0.348664068359375 0.7347099427083333 0.72926929296875 0.8380550885416667 0.734283173828125 0.8055270989583333 0.352310947265625 0.705419390625
0 0.736360236328125 0.8050290260416667 0.743446326171875 0.7622404609375 0.411390634765625 0.6700047213541667 0.40486440234375 0.7131292291666668 0.736360236328125 0.8050290260416667
0 0.418392240234375 0.6309981875 0.411950537109375 0.6703405937500001 0.744522759765625 0.761378234375 0.74845319140625 0.7189854947916667 0.418392240234375 0.6309981875
0 0.744715984375 0.7162982213541667 0.749436880859375 0.6812641171874999 0.42569316796875 0.5870608880208333 0.41903665625 0.6275520364583334 0.744715984375 0.7162982213541667
0 0.4308460546875 0.5546106953125 0.425478357421875 0.5882096276041667 0.75654454296875 0.6824068958333332 0.7628671015625 0.6472863619791667 0.4308460546875 0.5546106953125
0 0.759110193359375 0.6442160833333334 0.76490987890625 0.6132010651041667 0.4548991796875 0.5180674296875 0.448937490234375 0.5557445156249999 0.759110193359375 0.6442160833333334
0 0.768998359375 0.6060194088541667 0.774375671875 0.5919454557291667 0.77845930078125 0.5750012942708334 0.77866687890625 0.559208890625 0.384700734375 0.439220796875 0.376328177734375 0.49378289062499997 0.768998359375 0.6060194088541667
0 0.787056208984375 0.5388156588541667 0.78877229296875 0.5247446484375 0.78596542578125 0.5103902708333333 0.786177853515625 0.504360375 0.394672166015625 0.3772706848958333 0.387712751953125 0.432901515625 0.78060255078125 0.5537517005208333 0.787056208984375 0.5388156588541667
0 0.79198955078125 0.497751578125 0.797789234375 0.46673655729166663 0.4278136484375 0.3399781380208333 0.418484783203125 0.3809053984375 0.79198955078125 0.497751578125
0 0.413923595703125 0.30252169791666667 0.408338677734375 0.33238820572916666 0.796925173828125 0.46156886458333335 0.800786873046875 0.4311294947916667 0.413923595703125 0.30252169791666667
0 0.4214273515625 0.23302944270833334 0.41262757421875 0.294770265625 0.805736962890625 0.4242344322916667 0.814367458984375 0.36649525 0.4214273515625 0.23302944270833334
0 0.811954283203125 0.36651555208333336 0.8222648515625 0.3113776536458333 0.4323799375 0.16956415625 0.42121252734375 0.23417826302083333 0.811954283203125 0.36651555208333336
0 0.83259698828125 0.30017110416666665 0.84698881640625 0.2232078125 0.45161141015625 0.0781584921875 0.436468390625 0.16238248958333332 0.83259698828125 0.30017110416666665
0 0.46225741796875 0 0.44934460546875 0.06905394010416667 0.849136859375 0.21172070572916668 0.859499203125 0.1412906015625 0.496703369140625 0 0.46225741796875 0