0 0.502601466796875 0 0.134566966796875 0.12436390364583333 0.151610787109375 0.18280847916666665 0.584771845703125 0.04073616927083334 0.58054634375 0 0.502601466796875 0
0 0.1567513984375 0.24390423697916666 0.16937457421875 0.288419828125 0.6266193671875 0.07971343489583334 0.617359927734375 0.03528455989583333 0.1567513984375 0.24390423697916666
0 0.635245201171875 0.1317853359375 0.627078978515625 0.0820004921875 0.16920628515625 0.29215680729166665 0.18269940234375 0.3375075364583333 0.635245201171875 0.1317853359375
0 0.64740878125 0.17401386458333334 0.639595349609375 0.135133703125 0.17846001953125 0.34277870833333335 0.193179576171875 0.37959586979166665 0.64740878125 0.17401386458333334
0 0.188448515625 0.38333305729166667 0.201010212890625 0.42296800520833333 0.656401189453125 0.21949479166666666 0.647700076171875 0.18003790885416668 0.188448515625 0.38333305729166667
0 0.665395181640625 0.2680899583333333 0.65666254296875 0.22463575520833334 0.19741096875 0.42793082552083334 0.209743970703125 0.47208314062499995 0.665395181640625 0.2680899583333333
0 0.206603234375 0.4736721614583333 0.217051345703125 0.5165135703125 0.67397659375 0.3170129244791667 0.664767265625 0.2695399609375 0.206603234375 0.4736721614583333
0 0.682921984375 0.35987907031250005 0.6731018046875 0.315587734375 0.2157955 0.5194135026041666 0.226013798828125 0.5611113385416667 0.682921984375 0.35987907031250005
0 0.694871935546875 0.4193428411458333 0.68298348046875 0.3647596223958333 0.221786654296875 0.567524078125 0.23648620703125 0.6202469140625 0.694871935546875 0.4193428411458333
0 0.233276994140625 0.6247007864583333 0.24688091796875 0.6786710416666667 0.707087234375 0.4817737109375 0.694765115234375 0.42796046354166667 0.233276994140625 0.6247007864583333
0 0.7173476328125 0.5449071510416666 0.705627494140625 0.48658695052083334 0.24608462890625 0.6838580520833334 0.260497740234375 0.7397299270833333 0.7173476328125 0.5449071510416666
0 0.71973955859375 0.5979805416666667 0.71054729296875 0.5522392057291666 0.259750078125 0.7427088541666667 0.272494431640625 0.7893645572916667 0.71973955859375 0.5979805416666667
0 0.270091365234375 0.7941677994791667 0.2818567890625 0.8389898385416666 0.73246655078125 0.6533406796875 0.722665560546875 0.6079659869791666 0.270091365234375 0.7941677994791667
0 0.737098044921875 0.6935067239583333 0.730601953125 0.6566071848958334 0.28637525390625 0.8386011354166666 0.295156328125 0.8769773671875 0.737098044921875 0.6935067239583333
0 0.291447181640625 0.88213759375 0.30315113671875 0.9220790651041666 0.7451412578125 0.733530296875 0.738645197265625 0.6966309140625001 0.291447181640625 0.88213759375
0 0.301665509765625 0.9238355833333333 0.3201406328125 0.9883217578125 0.757574966796875 0.8034361770833334 0.745264279296875 0.7432915598958334 0.301665509765625 0.9238355833333333
0 0.4747647421875 1 0.7706045 0.8739607578125 0.7577968359375 0.8148035 0.31848664453125 0.9938151953125001 0.32002880859375 1 0.4747647421875 1