0 0.562753478515625 1 0.848826232421875 0.8686630026041667 0.8426884375 0.8489463385416666 0.5152099453125 1 0.562753478515625 1
0 0.509091873046875 1 0.84354961328125 0.8506285130208333 0.83283237109375 0.810780875 0.43516828515625 0.9930426848958334 0.436607841796875 1 0.509091873046875 1
0 0.832303349609375 0.81071659375 0.82276392578125 0.7737772682291667 0.42437313671875 0.9528612916666667 0.4331999765625 0.9926942161458333 0.832303349609375 0.81071659375
0 0.40359108984375 0.8998603020833333 0.414108185546875 0.955132078125 0.820795630859375 0.7734287942708334 0.805232705078125 0.7119060442708333 0.40359108984375 0.8998603020833333
0 0.80460751171875 0.7107438411458333 0.7901262734375 0.6510316354166666 0.389316037109375 0.8300365885416667 0.40440308984375 0.8957312109375 0.80460751171875 0.7107438411458333
0 0.313239587890625 0.7572840520833334 0.333874236328125 0.8517339010416666 0.80075210546875 0.6449011536458333 0.77781208984375 0.5537332734375 0.313239587890625 0.7572840520833334
0 0.7638205859375 0.5491686171875 0.7477429296875 0.5014580494791666 0.326029328125 0.6840301380208333 0.336693400390625 0.7390037317708332 0.7638205859375 0.5491686171875
0 0.316265005859375 0.6344425130208333 0.3247585703125 0.681878671875 0.746325150390625 0.4996047890625 0.732607712890625 0.45467816666666666 0.316265005859375 0.6344425130208333
0 0.7352851328125 0.449581421875 0.722043 0.4055774765625 0.2975063046875 0.5855792265625 0.30697406640625 0.6311954296875 0.7352851328125 0.449581421875
0 0.287495728515625 0.5412231328125 0.298191439453125 0.5826399401041666 0.720886669921875 0.40109984375 0.706885216796875 0.3590728541666666 0.287495728515625 0.5412231328125
0 0.707383103515625 0.35972009114583336 0.689515734375 0.29780617187499997 0.280290150390625 0.4709204088541667 0.2930563046875 0.5336619140625 0.707383103515625 0.35972009114583336
0 0.26626826171875 0.40447441145833335 0.2771020390625 0.4646091380208333 0.69145641796875 0.29441094791666667 0.67385061328125 0.22987286197916668 0.26626826171875 0.40447441145833335
0 0.67327244921875 0.22763404427083334 0.6605808125 0.1821252369791667 0.246967607421875 0.34988498958333336 0.258367486328125 0.3993370520833333 0.67327244921875 0.22763404427083334
0 0.232639962890625 0.2997128515625 0.24226220703125 0.34788286979166666 0.659135421875 0.1765282734375 0.647430876953125 0.1288489296875 0.232639962890625 0.2997128515625
0 0.6339308203125 0.07165566145833334 0.617357833984375 0.032937127604166665 0.218653974609375 0.23100847395833335 0.22789134765625 0.2760163515625 0.6339308203125 0.07165566145833334
0 0.57187156640625 0 0.211027638671875 0.18693046614583333 0.21836491015625 0.229889140625 0.617591693359375 0.0265693828125 0.6069852734375 0 0.57187156640625 0
0 0.4649288125 0 0.205209341796875 0.13219338802083333 0.214909001953125 0.18014017968749998 0.572064904296875 0 0.4649288125 0
0 0.437246521484375 0 0.20024449609375 0.10880845572916666 0.204680970703125 0.12598773177083333 0.4575298515625 0 0.437246521484375 0