0 0.401741373046875 1 0.705492123046875 0.8797259270833333 0.7040000390625 0.8368904062500001 0.364968453125 0.9648223854166668 0.370604650390625 1 0.401741373046875 1
0 0.34961018359375 0.8733739973958333 0.360202236328125 0.9322673046875 0.6933513125 0.8080420130208333 0.68873694140625 0.7538122604166667 0.34961018359375 0.8733739973958333
0 0.6893362265625 0.7512884479166666 0.683224677734375 0.6998393749999999 0.339137732421875 0.8142922473958333 0.3480386171875 0.8677127083333334 0.6893362265625 0.7512884479166666
0 0.32874750390625 0.750725 0.33901811328125 0.8144806927083333 0.686871791015625 0.7002678463541666 0.68039601171875 0.6407154010416667 0.32874750390625 0.750725
0 0.678033841796875 0.641004109375 0.674605 0.6045706822916667 0.330163375 0.7054490703125 0.337518060546875 0.7488728385416666 0.678033841796875 0.641004109375
0 0.325719578125 0.672254875 0.3304858046875 0.7048100364583334 0.6734501796875 0.6024173046875 0.672192201171875 0.5691213515625 0.325719578125 0.672254875
0 0.321092248046875 0.6408691276041667 0.326596630859375 0.6720696614583334 0.669422111328125 0.5685076718750001 0.667703751953125 0.5389048645833333 0.321092248046875 0.6408691276041667
0 0.30827780859375 0.5632670442708333 0.31836584765625 0.6330544635416667 0.66802523046875 0.534042390625 0.662006943359375 0.4692630338541666 0.30827780859375 0.5632670442708333
0 0.66172320703125 0.4658527734375 0.6567148984375 0.4009857942708333 0.294089111328125 0.484998890625 0.3052299375 0.5603147734375 0.66172320703125 0.4658527734375
0 0.285704697265625 0.4337875807291667 0.294586314453125 0.4858502604166666 0.657591982421875 0.40080057291666665 0.653586751953125 0.34843800520833335 0.285704697265625 0.4337875807291667
0 0.6507422421875 0.35070597395833336 0.64800001171875 0.29734678385416663 0.276892205078125 0.3818470911458333 0.28556578515625 0.4326181692708333 0.6507422421875 0.35070597395833336
0 0.2643816796875 0.31483171354166667 0.27451336328125 0.37741800000000003 0.64827781640625 0.2996854479166667 0.64294813671875 0.2396808359375 0.2643816796875 0.31483171354166667
0 0.252261724609375 0.24307614322916668 0.2624886484375 0.31403273697916667 0.6413328671875 0.24122053385416667 0.6368212265625 0.17400615104166664 0.252261724609375 0.24307614322916668
0 0.63798351171875 0.16761279427083334 0.63339190234375 0.10625372916666666 0.239863962890625 0.16898190364583332 0.250690166015625 0.23741477343749998 0.63798351171875 0.16761279427083334
0 0.638420115234375 0.0956028671875 0.6363287265625 0.055291 0.231460134765625 0.11591378125 0.23870912109375 0.166828609375 0.638420115234375 0.0956028671875
0 0.593679392578125 0 0.23316874609375 0.05011666145833333 0.222444267578125 0.05238145052083334 0.230053720703125 0.10153307291666668 0.63452305078125 0.04009022395833333 0.629086181640625 0 0.593679392578125 0