0 0 0.6318930989583333 0.053655669921875 0.6574609609375001 0.21143266015625 0.09377634114583333 0.1421236796875 0.055518393229166664 0 0.5585795911458333 0 0.6318930989583333
0 0.28221449609375 0.128776953125 0.215079869140625 0.09419858333333332 0.0553347265625 0.6582318229166667 0.12568698828125 0.6910827447916666 0.28221449609375 0.128776953125
0 0.349927326171875 0.1611163515625 0.2844717578125 0.12730884374999998 0.128112521484375 0.6891399557291668 0.1964980703125 0.7208381380208334 0.349927326171875 0.1611163515625
0 0.202252474609375 0.7256822708333334 0.26941490625 0.7565167786458334 0.425185279296875 0.1992440625 0.359712615234375 0.16686101302083334 0.202252474609375 0.7256822708333334
0 0.462079712890625 0.2213713359375 0.42878765234375 0.20483463541666666 0.275291626953125 0.7592148020833333 0.3109944609375 0.7734038307291667 0.462079712890625 0.2213713359375
0 0.31448820703125 0.7747056822916667 0.36908544921875 0.7960148203125 0.52321516796875 0.2319079453125 0.47363965234375 0.20358720052083334 0.31448820703125 0.7747056822916667
0 0.57130198828125 0.26024580468749997 0.52518337890625 0.2315593567708333 0.3701863046875 0.7990246302083334 0.4221458125 0.8189253619791667 0.57130198828125 0.26024580468749997
0 0.431294009765625 0.8133051276041666 0.47749584765625 0.8307599843750001 0.5915383125 0.33896439322916666 0.554272857421875 0.3225511953125 0.431294009765625 0.8133051276041666
0 0.634000427734375 0.3629110104166667 0.592863380859375 0.34402484895833335 0.482243978515625 0.8341920286458334 0.527055923828125 0.8497565416666667 0.634000427734375 0.3629110104166667
0 0.531142541015625 0.8666592317708334 0.572073681640625 0.8754331588541667 0.68159228515625 0.3822561927083334 0.64633437109375 0.36274434375 0.531142541015625 0.8666592317708334
0 0.712916189453125 0.3991415104166667 0.682403974609375 0.3863854921875 0.5725685859375 0.884425828125 0.604108244140625 0.8942022864583333 0.712916189453125 0.3991415104166667
0 0.607912208984375 0.8893823489583333 0.6350661796875 0.9005966692708333 0.742590173828125 0.4179525989583333 0.71398929296875 0.4058952265625 0.607912208984375 0.8893823489583333
0 0.819102220703125 0.3552286796875 0.783552794921875 0.34016001822916664 0.65003894921875 0.9262537968750001 0.69208428125 0.9414779427083334 0.819102220703125 0.3552286796875
0 0.693116296875 0.9485351588541667 0.734253232421875 0.9674212682291666 0.865537677734375 0.37905176562500004 0.82550154296875 0.3631754401041667 0.693116296875 0.9485351588541667
0 0.73648275390625 0.9696970078125 0.781439244140625 0.9847018020833334 0.9120933828125 0.3974960729166667 0.869040341796875 0.3800337317708333 0.73648275390625 0.9696970078125