0 0.071103416015625 0.730737671875 0.102738447265625 0.7356653046875 0.107318748046875 0.20991105468750001 0.070087326171875 0.20372928906249999 0.071103416015625 0.730737671875
0 0.14549341015625 0.2174265520833333 0.110854375 0.21320789583333333 0.108901341796875 0.7312945755208333 0.140257068359375 0.7323767708333334 0.14549341015625 0.2174265520833333
0 0.1445365703125 0.7306608151041667 0.174112166015625 0.7324292265625 0.183515013671875 0.2186556796875 0.15018011328125 0.21291820572916667 0.1445365703125 0.7306608151041667
0 0.218513611328125 0.22522370572916664 0.186140484375 0.22022725260416667 0.176429720703125 0.7306671874999999 0.20674338671875 0.7325044765625001 0.218513611328125 0.22522370572916664
0 0.246834892578125 0.23676583072916668 0.22036659375 0.23231990364583333 0.207961484375 0.7375633125 0.232162998046875 0.7376825338541666 0.246834892578125 0.23676583072916668
0 0.232370376953125 0.7388500651041667 0.25677926953125 0.7401367552083333 0.275620796875 0.23944970572916668 0.24767625390625 0.234866140625 0.232370376953125 0.7388500651041667
0 0.312525740234375 0.24289056510416665 0.27788668359375 0.23867189062500002 0.25762062890625 0.7382370833333334 0.289047146484375 0.7418984479166667 0.312525740234375 0.24289056510416665
0 0.289890517578125 0.7452020286458333 0.321628759765625 0.7481611666666667 0.3498415859375 0.25156676562499997 0.313160576171875 0.24492787500000002 0.289890517578125 0.7452020286458333
0 0.389819666015625 0.25405336197916667 0.35085526171875 0.24745330468750001 0.323791453125 0.7493518984374999 0.3586933359375 0.7516551197916667 0.389819666015625 0.25405336197916667
0 0.35995827734375 0.7527239401041667 0.396073533203125 0.7570802005208334 0.43009819921875 0.2612249921875 0.391244240234375 0.2551752578125 0.35995827734375 0.7527239401041667
0 0.450276736328125 0.24683231510416667 0.433935318359375 0.247286828125 0.398478869140625 0.739501390625 0.412244642578125 0.7457301171875 0.4292209453125 0.7473129140625 0.434439265625 0.7468104218749999 0.440395662109375 0.7463766796875001 0.44787991796875 0.7450963593750001 0.489876025390625 0.2554696979166667 0.48170531640625 0.255696953125 0.473689462890625 0.2529714713541667 0.459030712890625 0.2496266171875 0.450276736328125 0.24683231510416667
0 0.4979686484375 0.7559388072916667 0.548975546875 0.25999082552083336 0.492296765625 0.25173914062499997 0.4477766796875 0.7470648541666667 0.454161431640625 0.7526054713541667 0.46001463671875 0.7541402916666667 0.46739560546875 0.7548284635416667 0.475463080078125 0.7565696666666667 0.488800490234375 0.7568241640625 0.4979686484375 0.7559388072916667
0 0.608823291015625 0.3209582604166667 0.54634297265625 0.3101875625 0.501503021484375 0.75504128125 0.55874158984375 0.7637804557291666 0.608823291015625 0.3209582604166667
0 0.5627652890625 0.7607531145833333 0.6186027578125 0.7709044921875 0.672128443359375 0.32838734375 0.6111924609375 0.3182119713541667 0.5627652890625 0.7607531145833333
0 0.754466751953125 0.216839 0.695522037109375 0.20936512760416667 0.630028490234375 0.7889181692708332 0.683312794921875 0.7957299479166666 0.754466751953125 0.216839