0 0.764478658203125 0.14435147135416668 0.773213447265625 0.10148487239583333 0.772967646484375 0.09898217447916667 0.333169390625 0.011106419270833334 0.32821995703125 0.04546224479166667 0.764478658203125 0.14435147135416668
0 0.32694315234375 0.04719035416666667 0.321490884765625 0.08360959375 0.75268181640625 0.19627209895833334 0.76419928515625 0.14549790104166668 0.32694315234375 0.04719035416666667
0 0.32151060546875 0.08704001822916667 0.31605833984375 0.1234592578125 0.743921689453125 0.23924267447916667 0.753204373046875 0.19763910937499998 0.32151060546875 0.08704001822916667
0 0.314781533203125 0.12518736718749998 0.309329267578125 0.16160660677083333 0.733362205078125 0.28257434635416667 0.74316744140625 0.24233779427083335 0.314781533203125 0.12518736718749998
0 0.3080524609375 0.16333471614583334 0.304340384765625 0.1891015859375 0.771232634765625 0.3343402395833333 0.780574482421875 0.3030279453125 0.3080524609375 0.16333471614583334
0 0.304882666015625 0.19389902083333332 0.303241087890625 0.22170351302083333 0.764986671875 0.36699374739583335 0.770962568359375 0.3389598255208333 0.304882666015625 0.19389902083333332
0 0.301964283203125 0.22343162239583333 0.2962803203125 0.2643129921875 0.67480670703125 0.39294113802083336 0.684299751953125 0.350474328125 0.301964283203125 0.22343162239583333
0 0.293475296875 0.2688009140625 0.2893195546875 0.30692247395833333 0.663783833984375 0.44519707031250005 0.673002748046875 0.40034382552083336 0.293475296875 0.2688009140625
0 0.288062474609375 0.31208100260416666 0.28692373046875 0.3378220807291667 0.6413041875 0.4742396041666667 0.647550150390625 0.44158609375 0.288062474609375 0.31208100260416666
0 0.63300744921875 0.5082859192708333 0.640249427734375 0.4785678984375 0.284118705078125 0.3423100052083334 0.2795932109375 0.3608807239583333 0.279923517578125 0.3735707109375 0.63300744921875 0.5082859192708333
0 0.278143880859375 0.377362234375 0.271705671875 0.4213387239583333 0.62639671484375 0.5670158125 0.637116955078125 0.5160017552083334 0.278143880859375 0.377362234375
0 0.25576284765625 0.42355688802083336 0.24986691796875 0.4723308151041667 0.611311734375 0.628918203125 0.621002783203125 0.5786161536458333 0.25576284765625 0.42355688802083336
0 0.24911266796875 0.47542593489583335 0.240623681640625 0.5207952265625 0.59773525390625 0.6846303515625 0.60900954296875 0.6313427109374999 0.24911266796875 0.47542593489583335
0 0.587003244140625 0.7427154270833333 0.59905150390625 0.6897630911458333 0.24399070703125 0.5245351640625 0.241688515625 0.5269596744791667 0.2355214453125 0.5733348828125 0.587003244140625 0.7427154270833333
0 0.237591943359375 0.5753725026041666 0.231868537109375 0.6093930260416667 0.58077700390625 0.7787993619791668 0.589576576171875 0.7426896380208333 0.237591943359375 0.5753725026041666
0 0.230591732421875 0.6111211328125 0.225893712890625 0.6444452552083334 0.574861349609375 0.8241428645833334 0.58157069921875 0.7825650911458334 0.230591732421875 0.6111211328125
0 0.21409658203125 0.6542307526041666 0.2096302578125 0.6830927421875 0.604592537109375 0.8952633333333333 0.611089916015625 0.8615781145833333 0.21409658203125 0.6542307526041666
0 0.2047941796875 0.6924038932291667 0.19698055078125 0.7209563697916667 0.59175058203125 0.9444499375 0.6000473203125 0.9104036249999999 0.2047941796875 0.6924038932291667
0 0.19777424609375 0.7247220989583334 0.190483171875 0.7546415859375001 0.583744705078125 0.9843253958333333 0.5907035078125 0.9522580416666666 0.19777424609375 0.7247220989583334
0 0.57609282421875 1 0.57811493359375 0.9898708177083333 0.18849156640625 0.7663256614583333 0.184547794921875 0.7965546614583333 0.522641447265625 1 0.57609282421875 1
0 0.510327126953125 1 0.183290712890625 0.8017131953125 0.180392052734375 0.8346762213541666 0.451568015625 1 0.510327126953125 1
0 0.427318041015625 0.9942433802083334 0.175013697265625 0.8391899348958334 0.17157276171875 0.8673555234375 0.25316301171875 0.9187948463541667 0.427318041015625 0.9942433802083334