0 0.51664682421875 1 0.8434299375 0.8520765052083333 0.83360813671875 0.8049998151041667 0.3892673984375 1 0.51664682421875 1
0 0.831717072265625 0.7989019166666668 0.822871236328125 0.7526381380208332 0.35771934765625 0.94592325 0.367837638671875 0.9995358463541667 0.831717072265625 0.7989019166666668
0 0.823725044921875 0.7479219765625 0.82152880078125 0.7352380130208332 0.33673632421875 0.9356823098958333 0.33873836328125 0.9472446927083333 0.823725044921875 0.7479219765625
0 0.822382609375 0.7305218463541667 0.8179905546875 0.719627140625 0.3347231015625 0.9240553411458333 0.33599237890625 0.9313858046875 0.822382609375 0.7305218463541667
0 0.81841745703125 0.7172690598958332 0.81426928515625 0.7029592786458333 0.330269751953125 0.9031594895833334 0.333002646484375 0.9189427812500001 0.81841745703125 0.7172690598958332
0 0.340392859375 0.826563234375 0.352153654296875 0.8896617994791667 0.8109753515625 0.6984065546874999 0.801031392578125 0.6458007890625 0.79895730859375 0.6386458984375 0.340392859375 0.826563234375
0 0.299401484375 0.7634745833333333 0.30153686328125 0.780630625 0.305746328125 0.8049415572916666 0.309345439453125 0.8160803489583334 0.314087224609375 0.82899484375 0.7948704296875 0.6343372630208334 0.795724236328125 0.6296211015625001 0.796821927734375 0.621489859375 0.795418630859375 0.6085618072916666 0.79206340234375 0.5940079375 0.787488326171875 0.582056234375 0.782730228515625 0.5690475338541666 0.298730265625 0.7547745234375 0.299401484375 0.7634745833333333
0 0.7761419296875 0.5454688671875 0.34972173046875 0.7067913932291666 0.35179581640625 0.7139462864583334 0.3539720703125 0.7265148098958334 0.78004621875 0.5631937291666667 0.77778911328125 0.5549818385416666 0.7761419296875 0.5454688671875
0 0.763149642578125 0.5427881979166667 0.76351525390625 0.5304289661458333 0.761928935546875 0.5164439192708333 0.7556458125 0.4994513203125 0.30226550390625 0.6690728229166667 0.303912685546875 0.6785857942708334 0.307756111328125 0.700782734375 0.312859306640625 0.7157844791666667 0.763149642578125 0.5427881979166667
0 0.33764239453125 0.6370295885416667 0.341157474609375 0.6525066666666667 0.75546279296875 0.4983943203125 0.75534063671875 0.4928652473958333 0.75430337890625 0.48205119010416664 0.752900080078125 0.469123140625 0.750886857421875 0.45749617187499997 0.745701857421875 0.44684555468750004 0.330260720703125 0.5992217864583333 0.333981990234375 0.6158896484374999 0.33764239453125 0.6370295885416667
0 0.256087408203125 0.5374406614583334 0.257673728515625 0.5514257083333333 0.26285915625 0.5765495520833334 0.265909638671875 0.5989905755208333 0.272985705078125 0.6157390885416667 0.32889309765625 0.5961469322916667 0.75802292578125 0.44082615885416665 0.75771775 0.43424009114583334 0.7578394765625 0.4252959375 0.756436177734375 0.4123678880208333 0.75387389453125 0.39756992708333333 0.75064082421875 0.38854513020833337 0.748993642578125 0.37903215625000003 0.744357701171875 0.37155253125000004 0.256087408203125 0.5374406614583334
0 0.7424057734375 0.3699267109375 0.73545100390625 0.32976082552083336 0.32122928515625 0.46506166145833333 0.329740603515625 0.5045699270833334 0.7424057734375 0.3699267109375
0 0.283898744140625 0.4375861796875 0.290700203125 0.4720430625 0.721178005859375 0.33415440104166666 0.721787498046875 0.3183800911458333 0.72038419921875 0.3054520390625 0.717821916015625 0.29065408072916665 0.714405826171875 0.28057228385416666 0.710379810546875 0.27179157552083333 0.278164255859375 0.4092913463541667 0.27962841796875 0.41774732291666666 0.283898744140625 0.4375861796875
0 0.269624025390625 0.3840868567708333 0.27141966796875 0.3944572369791666 0.721907505859375 0.25154304427083335 0.726603876953125 0.2400773697916667 0.711352333984375 0.15681869270833335 0.7079362421875 0.14673689583333333 0.704703171875 0.13771209895833333 0.695736470703125 0.12933891666666666 0.242110556640625 0.24448260416666667 0.26571973828125 0.3663619947916667 0.269624025390625 0.3840868567708333
0 0.695126115234375 0.11616677604166666 0.69658984765625 0.11014952864583333 0.69567431640625 0.09039132031250001 0.69177002734375 0.07266645833333334 0.6874388359375 0.057299677083333334 0.68347368359375 0.044046890625 0.221124951171875 0.14740231770833334 0.234931986328125 0.2319656796875 0.695126115234375 0.11616677604166666