0 0.422371076171875 0 0.69775208203125 0.06563238802083333 0.7019476015625 0.039765109375 0.532808248046875 0 0.422371076171875 0
0 0.309383634765625 0 0.305328095703125 0.0408736953125 0.7075858671875 0.14127459374999998 0.71534561328125 0.075779375 0.388891099609375 0 0.309383634765625 0
0 0.30197327734375 0.04471190885416667 0.294367677734375 0.10904127864583334 0.699134197265625 0.20485573177083335 0.707740044921875 0.14010874739583332 0.30197327734375 0.04471190885416667
0 0.6885177734375 0.2786437005208333 0.69833488671875 0.211227828125 0.295345751953125 0.11528192708333333 0.28650490625 0.18320919010416667 0.6885177734375 0.2786437005208333
0 0.28856410546875 0.18701779947916666 0.2852250546875 0.22590326041666667 0.682118275390625 0.31852838020833335 0.686922970703125 0.2770665859375 0.28856410546875 0.18701779947916666
0 0.676696294921875 0.361216015625 0.681938509765625 0.3215759036458333 0.2830135234375 0.22898967968749998 0.278197916015625 0.26851941927083334 0.676696294921875 0.361216015625
0 0.27555975390625 0.2717163645833333 0.270780091796875 0.30785878645833337 0.669242525390625 0.403942703125 0.67535924609375 0.364508109375 0.27555975390625 0.2717163645833333
0 0.664154486328125 0.44241697135416663 0.66893416015625 0.40627447135416667 0.27453585546875 0.31355038802083335 0.269098779296875 0.3523212421875 0.664154486328125 0.44241697135416663
0 0.656187576171875 0.4958421640625 0.662405498046875 0.44200577864583335 0.2679565625 0.3564825859375 0.260506029296875 0.40979871875 0.656187576171875 0.4958421640625
0 0.259372951171875 0.4145713177083334 0.252947845703125 0.45633759375 0.664096625 0.5522820546875 0.6698205703125 0.5086643750000001 0.259372951171875 0.4145713177083334
0 0.659285529296875 0.5951455703125 0.66643091015625 0.5547508072916667 0.254080103515625 0.4614123203125 0.250389423828125 0.5012943515625 0.659285529296875 0.5951455703125
0 0.25274783984375 0.505578109375 0.24658051953125 0.5522135963541667 0.635368060546875 0.6420463098958333 0.64148721484375 0.593365484375 0.25274783984375 0.505578109375
0 0.626225484375 0.7292250520833333 0.63480675 0.650699484375 0.23922554296875 0.5601016432291667 0.228637494140625 0.6333468854166667 0.626225484375 0.7292250520833333
0 0.214751533203125 0.6565292421875 0.210024845703125 0.7059076119791667 0.679372171875 0.8114438828125 0.6857287265625 0.7636263489583334 0.214751533203125 0.6565292421875
0 0.66873117578125 0.8714531822916666 0.676955841796875 0.8228971953125 0.21084873046875 0.7133141848958333 0.206292021484375 0.7672604817708333 0.66873117578125 0.8714531822916666
0 0.217439923828125 0.7725662916666667 0.207675759765625 0.8532181041666668 0.59387712109375 0.9482903255208334 0.6051506171875 0.8613137552083333 0.217439923828125 0.7725662916666667
0 0.67241327734375 1 0.672809568359375 0.9974342395833333 0.200702982421875 0.8770087682291666 0.193113001953125 0.9355633619791667 0.467191751953125 1 0.67241327734375 1