0 0.506545630859375 1 0.79372025390625 0.9866288567708333 0.79371034765625 0.9816477682291667 0.379727296875 0.9694448593749999 0.378077546875 0.9997284765625 0.385328990234375 1 0.506545630859375 1
0 0.788489779296875 0.9688653046875001 0.787694740234375 0.9385093984375 0.382686453125 0.9269740729166666 0.380951224609375 0.9539939791666666 0.788489779296875 0.9688653046875001
0 0.793359490234375 0.9371601796875 0.78989737890625 0.8982447604166667 0.343467255859375 0.8908090026041666 0.343500400390625 0.9231658046875001 0.793359490234375 0.9371601796875
0 0.788157189453125 0.8939839401041666 0.786435267578125 0.8593293385416666 0.3465683828125 0.8537589140624999 0.345816384765625 0.8872288515625 0.788157189453125 0.8939839401041666
0 0.7888183984375 0.8570474557291666 0.786339958984375 0.8245990052083334 0.35213782421875 0.8176793619791667 0.352989650390625 0.8502035494791667 0.7888183984375 0.8570474557291666
0 0.786283169921875 0.8224307265625 0.783851390625 0.7606726406250001 0.34807943359375 0.7559970130208334 0.34795162890625 0.813299734375 0.786283169921875 0.8224307265625
0 0.78861765234375 0.7561088723958332 0.7846444453125 0.6976789401041666 0.348815697265625 0.6908350338541666 0.347880673828125 0.7484080364583333 0.78861765234375 0.7561088723958332
0 0.783774349609375 0.6955485286458334 0.78142775390625 0.6370428619791667 0.348124109375 0.633337765625 0.34710390234375 0.6876583515625 0.783774349609375 0.6955485286458334
0 0.78377972265625 0.6335711666666667 0.783589103515625 0.5641104973958333 0.349443759765625 0.5593591328124999 0.348759751953125 0.6265164010416667 0.78377972265625 0.6335711666666667
0 0.79225153125 0.5528525494791666 0.79327173828125 0.49853196614583334 0.316834462890625 0.4957497578125 0.316542380859375 0.5467800520833334 0.79225153125 0.5528525494791666
0 0.79234485546875 0.4942332760416666 0.79086835546875 0.4378580182291667 0.31622805859375 0.44150490885416666 0.31671546875 0.49120632812500004 0.79234485546875 0.4942332760416666
0 0.790726384765625 0.4324373203125 0.79020516015625 0.3814448932291667 0.313011369140625 0.3808688307291667 0.312599873046875 0.4273398359375 0.790726384765625 0.4324373203125
0 0.789949611328125 0.3716876380208333 0.787915353515625 0.32510750260416665 0.313974787109375 0.32437996875 0.312692818359375 0.36870604427083337 0.789949611328125 0.3716876380208333
0 0.779725501953125 0.32331790885416667 0.778344310546875 0.30167298697916667 0.3499488984375 0.2988248203125 0.349725361328125 0.32138107552083334 0.779725501953125 0.32331790885416667
0 0.778259126953125 0.29842056510416665 0.77426765234375 0.2703844114583333 0.351565384765625 0.26727116927083333 0.35064194140625 0.294195125 0.778259126953125 0.29842056510416665
0 0.7742392578125 0.26930027083333336 0.771959576171875 0.24444079947916666 0.368719873046875 0.23825043489583334 0.367767845703125 0.2640829947916667 0.7742392578125 0.26930027083333336
0 0.773359037109375 0.2356919453125 0.7710509609375 0.20974833333333334 0.368596169921875 0.20243596093750002 0.3676723125 0.2293440546875 0.773359037109375 0.2356919453125
0 0.772450421875 0.2009994791666667 0.772355111328125 0.16626914583333333 0.348811142578125 0.16210963020833333 0.34718731640625 0.19338300781249998 0.772450421875 0.2009994791666667
0 0.34944395703125 0.1240890078125 0.347827470703125 0.15564266145833333 0.77058652734375 0.16092418489583335 0.771059103515625 0.14787663802083334 0.77051961328125 0.12727798958333333 0.34944395703125 0.1240890078125
0 0.7695156875 0.057855187499999995 0.766063703125 0.050417684895833335 0.3808871015625 0.0498990546875 0.37845958203125 0.11266859114583333 0.76936557421875 0.11430618229166667 0.77132279296875 0.09576220572916666 0.7695156875 0.057855187499999995