0 0.18717805078125 0.7874875572916666 0.225240462890625 0.7928294375 0.263462580078125 0.2992755598958333 0.223491287109375 0.29159671875 0.18717805078125 0.7874875572916666
0 0.2253946640625 0.7916634036458333 0.2561533828125 0.7976926562500001 0.299976400390625 0.3056120625 0.2643369609375 0.2994811276041667 0.2253946640625 0.7916634036458333
0 0.256617890625 0.8146332942708333 0.29627493359375 0.8215522786458332 0.3513591328125 0.234580625 0.30938721484375 0.22471291666666668 0.256617890625 0.8146332942708333
0 0.30836256640625 0.8255963984375 0.348482265625 0.8290173776041666 0.405881283203125 0.24499439583333335 0.36288072265625 0.23608713802083334 0.30836256640625 0.8255963984375
0 0.35439626953125 0.8183853281250001 0.378159755859375 0.8227698984375 0.431092654296875 0.3338768541666666 0.405734603515625 0.327915109375 0.35439626953125 0.8183853281250001
0 0.379034138671875 0.82297546875 0.401614720703125 0.8294865104166668 0.458208251953125 0.33884627864583333 0.4338701171875 0.3333275963541667 0.379034138671875 0.82297546875
0 0.437055845703125 0.8546502421875001 0.50813515625 0.25580981510416667 0.470248310546875 0.2478028515625 0.40033034375 0.8460159791666667 0.437055845703125 0.8546502421875001
0 0.440861890625 0.8531405625 0.47702128515625 0.8592372421875 0.551372478515625 0.26423101822916667 0.51178700390625 0.25546613020833336 0.440861890625 0.8531405625
0 0.482421904296875 0.8593046588541666 0.51801530859375 0.8628637812500001 0.591878818359375 0.280365015625 0.557205884765625 0.27335773958333337 0.482421904296875 0.8593046588541666
0 0.618779744140625 0.3395306197916667 0.589769845703125 0.3339125598958333 0.521770671875 0.86855565625 0.547588966796875 0.8702175651041667 0.618779744140625 0.3395306197916667
0 0.65144148828125 0.3448049921875 0.623305974609375 0.3393925 0.5505228515625 0.8693041848958334 0.578092380859375 0.872179078125 0.65144148828125 0.3448049921875
0 0.679270521484375 0.37298812239583334 0.65463265625 0.36839794010416665 0.584213298828125 0.8736181223958334 0.60823346875 0.8765422265625 0.679270521484375 0.37298812239583334
0 0.610754125 0.8774534505208332 0.6355461875 0.8808776406250001 0.706784287109375 0.37877677864583337 0.681893669921875 0.37360483072916667 0.610754125 0.8774534505208332
0 0.641770498046875 0.8883522578125 0.666254046875 0.8941084036458333 0.74061428515625 0.38540813020833337 0.71249825390625 0.3808000494791666 0.641770498046875 0.8883522578125
0 0.67196317578125 0.8918438593750001 0.698195609375 0.8980111744791667 0.772690412109375 0.39030497135416664 0.7444398125 0.384702859375 0.67196317578125 0.8918438593750001
0 0.723042177734375 0.9351111197916667 0.740684736328125 0.9380567291666666 0.752257072265625 0.9323616614583333 0.761001255859375 0.9344174401041667 0.7647037890625 0.9268721588541666 0.859644365234375 0.27713589583333337 0.8431846953125 0.2720639401041667 0.834286314453125 0.2711741510416667 0.815923681640625 0.266857046875 0.723042177734375 0.9351111197916667
0 0.80981428125 0.9470957161458333 0.911697443359375 0.2857669583333333 0.87014983984375 0.27571225520833337 0.769128533203125 0.9411371640625 0.80981428125 0.9470957161458333
0 0.811717240234375 0.9463409036458333 0.83476053515625 0.9493539505208334 0.934079115234375 0.31718559635416665 0.910928365234375 0.31203561979166666 0.811717240234375 0.9463409036458333
0 0.838258185546875 0.9501762578125 0.861147169921875 0.954355234375 0.960358173828125 0.32004996354166665 0.9383436953125 0.3160765442708333 0.838258185546875 0.9501762578125