0 0.1137576171875 0.7787010885416666 0.17147137890625 0.779885109375 0.1732472421875 0.21512478385416667 0.1126598125 0.21034564583333334 0.1137576171875 0.7787010885416666
0 0.23717634375 0.18078925520833333 0.18301419140625 0.177237296875 0.181238326171875 0.7763331276041666 0.2396129375 0.7767518958333333 0.23717634375 0.18078925520833333
0 0.2416158828125 0.7739651666666667 0.29755383984375 0.7751491875 0.29489010546875 0.18315721614583333 0.2389521484375 0.18315721614583333 0.2416158828125 0.7739651666666667
0 0.331294224609375 0.23406853125000002 0.29755383984375 0.23525251041666664 0.301105447265625 0.7763331276041666 0.3372691875 0.7754498124999999 0.331294224609375 0.23406853125000002
0 0.338397439453125 0.7775171458333333 0.37213782421875 0.7775171458333333 0.3665660625 0.23508522916666666 0.33218209765625 0.23406853125000002 0.338397439453125 0.7775171458333333
0 0.42274837109375 0.21157284375 0.364146677734375 0.21275682552083333 0.376577302734375 0.7822530677083334 0.4290660625 0.7819602291666666 0.42274837109375 0.21157284375
0 0.4325153203125 0.8023807734375 0.507987234375 0.8023807734375 0.501771892578125 0.1298779453125 0.426136375 0.12571022916666666 0.4325153203125 0.8023807734375
0 0.587898568359375 0.12869396354166665 0.51153883984375 0.1298779453125 0.515090447265625 0.8059327552083334 0.593226037109375 0.8071167734375 0.587898568359375 0.12869396354166665
0 0.610984072265625 0.22696462760416666 0.591450173828125 0.2293325885416667 0.602992986328125 0.8035647942708333 0.6243785625 0.8014914791666666 0.610984072265625 0.22696462760416666
0 0.626078490234375 0.8023807734375 0.646500259765625 0.8011968333333334 0.634957447265625 0.2293325885416667 0.613647806640625 0.2293325885416667 0.626078490234375 0.8023807734375
0 0.65093973828125 0.8000128125 0.693559140625 0.8000128125 0.67580110546875 0.20565292187499998 0.634957447265625 0.20565292187499998 0.65093973828125 0.8000128125
0 0.734402798828125 0.20446894270833335 0.68468018359375 0.20446894270833335 0.69533500390625 0.7988288723958333 0.747721353515625 0.7964609114583333 0.734402798828125 0.20446894270833335
0 0.802771439453125 0.2021009609375 0.75038508984375 0.20328494270833333 0.75216083203125 0.8000128125 0.806323046875 0.7988288723958333 0.802771439453125 0.2021009609375
0 0.813426259765625 0.8035647942708333 0.865812611328125 0.8059327552083334 0.8763316875 0.20253314583333334 0.820529474609375 0.2021009609375 0.813426259765625 0.8035647942708333
0 0.943060328125 0.20328494270833333 0.88712237109375 0.20446894270833335 0.8746916875 0.8059327552083334 0.9271129375 0.8066998124999999 0.943060328125 0.20328494270833333