0 0.595714765625 1 0.596928767578125 0.9947055755208334 0.319395798828125 0.9246777239583334 0.31424846484375 0.947125953125 0.35044684375 0.9618818932291666 0.503628712890625 1 0.595714765625 1
0 0.595134408203125 0.9951084869791668 0.604194220703125 0.9704424661458333 0.325580515625 0.8977053281249999 0.318345111328125 0.9218373854166666 0.595134408203125 0.9951084869791668
0 0.608431939453125 0.963095 0.61312479296875 0.9389175625 0.619071634765625 0.9129825677083333 0.623591236328125 0.8932719713541667 0.631872806640625 0.8682887083333334 0.634186921875 0.854485265625 0.27074475 0.7471685755208334 0.243562525390625 0.8620027057291666 0.608431939453125 0.963095
0 0.64056550390625 0.8378012005208334 0.644955861328125 0.8112317213541668 0.649713333984375 0.7904837265625 0.6569787890625 0.7662206171875 0.66275237890625 0.7447524661458332 0.666796232421875 0.7271166692708334 0.30350669921875 0.6005779635416667 0.27601740234375 0.7241738177083333 0.64056550390625 0.8378012005208334
0 0.357578134765625 0.5466171145833333 0.343763998046875 0.6031511901041667 0.66768310546875 0.7195376276041667 0.673867822265625 0.6925652317708333 0.6813711484375 0.6672647265624999 0.357578134765625 0.5466171145833333
0 0.68774973046875 0.6505806588541666 0.693220826171875 0.6267204635416667 0.69631318359375 0.6132342682291666 0.37262880078125 0.48469037239583335 0.365363345703125 0.5089534791666667 0.35780202734375 0.5419294244791667 0.6851977421875 0.6654215 0.68774973046875 0.6505806588541666
0 0.3815387578125 0.4384102942708333 0.373094166015625 0.4789495859375 0.6964864375 0.6087674244791667 0.70487663671875 0.5758878749999999 0.705287765625 0.5703836328124999 0.3815387578125 0.4384102942708333
0 0.71013047265625 0.5678202526041667 0.718218177734375 0.5325486588541667 0.383984900390625 0.39062966666666665 0.375478400390625 0.42772767968750003 0.71013047265625 0.5678202526041667
0 0.725354390625 0.5014266666666667 0.72468477734375 0.49321313802083333 0.39445134375 0.344984078125 0.384757775390625 0.38725905468750005 0.7183914296875 0.5280818151041666 0.72185090625 0.5204171067708333 0.725354390625 0.5014266666666667
0 0.735841447265625 0.47053625000000004 0.740534298828125 0.44635880729166666 0.7474972578125 0.41970365885416666 0.752081478515625 0.4034225078125 0.401895615234375 0.234581984375 0.37966195703125 0.3352572708333333 0.72851137109375 0.4913699140625 0.735841447265625 0.47053625000000004
0 0.75571420703125 0.39129095052083335 0.764450912109375 0.34947771614583334 0.43659621484375 0.19087465885416666 0.42870597265625 0.2327076171875 0.75571420703125 0.39129095052083335
0 0.772148107421875 0.3344655364583333 0.781425181640625 0.29400694791666665 0.44972327734375 0.1224919453125 0.43861485546875 0.1709372864583333 0.772148107421875 0.3344655364583333
0 0.7810580625 0.2881854609375 0.792302748046875 0.24285711458333334 0.46334669921875 0.06678960156250001 0.452717330078125 0.11314573697916668 0.7810580625 0.2881854609375
0 0.484102513671875 0.04678472135416667 0.47844884765625 0.07144113802083334 0.772264046875 0.23004442447916665 0.776307900390625 0.21240862760416668 0.777735142578125 0.20618422916666668 0.484102513671875 0.04678472135416667
0 0.49568114453125 0 0.4856512734375 0.043741640625 0.778210890625 0.2041094296875 0.7871414609375 0.1725845234375 0.786169353515625 0.16197895052083333 0.501039552734375 0 0.49568114453125 0