0 0.451732029296875 0 0.717147529296875 0.0455454375 0.71907497265625 0.05132571875 0.756131681640625 0.05848532552083333 0.75926694921875 0.03869039322916667 0.522935982421875 0 0.451732029296875 0
0 0.292526927734375 0 0.291528642578125 0.010840507812499999 0.289163482421875 0.04542760677083333 0.28876687109375 0.04973446354166666 0.711411171875 0.11674082812499999 0.716123453125 0.04776246614583333 0.43838112109375 0 0.292526927734375 0
0 0.710732673828125 0.14191580729166667 0.7120009453125 0.11923995572916667 0.285337623046875 0.051358945312499994 0.274641181640625 0.1140916796875 0.7085803359375 0.1830954296875 0.710732673828125 0.14191580729166667
0 0.263921646484375 0.16817165885416666 0.262967724609375 0.1963375078125 0.7978583203125 0.26423286979166666 0.801222064453125 0.2366090963541667 0.263921646484375 0.16817165885416666
0 0.2590427109375 0.2033455625 0.258887943359375 0.23173684635416666 0.79518119140625 0.2933041614583333 0.79824673828125 0.2689185390625 0.2590427109375 0.2033455625
0 0.267985859375 0.23978397656249997 0.26495565625 0.2993999817708333 0.72472679296875 0.35499733072916667 0.730666837890625 0.299397140625 0.267985859375 0.23978397656249997
0 0.720492240234375 0.4187879583333333 0.724617009765625 0.3650930104166667 0.261937529296875 0.3054635572916667 0.25688073046875 0.36037599479166665 0.258907328125 0.3650795625 0.720492240234375 0.4187879583333333
0 0.252147978515625 0.3672518125 0.250392251953125 0.404124578125 0.715520080078125 0.46387772656250004 0.718864712890625 0.4275579375 0.252147978515625 0.3672518125
0 0.25090252734375 0.4074869583333333 0.24763048046875 0.4430185338541666 0.711937935546875 0.5027767057291667 0.71420394140625 0.4692663229166667 0.25090252734375 0.4074869583333333
0 0.240589248046875 0.46605890625 0.23880449609375 0.485439765625 0.23974041015625 0.5019871927083334 0.70961550390625 0.5636104765625 0.71149941015625 0.5431529010416667 0.715975283203125 0.5123559140625 0.243890322265625 0.44801923177083336 0.240589248046875 0.46605890625
0 0.702957744140625 0.627004390625 0.70675458203125 0.6035811484375 0.708142724609375 0.5885071458333333 0.70961360546875 0.572534640625 0.2368214375 0.5069740546875 0.23176463671875 0.5618864921875 0.702957744140625 0.627004390625
0 0.217029517578125 0.6239580416666667 0.217058541015625 0.6414499453125 0.67875712109375 0.702827578125 0.680754693359375 0.6900392395833334 0.68423955859375 0.6611001875 0.686321771484375 0.6384891822916666 0.21916734375 0.5740324661458334 0.217029517578125 0.6239580416666667
0 0.20480224609375 0.6766036354166666 0.204449171875 0.7071483489583333 0.205994517578125 0.7259814427083334 0.679908291015625 0.7882659088541667 0.683988072265625 0.7528665677083333 0.688478982421875 0.7219063229166666 0.208499927734375 0.6542571015624999 0.20480224609375 0.6766036354166666
0 0.6796036953125 0.8004770963541666 0.202168654296875 0.73191278125 0.198158998046875 0.7487435026041668 0.19627509375 0.769201078125 0.195808353515625 0.7920765546875 0.2013778671875 0.8028248776041668 0.670147765625 0.8675460703125001 0.674667697265625 0.8540777265625 0.67744398046875 0.8239297213541666 0.6796036953125 0.8004770963541666
0 0.6594803515625 0.9477707057291668 0.664822533203125 0.9431805546875 0.667528685546875 0.9316011666666667 0.670960935546875 0.8854264010416667 0.18787368359375 0.8159153307291667 0.186572619140625 0.883465046875 0.6594803515625 0.9477707057291668
0 0.656528150390625 1 0.66231468359375 0.9526065130208333 0.1869837421875 0.887904140625 0.18350997265625 0.9519414609375 0.21321823046875 0.9568050807291667 0.5427186640625 1 0.656528150390625 1