0 0.49611596875 0 0.4206225 0.010530317708333334 0.26240240625 0.04394311979166667 0.2661700390625 0.08664948958333334 0.2710064921875 0.12736439062500002 0.72938400390625 0.06021927864583334 0.729296859375 0.05254942447916667 0.726489927734375 0.008110963541666667 0.725862140625 0 0.49611596875 0
0 0.271388318359375 0.13057872395833334 0.281108240234375 0.22627678645833335 0.738132734375 0.16161405208333332 0.731610771484375 0.07202871354166666 0.271388318359375 0.13057872395833334
0 0.28392205078125 0.2915819244791667 0.287318345703125 0.32710934114583334 0.7716244453125 0.2424071015625 0.766250771484375 0.16248841666666666 0.279038583984375 0.2365987604166667 0.2789583203125 0.24979558072916666 0.28392205078125 0.2915819244791667
0 0.2886782421875 0.34549364322916665 0.300849642578125 0.4340840677083333 0.77910042578125 0.33308742447916667 0.77186722265625 0.25138712760416665 0.2886782421875 0.34549364322916665
0 0.297976205078125 0.4445757838541667 0.307816521484375 0.5204786171875 0.83391244921875 0.4060831015625 0.82956230859375 0.3347808854166667 0.297976205078125 0.4445757838541667
0 0.30752183984375 0.5249341354166667 0.31694019921875 0.6042210442708333 0.841046734375 0.48695068229166666 0.834836783203125 0.41386445833333335 0.30752183984375 0.5249341354166667
0 0.313570412109375 0.6105343359375001 0.31913038671875 0.6642763125 0.798647041015625 0.5531274401041667 0.794972111328125 0.5013818880208333 0.313570412109375 0.6105343359375001
0 0.319257662109375 0.6653477578125 0.32587596875 0.7210628828125 0.80179566796875 0.6073786458333333 0.797573146484375 0.5579595416666666 0.319257662109375 0.6653477578125
0 0.322747978515625 0.7294117083333332 0.33347922265625 0.8128146510416667 0.862194037109375 0.6857845338541666 0.85463779296875 0.6083010338541667 0.322747978515625 0.7294117083333332
0 0.870386658203125 0.7686252604166667 0.86253573046875 0.6955972786458333 0.331576974609375 0.81760965625 0.338577107421875 0.8765391171875 0.340700650390625 0.9013520859374999 0.870386658203125 0.7686252604166667
0 0.342180943359375 0.89994115625 0.347613640625 0.9526116901041667 0.801703927734375 0.842439046875 0.797233548828125 0.7909333932291666 0.342180943359375 0.89994115625
0 0.3752988828125 1 0.804048771484375 0.8968599947916666 0.799888822265625 0.8549039088541667 0.798227017578125 0.8478505286458334 0.3508287734375 0.9519327213541667 0.3513848828125 0.970486765625 0.3548907109375 1 0.3752988828125 1