0 0.232908458984375 0.13753694270833333 0.23735003125 0.1828962213541667 0.567774927734375 0.12418599739583334 0.565478646484375 0.06949267187500001 0.232908458984375 0.13753694270833333
0 0.234368294921875 0.21351078125 0.237404203125 0.22676339062499998 0.560988013671875 0.17876825 0.559608107421875 0.128357296875 0.234596818359375 0.18507482552083332 0.2340391875 0.19926178125000002 0.234368294921875 0.21351078125
0 0.56457239453125 0.22828597395833336 0.56106405859375 0.18180644791666667 0.242538998046875 0.231864171875 0.246266892578125 0.27412479166666665 0.56457239453125 0.22828597395833336
0 0.231905419921875 0.27617004687499996 0.23872851171875 0.328808703125 0.61475428515625 0.28632540104166665 0.612938734375 0.2254261328125 0.231905419921875 0.27617004687499996
0 0.617333234375 0.3564499322916667 0.616249005859375 0.2935428098958333 0.23504197265625 0.3321075390625 0.240137994140625 0.38344005989583335 0.617333234375 0.3564499322916667
0 0.60502294140625 0.42079207552083336 0.6028660625 0.36255205208333335 0.2443859296875 0.38847886718749997 0.248641625 0.4385671354166667 0.60502294140625 0.42079207552083336
0 0.25948806640625 0.5472053307291667 0.620399978515625 0.5499003671875 0.617336935546875 0.4369604453125 0.25008987890625 0.4469668307291667 0.25948806640625 0.5472053307291667
0 0.260188927734375 0.55199628125 0.2672056015625 0.644955328125 0.623021166015625 0.6655349348958334 0.61844053515625 0.5545054244791666 0.260188927734375 0.55199628125
0 0.262450267578125 0.675445953125 0.26450649609375 0.691001171875 0.62616965234375 0.7198296432291666 0.62364102734375 0.6710474322916666 0.264312921875 0.650680625 0.262450267578125 0.675445953125
0 0.62421023828125 0.7244346979166667 0.260820015625 0.69430009375 0.260587671875 0.7002112864583333 0.2608703125 0.7156424140625001 0.2612459453125 0.7287091302083333 0.2627406640625 0.7359266197916666 0.625011767578125 0.7719106145833333 0.62421023828125 0.7244346979166667
0 0.243421462890625 0.75235909375 0.245342107421875 0.7939857786458333 0.6201712578125 0.8498151901041666 0.6183899921875 0.8046417265625 0.243421462890625 0.75235909375
0 0.62269985546875 0.8985972421875 0.62096508984375 0.8522415703125 0.245249171875 0.7963501927083333 0.248517154296875 0.8388578489583334 0.62269985546875 0.8985972421875
0 0.61718688671875 1 0.61313510546875 0.9157113307291667 0.2397503828125 0.8457569244791667 0.244478474609375 0.9290721067708333 0.582715255859375 1 0.61718688671875 1
0 0.577277638671875 1 0.246298478515625 0.928013828125 0.2453925625 0.9828949583333334 0.49018027734375 1 0.577277638671875 1