0 0.166682505859375 0.8731239036458334 0.202613484375 0.8585035052083333 0.208422283203125 0.8479827578125 0.0843082421875 0.42944975 0.069187642578125 0.4337350625 0.05503205859375 0.4388561901041667 0.044686384765625 0.4417882447916666 0.032122443359375 0.44645828385416664 0.166682505859375 0.8731239036458334
0 0.21910635546875 0.8471734192708333 0.24247339453125 0.8372230651041667 0.120847166015625 0.42907809635416666 0.09561687109375 0.43733789322916666 0.21910635546875 0.8471734192708333
0 0.1384742578125 0.41964517968750004 0.12678081640625 0.424068515625 0.246502673828125 0.8416276822916666 0.2555449296875 0.8357370963541667 0.270834732421875 0.8325131432291667 0.29323675 0.8217269739583334 0.29829990234375 0.8169640989583334 0.18730757421875 0.4024774583333333 0.183497666015625 0.40466653125 0.15598232421875 0.41468324218749997 0.1384742578125 0.41964517968750004
0 0.258542908203125 0.3745235703125 0.237224935546875 0.38167458072916666 0.2214777109375 0.38724679166666665 0.20317382421875 0.3924342734375 0.191327568359375 0.39579160677083336 0.304697966796875 0.836227734375 0.321917810546875 0.8346754114583333 0.341474939453125 0.8269141302083334 0.36341953515625 0.8184762161458333 0.37513748046875 0.8084993854166668 0.309827775390625 0.539697296875 0.2693460078125 0.36924325520833334 0.265536099609375 0.371432328125 0.258542908203125 0.3745235703125
0 0.324276345703125 0.3381451692708333 0.268568865234375 0.35393315625000005 0.275524697265625 0.3819131979166666 0.377456091796875 0.8178260651041667 0.425324388671875 0.7998225312499999 0.324276345703125 0.3381451692708333
0 0.429811091796875 0.801878890625 0.4775101875 0.7828139947916667 0.384420357421875 0.3188812109375 0.32775443359375 0.3382687604166667 0.429811091796875 0.801878890625
0 0.4778485859375 0.7849367135416667 0.52287199609375 0.7699580625000001 0.437978427734375 0.2948278984375 0.38735587109375 0.3102840859375 0.4778485859375 0.7849367135416667
0 0.5313378046875 0.7708867083333333 0.57267033203125 0.7536261588541667 0.497038392578125 0.27919909895833334 0.4478666796875 0.29424410416666663 0.5313378046875 0.7708867083333333
0 0.578579478515625 0.7541700755208334 0.624517734375 0.73449490625 0.56240889453125 0.30837288020833337 0.509427275390625 0.3256069557291667 0.578579478515625 0.7541700755208334
0 0.629004435546875 0.7365512682291667 0.651237255859375 0.7247037421875001 0.59373414453125 0.2961670989583333 0.569417111328125 0.3041680677083333 0.629004435546875 0.7365512682291667
0 0.650560458984375 0.7204583072916666 0.67506171875 0.7124051276041666 0.622671931640625 0.28463794531250003 0.596121609375 0.2954904713541667 0.650560458984375 0.7204583072916666
0 0.680005841796875 0.7121132291666666 0.7067253671875 0.7023220625 0.661241244140625 0.2970025859375 0.630373416015625 0.306860109375 0.680005841796875 0.7121132291666666
0 0.691144048828125 0.28630924739583336 0.66220626171875 0.29783840104166664 0.707978609375 0.6997482604166666 0.722303390625 0.6956884921875001 0.73344488671875 0.6925308958333334 0.691144048828125 0.28630924739583336
0 0.710243755859375 0.2808962239583333 0.69726840625 0.28679217447916666 0.735036529296875 0.6920798098958333 0.76317849609375 0.6807761979166668 0.725990982421875 0.27532401302083337 0.710243755859375 0.2808962239583333
0 0.78915237109375 0.6767429088541667 0.801547111328125 0.6710115078125 0.765155419921875 0.26533377864583335 0.7562321875 0.266753390625 0.74588651171875 0.2696854453125 0.736442515625 0.2767991979166667 0.7754542109375 0.6795157734375 0.78915237109375 0.6767429088541667
0 0.803477150390625 0.6726831406249999 0.829689078125 0.6597078958333333 0.799883326171875 0.258819515625 0.772367984375 0.26883622916666666 0.803477150390625 0.6726831406249999
0 0.83065409765625 0.6605437109375 0.856070203125 0.6477940130208334 0.832173595703125 0.24744955208333333 0.8064921484375 0.25694651822916664 0.83065409765625 0.6605437109375
0 0.8583820234375 0.6460295130208333 0.897665484375 0.6315683046875 0.869895982421875 0.19127696614583334 0.827415638671875 0.20553488802083333 0.8583820234375 0.6460295130208333
0 0.90834955859375 0.6307589635416667 0.941554673828125 0.6146924791666667 0.9212859609375 0.17449397395833333 0.88376333984375 0.1895654557291667 0.90834955859375 0.6307589635416667