0 0.16685823046875 0.07698325260416666 0.1673033203125 0.08426655989583333 0.172649474609375 0.10387795833333334 0.457695115234375 0.00160596875 0.16685823046875 0.07698325260416666
0 0.466367662109375 0 0.16017835546875 0.10932035416666668 0.173884953125 0.19196609895833336 0.613411060546875 0.039373817708333335 0.60729594140625 0 0.466367662109375 0
0 0.586466849609375 0.11045309895833333 0.5812022578125 0.07434112239583333 0.1910586171875 0.20740701041666665 0.193209369140625 0.22784657291666666 0.197624068359375 0.24106875520833335 0.586466849609375 0.11045309895833333
0 0.20370115625 0.2770672786458333 0.593653271484375 0.1483743203125 0.59132463671875 0.13240127864583334 0.586932576171875 0.11364770833333333 0.1974461875 0.2455352734375 0.19913121484375 0.2627802265625 0.20370115625 0.2770672786458333
0 0.600639171875 0.19629345052083333 0.593980171875 0.1506166640625 0.202258697265625 0.27854622916666666 0.20598451171875 0.3041030989583333 0.21006608984375 0.3207269296875 0.600639171875 0.19629345052083333
0 0.606205255859375 0.24016014322916668 0.6007944140625 0.1973583203125 0.208934115234375 0.3243356223958333 0.210929626953125 0.34371031510416666 0.214678078125 0.36373579687499996 0.606205255859375 0.24016014322916668
0 0.217381884765625 0.4050290026041667 0.611150369140625 0.27976735677083336 0.608488611328125 0.2671959635416667 0.6057366171875 0.24263223958333333 0.21308037890625 0.36414987760416667 0.2133229453125 0.38287378125 0.217381884765625 0.4050290026041667
0 0.226298609375 0.4491324010416667 0.6217973984375 0.3300529348958333 0.617272734375 0.3047031041666667 0.615609091796875 0.28760482291666667 0.221997103515625 0.4082532734375 0.2227053984375 0.43017178906250003 0.226298609375 0.4491324010416667
0 0.2342612421875 0.49237796875 0.23727876171875 0.4960163229166667 0.629737390625 0.37882989322916666 0.623861416015625 0.33852419791666666 0.228184154296875 0.4563794453125 0.229070330078125 0.4738314401041666 0.2342612421875 0.49237796875
0 0.634549900390625 0.41184084895833334 0.6308240859375 0.3862839791666666 0.23230777734375 0.5017250911458333 0.238407505859375 0.5321922239583333 0.63594708203125 0.4214246744791667 0.634549900390625 0.41184084895833334
0 0.24881196484375 0.5637538958333334 0.253026146484375 0.586973984375 0.644663287109375 0.47552598177083333 0.63687853515625 0.42781389322916663 0.246195486328125 0.5401197213541666 0.24570712109375 0.5424565026041667 0.24881196484375 0.5637538958333334
0 0.64978628125 0.5106666744791667 0.643841798828125 0.4812644114583333 0.254290724609375 0.5899615520833333 0.25597575 0.6072065078125001 0.25912587109375 0.6174411197916666 0.64978628125 0.5106666744791667
0 0.24647687109375 0.6273500338541667 0.25599192578125 0.6812442994791666 0.659922306640625 0.568820421875 0.651235724609375 0.5149223046875 0.24647687109375 0.6273500338541667
0 0.26125075390625 0.6831966614583332 0.268058775390625 0.7355823125000001 0.66956996484375 0.6293109453125 0.66183970703125 0.5762859739583334 0.26125075390625 0.6831966614583332
0 0.2628872734375 0.751288984375 0.27093723046875 0.8121935911458333 0.7727477890625 0.6887680937499999 0.7639335703125 0.6283077916666667 0.2628872734375 0.751288984375
0 0.784746720703125 0.7597002734374999 0.77513623046875 0.699464703125 0.271225076171875 0.8198547187499999 0.2791650703125 0.8686316770833334 0.28280355859375 0.8765295104166667 0.784746720703125 0.7597002734374999
0 0.29764858984375 0.8759973802083333 0.303725677734375 0.91199590625 0.71011729296875 0.8221413255208333 0.703907603515625 0.7795465442708333 0.29764858984375 0.8759973802083333
0 0.30514549609375 0.9160483411458333 0.3124418828125 0.9660972109375 0.7199201953125 0.8836967213541667 0.71200283984375 0.8293883723958334 0.30514549609375 0.9160483411458333
0 0.44709778125 1 0.730033580078125 0.9473818515625 0.720894978515625 0.8903831510416667 0.31530416015625 0.9686706979166666 0.313528578125 0.9735512968750001 0.317384408203125 1 0.44709778125 1
0 0.53610839453125 1 0.667750947265625 0.9658817057291667 0.468754146484375 1 0.53610839453125 1