0 0.710313408203125 0.9237548802083334 0.712444658203125 0.8780989895833334 0.37968876953125 0.8516664869791667 0.37411587890625 0.9059391432291667 0.710313408203125 0.9237548802083334
0 0.71975276171875 0.8488054973958333 0.718669169921875 0.8350240026041668 0.394162078125 0.7998137343749999 0.388302484375 0.8496495624999999 0.715459060546875 0.8766608645833333 0.7180366953125 0.8628764296874999 0.71975276171875 0.8488054973958333
0 0.397729873046875 0.7502938828125 0.39452221484375 0.7968120104166667 0.714358671875 0.8287105859375 0.71674705078125 0.7862779895833333 0.397729873046875 0.7502938828125
0 0.7311373515625 0.7879240442708334 0.731972564453125 0.7345166302083334 0.356775798828125 0.6805539296875001 0.349842896484375 0.7407962057291666 0.7311373515625 0.7879240442708334
0 0.364279525390625 0.6110616666666667 0.3563413984375 0.6730888489583333 0.736063458984375 0.7322163020833333 0.73840709375 0.6805304166666667 0.364279525390625 0.6110616666666667
0 0.3855714375 0.5510335572916667 0.3793541484375 0.60875228125 0.73495829296875 0.6745034609374999 0.737948755859375 0.6242527552083333 0.3855714375 0.5510335572916667
0 0.742848453125 0.5148510833333334 0.3889531875 0.4203852421875 0.37579748828125 0.5320294166666667 0.7377291640625 0.6156389322916667 0.742848453125 0.5148510833333334
0 0.7428460859375 0.5099698515625 0.74926139453125 0.41693359635416666 0.40292824609375 0.3062083489583333 0.39153564453125 0.41636330208333333 0.7428460859375 0.5099698515625
0 0.758292775390625 0.388212984375 0.758500380859375 0.3724204296875 0.407607544921875 0.252110171875 0.4031086484375 0.3006394296875 0.752920255859375 0.412049421875 0.758292775390625 0.388212984375
0 0.41018997265625 0.24808822395833333 0.762591228515625 0.37012000260416666 0.763665234375 0.36437652604166665 0.7655960859375 0.3491570052083333 0.7670972890625 0.3362347942708333 0.766662904296875 0.3287696380208333 0.41619729296875 0.20128065625 0.41018997265625 0.24808822395833333
0 0.787978755859375 0.317554109375 0.792050458984375 0.2762035911458333 0.432097541015625 0.12603889062499998 0.427381453125 0.17083556770833333 0.787978755859375 0.317554109375
0 0.43659644140625 0.077509796875 0.4316655234375 0.12345513020833333 0.79248005078125 0.27390626041666666 0.7953552421875 0.23134817708333333 0.43659644140625 0.077509796875
0 0.454528740234375 0 0.4484346015625 0.06314352864583334 0.804948248046875 0.22680622656250002 0.81222998828125 0.1438188984375 0.51487376953125 0 0.454528740234375 0
0 0.5169720703125 0 0.8102919765625 0.144394703125 0.819035107421875 0.0907523671875 0.546044212890625 0 0.5169720703125 0