0 0.118384130859375 0.2385750859375 0.01215256640625 0.6599091822916666 0.01669060546875 0.665163015625 0.025265216796875 0.6695093645833333 0.0375195 0.6745047109375001 0.047974984375 0.6762138359375 0.15258932421875 0.2533695078125 0.143609625 0.24800704427083334 0.130950251953125 0.24199557812500003 0.118384130859375 0.2385750859375
0 0.167534658203125 0.25775986458333333 0.156728701171875 0.2550568880208333 0.050439396484375 0.6738144869791666 0.052643283203125 0.6781168255208333 0.062206521484375 0.6837171640625 0.07720004296875 0.690680125 0.086488451171875 0.6919135026041667 0.19115098046875 0.27164177604166667 0.18683958203125 0.26818229947916666 0.177049705078125 0.26078760156249997 0.167534658203125 0.25775986458333333
0 0.094932802734375 0.6996106953125 0.10310232421875 0.7029409270833332 0.11185538671875 0.70650903125 0.1224893203125 0.7074399140625 0.22804409375 0.28327697395833334 0.196419083984375 0.2712363098958333 0.08864415234375 0.6936432395833334 0.094932802734375 0.6996106953125
0 0.2371540546875 0.28528859375 0.230961783203125 0.2844663411458333 0.123191724609375 0.7102792005208333 0.12783753515625 0.7147259817708332 0.13466153125 0.7183587083333333 0.13932983203125 0.7202616979166666 0.146332279296875 0.7231161822916666 0.152703001953125 0.7231601927083333 0.15696621484375 0.7240470651041666 0.268308173828125 0.29969026041666663 0.25892338671875 0.29331167708333333 0.244918490234375 0.28760270833333335 0.2371540546875 0.28528859375
0 0.302910056640625 0.34357991666666665 0.308393802734375 0.31688178645833337 0.286397833984375 0.30706434374999997 0.273059888671875 0.3016272526041667 0.163336935546875 0.7240910729166666 0.1647306484375 0.7263611796874999 0.17119775 0.7315503932291666 0.18093943359375 0.7363724895833333 0.18946585546875 0.7381462343749999 0.2870724765625 0.34308077343750004 0.292019857421875 0.3444167395833333 0.30166767578125 0.34834958593750004 0.302910056640625 0.34357991666666665
0 0.18543444140625 0.7602737447916667 0.21686765625 0.7730872083333334 0.3198393046875 0.35666480208333334 0.28761680078125 0.343075734375 0.18543444140625 0.7602737447916667
0 0.26799044921875 0.7653338177083334 0.273877927734375 0.7663722161458333 0.362898087890625 0.38556380729166667 0.337345044921875 0.37560120052083334 0.247208185546875 0.7550466796875 0.25575769921875 0.7608011067708333 0.26799044921875 0.7653338177083334
0 0.291727896484375 0.7849950755208334 0.297399326171875 0.785491546875 0.39979793359375 0.3329806614583333 0.376524775390625 0.3234935703125 0.273124173828125 0.7755960000000001 0.281673685546875 0.7813504270833334 0.291727896484375 0.7849950755208334
0 0.306223919921875 0.8004352916666666 0.3332743515625 0.8101005755208334 0.42891848046875 0.3707213671875 0.401944103515625 0.3610870859375 0.306223919921875 0.8004352916666666
0 0.35851930859375 0.8113142682291666 0.38563921484375 0.8191924348958333 0.46524366796875 0.3918830286458333 0.44033676171875 0.3821838151041667 0.35851930859375 0.8113142682291666
0 0.471148412109375 0.4433068463541667 0.4581005859375 0.4398034557291666 0.45791253125 0.4401806536458333 0.3890626328125 0.8205879609375 0.403041830078125 0.8249248749999999 0.471148412109375 0.4433068463541667
0 0.40562676171875 0.8255247421875 0.419822005859375 0.8304035833333333 0.48515330859375 0.4490158151041667 0.472826724609375 0.4453525729166667 0.40562676171875 0.8255247421875
0 0.530271958984375 0.3816286197916667 0.521557802734375 0.37807637239583336 0.51688950390625 0.3761733828125 0.50757860546875 0.37373945833333333 0.49970326171875 0.37416001822916667 0.419833037109375 0.8335850963541667 0.42072292578125 0.8371248671874999 0.428001857421875 0.8409997760416666 0.4350647421875 0.8443327578125 0.4424131484375 0.846420546875 0.448205453125 0.8478740104166667 0.455191236328125 0.8470908281249999 0.533193814453125 0.38372740364583335 0.530271958984375 0.3816286197916667
0 0.57355723046875 0.40063504427083335 0.54987881640625 0.3896211770833333 0.540974310546875 0.38689905468749997 0.536168642578125 0.38584778645833334 0.4585708828125 0.8516455234375 0.492105533203125 0.8612308854166667 0.57355723046875 0.40063504427083335
0 0.584177662109375 0.37954825000000003 0.4938387265625 0.8878073828124999 0.497408720703125 0.8915319583333333 0.50468765234375 0.8954068645833333 0.512036056640625 0.8974946588541667 0.518857193359375 0.8989136536458333 0.526491119140625 0.8997562578124999 0.618887720703125 0.3914281901041667 0.600741791015625 0.3844850260416666 0.584177662109375 0.37954825000000003
0 0.6217401015625 0.39531409375 0.531133716796875 0.9002871927083334 0.533700580078125 0.9054182838541666 0.54416118359375 0.908774734375 0.556082712890625 0.913180578125 0.5633102421875 0.9143113802083334 0.654773185546875 0.4056027161458333 0.643258048828125 0.4009086744791666 0.6331086640625 0.3976790885416666 0.6217401015625 0.39531409375
0 0.565707642578125 0.8994035833333333 0.5870609453125 0.90720034375 0.679112189453125 0.44638671874999997 0.6510888359375 0.4354171145833334 0.565707642578125 0.8994035833333333
0 0.59026831640625 0.9080539401041667 0.615693177734375 0.9188720130208333 0.710424529296875 0.4582431927083333 0.683654083984375 0.4477843203125 0.59026831640625 0.9080539401041667
0 0.620357005859375 0.9180500260416666 0.64046542578125 0.9253393229166668 0.72761907421875 0.4888530729166667 0.70734441796875 0.48104215364583336 0.620357005859375 0.9180500260416666
0 0.644035421875 0.9290638932291667 0.66582081640625 0.9379445130208334 0.754643806640625 0.4971463046875 0.7337531171875 0.48908426302083335 0.644035421875 0.9290638932291667
0 0.670273068359375 0.9393055729166666 0.69763472265625 0.9490977239583334 0.78796522265625 0.48985195052083336 0.762196130859375 0.4793474166666667 0.670273068359375 0.9393055729166666
0 0.7302586015625 0.9760123307291666 0.7369588671875 0.9764743359375 0.833665962890625 0.48941935416666665 0.8110201875 0.4801880078125 0.712182146484375 0.9672820494791666 0.719772296875 0.9712838255208333 0.7302586015625 0.9760123307291666
0 0.847433931640625 0.51545540625 0.832047638671875 0.5087294635416667 0.73919925 0.969672 0.74697974609375 0.9728436510416666 0.75432815234375 0.9749314401041667 0.847433931640625 0.51545540625
0 0.75585855078125 0.9741937161458334 0.76076859765625 0.9780106901041666 0.76512567578125 0.9797868125 0.77082280859375 0.9816553359375 0.77836155859375 0.9829130052083334 0.86902898046875 0.5251661510416666 0.8605308671875 0.5221558333333333 0.8507512421875 0.5177153958333334 0.75585855078125 0.9741937161458334