0 0.160511330078125 0.8678072005208333 0.191451837890625 0.8663568255208333 0.121650091796875 0.41761558854166664 0.085939841796875 0.41786972395833333 0.160511330078125 0.8678072005208333
0 0.205465572265625 0.8525749192708334 0.238033033203125 0.85116240625 0.184429798828125 0.4082243385416667 0.1487634921875 0.40630902864583335 0.205465572265625 0.8525749192708334
0 0.255343283203125 0.8342015182291668 0.28141713671875 0.8315526432291667 0.240062572265625 0.4475023203125 0.210749015625 0.44899056249999997 0.255343283203125 0.8342015182291668
0 0.286283791015625 0.8327511432291667 0.30911794140625 0.8289416302083333 0.27016119921875 0.44820282031249997 0.2433022734375 0.448662953125 0.286283791015625 0.8327511432291667
0 0.312887064453125 0.8518192812500001 0.33406585546875 0.8501417161458332 0.291837087890625 0.4085536067708333 0.268374177734375 0.4090927786458333 0.312887064453125 0.8518192812500001
0 0.3568573984375 0.8495869166666666 0.316241380859375 0.409121578125 0.293464041015625 0.4085914713541667 0.33647787890625 0.8523683203125 0.34705307421875 0.8526144401041668 0.3568573984375 0.8495869166666666
0 0.358498552734375 0.848539875 0.39678875390625 0.8450900833333334 0.35670215625 0.4263417578125 0.321021810546875 0.4287670598958333 0.358498552734375 0.848539875
0 0.399943240234375 0.852760140625 0.43579301171875 0.8492535494791666 0.399031333984375 0.4251564348958334 0.358465205078125 0.42855326041666664 0.399943240234375 0.852760140625
0 0.437277935546875 0.8601404557291666 0.460939765625 0.8552649739583332 0.428316482421875 0.425838 0.404045384765625 0.4285288333333333 0.437277935546875 0.8601404557291666
0 0.462495705078125 0.8607273593749999 0.486956806640625 0.8569557135416667 0.4584293125 0.42545359374999997 0.43171044140625 0.4291726927083333 0.462495705078125 0.8607273593749999
0 0.492679548828125 0.8549184322916666 0.518739197265625 0.8533544609375 0.492694740234375 0.41865442187499996 0.4611022734375 0.42226009895833333 0.492679548828125 0.8549184322916666
0 0.519382240234375 0.8663922421875 0.5470404375 0.8670359427083333 0.525134375 0.42700604687500004 0.4959768125 0.43175362500000003 0.519382240234375 0.8663922421875
0 0.59910292578125 0.8682476145833333 0.620210703125 0.8719945703124999 0.605749837890625 0.3605124583333333 0.528341755859375 0.36847801822916665 0.555988677734375 0.8672442005208333 0.578794421875 0.8656044973958333 0.59910292578125 0.8682476145833333
0 0.695842787109375 0.8824366640625 0.75541119921875 0.8697149739583333 0.681836412109375 0.3362376197916667 0.623710318359375 0.36310092708333336 0.695842787109375 0.8824366640625
0 0.725011390625 0.39475988802083334 0.693241990234375 0.4092137942708333 0.76592958203125 0.8743007109375 0.780643169921875 0.8692169739583333 0.796926900390625 0.8685107161458333 0.725011390625 0.39475988802083334
0 0.8062728203125 0.83834165625 0.815221060546875 0.8385499140625 0.825067994140625 0.8322676770833333 0.7381974453125 0.38204395572916666 0.731647025390625 0.3851472083333333 0.726058970703125 0.3893580963541667 0.798152259765625 0.8370674270833334 0.8062728203125 0.83834165625
0 0.83991332421875 0.8792782708333333 0.889634802734375 0.8728388177083333 0.826568109375 0.4068905729166667 0.77663358984375 0.42960359114583335 0.83991332421875 0.8792782708333333
0 0.89371638671875 0.8718485729166666 0.9482477109375 0.8709472369791667 0.889291009765625 0.40183894010416665 0.83951941796875 0.42672621875 0.89371638671875 0.8718485729166666