0 0.03227680078125 0.26657663802083337 0.03736084765625 0.976407890625 0.041693548828125 0.9786490494791668 0.089806099609375 0.9739659843749999 0.09462082421875 0.9712989114583334 0.093313291015625 0.2686205052083333 0.084059359375 0.26497988541666667 0.055964646484375 0.26465940885416667 0.03577640234375 0.2631565 0.03227680078125 0.26657663802083337
0 0.161659359375 0.9665489322916666 0.15244535546875 0.26505295572916665 0.11459338671875 0.2651867864583333 0.09627723046875 0.26522530729166666 0.10383215625 0.9733129166666666 0.152533232421875 0.9677881536458334 0.161659359375 0.9665489322916666
0 0.18547737109375 0.9434538932291666 0.2280801640625 0.9382130703125 0.21508178125 0.3020371484375 0.173048513671875 0.30155136718750003 0.18547737109375 0.9434538932291666
0 0.219939109375 0.3009966901041667 0.217009658203125 0.3011330859375 0.23119320703125 0.9405110182291666 0.27503695703125 0.9360267135416667 0.257791078125 0.300862859375 0.219939109375 0.3009966901041667
0 0.2804828125 0.9341445520833332 0.284141783203125 0.9339741875 0.297579310546875 0.9341628203125 0.302939962890625 0.9290274348958333 0.283552982421875 0.3053634453125 0.279198978515625 0.30230897916666666 0.27003025 0.3019215859375 0.261623384765625 0.3023130182291667 0.2804828125 0.9341445520833332
0 0.3048333515625 0.9313821692708334 0.31215129296875 0.9310414401041666 0.32251837890625 0.9305587369791667 0.329141287109375 0.9269931744791666 0.306747765625 0.30509777083333334 0.30363472265625 0.3027998229166667 0.295664349609375 0.3015423359375 0.284845216796875 0.3028603828125 0.3048333515625 0.9313821692708334
0 0.33094947265625 0.9260946875 0.3704818203125 0.9201825286458334 0.34980577734375 0.3405506588541667 0.309068193359375 0.34163314322916666 0.33094947265625 0.9260946875
0 0.42164351171875 0.9153574947916666 0.424586150390625 0.9111489921875 0.401159177734375 0.3430453802083333 0.351741767578125 0.3445320078125 0.37224740234375 0.9176574270833333 0.376580107421875 0.9198985859375001 0.42164351171875 0.9153574947916666
0 0.427859416015625 0.916696671875 0.4777588515625 0.9103018125000001 0.452523693359375 0.3430966901041667 0.404368544921875 0.346153140625 0.427859416015625 0.916696671875
0 0.497565798828125 0.33774229166666664 0.459187115234375 0.33708634895833334 0.480978400390625 0.9166662916666667 0.51632715234375 0.9142061197916668 0.5229926640625 0.9122671692708333 0.497565798828125 0.33774229166666664
0 0.526858869140625 0.3371926744791667 0.500140962890625 0.3384366875 0.5229500625 0.9106405572916666 0.54246457421875 0.9097319401041667 0.551002173828125 0.909334421875 0.526858869140625 0.3371926744791667
0 0.5747428828125 0.9066004348958333 0.5814296953125 0.9054747916666667 0.556151939453125 0.3366430572916667 0.52881001171875 0.337101828125 0.55400871484375 0.9075658385416667 0.5595397734375 0.9089369036458333 0.5747428828125 0.9066004348958333
0 0.582819486328125 0.28247201041666664 0.559688603515625 0.28517760416666665 0.587173763671875 0.9149789192708333 0.602440779296875 0.9150823697916667 0.6151832734375 0.912046171875 0.582819486328125 0.28247201041666664
0 0.635286314453125 0.9102958541666667 0.643214083984375 0.9099267291666666 0.613963341796875 0.282650515625 0.592125904296875 0.2828529921875 0.619452072265625 0.9118474114583334 0.62613888671875 0.9107217682291666 0.635286314453125 0.9102958541666667
0 0.6456533984375 0.9098131536458333 0.674839962890625 0.9051970026041666 0.650156234375 0.2891083203125 0.624036560546875 0.28869588281249997 0.6456533984375 0.9098131536458333
0 0.67662684765625 0.9034852083333332 0.7101248125 0.9002969114583333 0.685568888671875 0.2890880651041667 0.65340079296875 0.2905858463541667 0.67662684765625 0.9034852083333332
0 0.7107772421875 0.9018951302083332 0.742509625 0.9012319375 0.717237369140625 0.285984953125 0.688779619140625 0.2889385703125 0.7107772421875 0.9018951302083332
0 0.74807551953125 0.9009727838541667 0.781552185546875 0.8969711796875001 0.7555501953125 0.30048703125000004 0.723910580078125 0.30114590625 0.74807551953125 0.9009727838541667
0 0.786345609375 0.8934908020833333 0.81805669140625 0.8920142994791668 0.79451531640625 0.29622988020833335 0.762927984375 0.2985149166666667 0.786345609375 0.8934908020833333
0 0.825310732421875 0.8892336510416667 0.853320240234375 0.8863009036458332 0.83673469140625 0.2763495442708333 0.806966583984375 0.277735578125 0.825310732421875 0.8892336510416667
0 0.86858725390625 0.8864043541666667 0.894221353515625 0.8860251015624999 0.8830390546875 0.27256496874999997 0.8551123828125 0.2738652630208333 0.86858725390625 0.8864043541666667
0 0.96725956640625 0.9005389270833333 0.95526783203125 0.2561731536458333 0.935710716796875 0.25545515625 0.92186933984375 0.2577282213541667 0.934307525390625 0.9012589088541666 0.94898601171875 0.9022040598958333 0.96725956640625 0.9005389270833333
0 1 0.6678427005208333 0.994868056640625 0.2924171197916667 0.99397787890625 0.2584286666666667 0.968922984375 0.258794546875 0.974449701171875 0.8953183567708334 0.98120041796875 0.8966326328125 0.993985513671875 0.895223046875 1 0.8933254895833334 1 0.6678427005208333