0 0.793360525390625 1 0.795376763671875 0.9575603177083334 0.22699394140625 0.9698967604166667 0.226280880859375 0.9875601302083333 0.493454326171875 1 0.793360525390625 1
0 0.7891928671875 0.9451358046874999 0.798058763671875 0.87802675 0.796872634765625 0.8554642604166666 0.794953970703125 0.8269446718750001 0.787865578125 0.7922613828124999 0.2640549609375 0.7761643958333333 0.256437212890625 0.8634696484375 0.253101275390625 0.9557632005208333 0.7891928671875 0.9451358046874999
0 0.26932023828125 0.6769036276041667 0.267936994140625 0.69579275 0.265201498046875 0.7323877317708334 0.264426810546875 0.7619665442708333 0.2659228125 0.7726975546875 0.781106884765625 0.7789161536458334 0.791550525390625 0.7533413489583333 0.79220126171875 0.7284951276041666 0.792057486328125 0.7000581796875 0.790995306640625 0.6727630989583333 0.787239779296875 0.6465271666666667 0.782132025390625 0.637997171875 0.27558573046875 0.6073043098958334 0.2722726640625 0.6320264921875 0.269909001953125 0.6544236979166667 0.26932023828125 0.6769036276041667
0 0.345561486328125 0.547778953125 0.3423921640625 0.6009380807291667 0.77987255859375 0.6224922473958333 0.779045611328125 0.5737540807291667 0.345561486328125 0.547778953125
0 0.787664998046875 0.5624407526041667 0.784664384765625 0.4734565520833333 0.300583146484375 0.43314833072916664 0.295306494140625 0.5382019218749999 0.787664998046875 0.5624407526041667
0 0.7811765859375 0.4709248932291667 0.781725751953125 0.38210596874999997 0.307557232421875 0.3316148828125 0.302451013671875 0.4296814921875 0.7811765859375 0.4709248932291667
0 0.373615466796875 0.2908436328125 0.372530904296875 0.3322540052083333 0.782675142578125 0.37978091666666663 0.783228353515625 0.3394309713541667 0.373615466796875 0.2908436328125
0 0.781953826171875 0.33947117187500003 0.7838328984375 0.30165160416666664 0.37533276953125 0.24356919010416667 0.374626859375 0.2861523645833333 0.781953826171875 0.33947117187500003
0 0.394967556640625 0.22194676562500001 0.394409783203125 0.24324350520833335 0.78570075 0.29818476302083335 0.786351482421875 0.27333869791666665 0.394967556640625 0.22194676562500001
0 0.788157361328125 0.27223807031249997 0.78868414453125 0.25212459895833333 0.395742244140625 0.192367953125 0.39506051953125 0.21839728125 0.788157361328125 0.27223807031249997
0 0.793194533203125 0.2156121015625 0.79329871875 0.17770989583333333 0.79012073046875 0.16334683854166668 0.78767533984375 0.15494080468750002 0.305782998046875 0.06498161979166667 0.301853259765625 0.1763069375 0.78528930859375 0.24604346093749999 0.793194533203125 0.2156121015625
0 0.308060625 0 0.305236416015625 0.051925632812500004 0.306825396484375 0.05910708333333334 0.786849837890625 0.152533265625 0.791596962890625 0.14090830989583333 0.793011224609375 0.12083600260416666 0.795436845703125 0.09607257812499999 0.795901658203125 0.07832532291666668 0.7884104296875 0.05902291666666667 0.5119603984375 0.0002521171875 0.50654562890625 0 0.308060625 0