0 0.0629086328125 0.6826437369791667 0.086363609375 0.6893602682291666 0.15559827734375 0.16582784635416667 0.134208578125 0.15689949218750002 0.0629086328125 0.6826437369791667
0 0.187489037109375 0.17693218229166666 0.1656286953125 0.17179276041666666 0.097215751953125 0.6822936770833333 0.1213094921875 0.6893457604166667 0.187489037109375 0.17693218229166666
0 0.121236833984375 0.6915477916666667 0.134764837890625 0.6983350364583334 0.203510962890625 0.18773653645833333 0.190061560546875 0.18475048177083334 0.121236833984375 0.6915477916666667
0 0.241853224609375 0.1476346484375 0.209654072265625 0.13886229427083333 0.133119462890625 0.7039594687499999 0.168492173828125 0.71498240625 0.241853224609375 0.1476346484375
0 0.167633435546875 0.7156804921875 0.201993255859375 0.7285676354166667 0.277704224609375 0.1560633125 0.2446306875 0.147085390625 0.167633435546875 0.7156804921875
0 0.3117049140625 0.1784839453125 0.2819747734375 0.17149430989583334 0.2131030625 0.7263705208333334 0.24124421875 0.7347309427083334 0.3117049140625 0.1784839453125
0 0.2460224609375 0.7365144479166666 0.28403407421875 0.7490578541666667 0.359817015625 0.1980411015625 0.318649470703125 0.18733012239583333 0.2460224609375 0.7365144479166666
0 0.398633064453125 0.20974122916666668 0.36190762109375 0.20110697916666667 0.28784017578125 0.7475481901041667 0.32423609375 0.7595312317708333 0.398633064453125 0.20974122916666668
0 0.324052224609375 0.766881984375 0.394571447265625 0.7858657291666667 0.48134141015625 0.21836593229166668 0.405582630859375 0.1969011875 0.324052224609375 0.766881984375
0 0.55391791015625 0.235428859375 0.484427265625 0.21548469270833334 0.39832675 0.7915575911458334 0.463136845703125 0.8128058828125 0.55391791015625 0.235428859375
0 0.461081595703125 0.8351653854166666 0.473323431640625 0.8380434739583333 0.58554164453125 0.13947030208333333 0.57330851953125 0.1358490625 0.461081595703125 0.8351653854166666
0 0.475072197265625 0.8384546119791666 0.485410943359375 0.8420875625 0.598657859375 0.14255395833333334 0.586416025390625 0.13967586979166666 0.475072197265625 0.8384546119791666
0 0.614243029296875 0.14742031770833333 0.599969376953125 0.1428622890625 0.490940421875 0.8445897552083333 0.50530790234375 0.8470554635416666 0.614243029296875 0.14742031770833333
0 0.5050599921875 0.8503138020833334 0.52064515625 0.8551802005208334 0.631577201171875 0.15269786979166666 0.616146111328125 0.1466654921875 0.5050599921875 0.8503138020833334
0 0.645721998046875 0.15482110416666667 0.6334801640625 0.15194301822916667 0.52151965625 0.8553857994791666 0.534180541015625 0.8591321901041667 0.645721998046875 0.15482110416666667
0 0.53607624609375 0.8612125807291666 0.548318080078125 0.8640906692708333 0.66257948828125 0.15815907291666667 0.64865366015625 0.15310583593750002 0.53607624609375 0.8612125807291666
0 0.552844421875 0.8639526197916667 0.582420314453125 0.8721081953125 0.695409517578125 0.16770501562499998 0.664084748046875 0.15913823697916665 0.552844421875 0.8639526197916667
0 0.728328857421875 0.17784893229166665 0.697878587890625 0.16948774739583336 0.586638146484375 0.8743021041666666 0.614626396484375 0.8806895625000001 0.728328857421875 0.17784893229166665
0 0.62387692578125 0.8722367942708332 0.6706327890625 0.8868359140625 0.771801494140625 0.2854516223958333 0.720365208984375 0.27215656770833335 0.62387692578125 0.8722367942708332
0 0.7997826953125 0.2920300755208333 0.77442464453125 0.28606833072916665 0.6813815390625 0.8737337473958333 0.709042806640625 0.8790880468750001 0.7997826953125 0.2920300755208333
0 0.708746068359375 0.8849762005208334 0.737755962890625 0.8905942968749999 0.833042107421875 0.30136454947916663 0.80677811328125 0.29367471875 0.708746068359375 0.8849762005208334
0 0.8938584921875 0.303327296875 0.83949054296875 0.2917474947916667 0.738887939453125 0.8956694088541667 0.790394642578125 0.9087914401041667 0.8938584921875 0.303327296875
0 0.797627916015625 0.9082771302083333 0.848910005859375 0.922738171875 0.952238080078125 0.31484396875000004 0.895761572265625 0.30257247135416665 0.797627916015625 0.9082771302083333