0 0.704298509765625 0.033369257812500004 0.5508816796875 0.004620817708333333 0.32003167578125 0.034692692708333334 0.32286495703125 0.07587089583333333 0.703820458984375 0.043248213541666664 0.704298509765625 0.033369257812500004
0 0.701101865234375 0.06903994270833333 0.70269397265625 0.0454281328125 0.322494236328125 0.07938797916666666 0.32431759375 0.10333575260416666 0.701101865234375 0.06903994270833333
0 0.329448451171875 0.10699227083333333 0.329738638671875 0.1297612578125 0.70029420703125 0.11073134114583333 0.70162483203125 0.08109297135416667 0.329448451171875 0.10699227083333333
0 0.6984031015625 0.17971633333333334 0.700555693359375 0.11675781770833334 0.32635914453125 0.136301 0.3265287421875 0.1852726354166667 0.6984031015625 0.17971633333333334
0 0.325470953125 0.20427846614583334 0.327011166015625 0.22369521875 0.7067739609375 0.22790968749999999 0.710461501953125 0.18226880208333332 0.32707739453125 0.1890379088541667 0.32658310546875 0.193727296875 0.325470953125 0.20427846614583334
0 0.702339685546875 0.27848561197916666 0.706403240234375 0.23142677083333332 0.32475819140625 0.2280550546875 0.323056853515625 0.261210421875 0.702339685546875 0.27848561197916666
0 0.328223701171875 0.271742734375 0.327924703125 0.317115921875 0.696669705078125 0.34078501302083336 0.699963134765625 0.2840178307291667 0.328223701171875 0.271742734375
0 0.31788117578125 0.3188204375 0.316921267578125 0.34494171874999996 0.6599324375 0.37454809895833335 0.661263056640625 0.3449098125 0.31788117578125 0.3188204375
0 0.314036064453125 0.34679207552083335 0.31307616015625 0.37291335937500003 0.656154572265625 0.40745580468750003 0.65717083203125 0.3752261510416666 0.314036064453125 0.34679207552083335
0 0.309188064453125 0.37577132812499997 0.309026939453125 0.4283434505208333 0.633886072265625 0.46902694270833334 0.63650893359375 0.4096105546875 0.309188064453125 0.37577132812499997
0 0.631310033203125 0.5269916380208334 0.63410916796875 0.4749137630208333 0.31354726171875 0.42799495833333334 0.313219861328125 0.4799415130208333 0.631310033203125 0.5269916380208334
0 0.313262560546875 0.48173946875 0.3094461875 0.5264535390625 0.63053105078125 0.5854254583333333 0.633068720703125 0.5273211927083333 0.313262560546875 0.48173946875
0 0.668181826171875 0.6450830677083333 0.669868837890625 0.6035563697916667 0.2884797578125 0.5296977890625 0.2845008125 0.5652866119791666 0.668181826171875 0.6450830677083333
0 0.2840311484375 0.5719024609375 0.283209193359375 0.6052225364583333 0.64841361328125 0.6880035859375 0.656189830078125 0.6822876510416668 0.662003912109375 0.6794171067708333 0.667069681640625 0.6556341588541666 0.666931763671875 0.6484353723958333 0.2840311484375 0.5719024609375
0 0.653472865234375 0.7790642265625 0.65749725 0.7124203541666666 0.656727125 0.702712015625 0.289008212890625 0.6182643177083333 0.28935573828125 0.6745183046875001 0.653472865234375 0.7790642265625
0 0.646970390625 0.8718412447916667 0.65048230078125 0.7959867890625 0.286361322265625 0.6859123020833334 0.28357553125 0.7518261354166667 0.646970390625 0.8718412447916667
0 0.285378240234375 0.7718044973958333 0.28086340234375 0.8486664843749999 0.591895927734375 0.9774850859374999 0.59952871875 0.8880567890625 0.285378240234375 0.7718044973958333
0 0.611585322265625 1 0.282004232421875 0.8548577395833333 0.2823087265625 0.88599796875 0.54258207421875 1 0.611585322265625 1
0 0.481341271484375 1 0.268515037109375 0.8977594036458334 0.26780228125 0.9215359114583334 0.394625046875 0.9851678072916666 0.47377744140625 1 0.481341271484375 1