0 0.226867455078125 0.8724506302083334 0.258402328125 0.8676371119791666 0.1787965625 0.377421328125 0.14341094921875 0.3840521588541667 0.226867455078125 0.8724506302083334
0 0.258049681640625 0.872086125 0.28785993359375 0.8665000494791667 0.211250376953125 0.37353134375 0.180594791015625 0.37818009635416666 0.258049681640625 0.872086125
0 0.292001603515625 0.8668196848958334 0.321698591796875 0.8601590989583333 0.249897396484375 0.38162963020833335 0.2183625234375 0.38644314583333333 0.292001603515625 0.8668196848958334
0 0.324908455078125 0.8672277421875 0.36035848046875 0.8605848411458333 0.281548072265625 0.30776322916666665 0.242046568359375 0.3140695963541667 0.324908455078125 0.8672277421875
0 0.36150394140625 0.8636573932291666 0.3984520703125 0.8556380312499999 0.325860603515625 0.2994596015625 0.284645064453125 0.30499142447916666 0.36150394140625 0.8636573932291666
0 0.40167480078125 0.8550341302083333 0.451853626953125 0.8478226979166666 0.38640004296875 0.289210984375 0.33000098828125 0.29868374479166665 0.40167480078125 0.8550341302083333
0 0.459910451171875 0.8463129479166667 0.50997601953125 0.8380270052083333 0.450048951171875 0.27728395833333336 0.39194066015625 0.2859812760416667 0.459910451171875 0.8463129479166667
0 0.51780632421875 0.8343682369791666 0.541976796875 0.8298389869791666 0.495200681640625 0.3860665104166667 0.4687565078125 0.3910218255208333 0.51780632421875 0.8343682369791666
0 0.60266809765625 0.7976472499999999 0.611656728515625 0.7893884921875 0.529420263671875 0.2898040703125 0.525857755859375 0.2871844427083333 0.495694861328125 0.29721953125 0.4911251640625 0.2991715703125 0.576080578125 0.8026294244791666 0.60266809765625 0.7976472499999999
0 0.565966826171875 0.2467965 0.537578822265625 0.2564989973958333 0.629090888671875 0.822280734375 0.63184771484375 0.8250513359374999 0.656597349609375 0.8182220937500001 0.565966826171875 0.2467965
0 0.682605705078125 0.8155399088541667 0.68813222265625 0.8134085729166666 0.599918744140625 0.24153005729166666 0.573843521484375 0.24970343489583333 0.662690162109375 0.8214633046875001 0.66660531640625 0.819633921875 0.682605705078125 0.8155399088541667
0 0.716670884765625 0.8113479765624999 0.726804978515625 0.8061617734375001 0.64376537109375 0.23660093489583334 0.605839224609375 0.24918649739583332 0.69503071875 0.8164988125 0.70067049609375 0.8154419869791667 0.716670884765625 0.8113479765624999
0 0.73725311328125 0.8195441822916667 0.76891411328125 0.8081326328124999 0.692911998046875 0.22739145833333332 0.65799505078125 0.23722166666666666 0.73725311328125 0.8195441822916667
0 0.7989508828125 0.8046955755208334 0.72457299609375 0.21597990885416665 0.712714279296875 0.22039355208333333 0.69933462890625 0.22399646875 0.7769580703125 0.8142954244791666 0.792152775390625 0.8103523880208333 0.7989508828125 0.8046955755208334
0 0.8013679296875 0.8042426510416667 0.823813775390625 0.7989408411458333 0.756460513671875 0.20671737760416667 0.730537515625 0.21595796354166666 0.8013679296875 0.8042426510416667