0 0.671668046875 1 0.675390240234375 0.980530890625 0.241623435546875 0.82162990625 0.22163951171875 0.9138158203125001 0.434615767578125 0.9935706536458334 0.45395579296875 1 0.671668046875 1
0 0.259884125 0.728871125 0.24032980859375 0.8187596328125001 0.673727294921875 0.9774784791666667 0.6914502734375 0.8838820364583334 0.259884125 0.728871125
0 0.694568017578125 0.8758165026041667 0.711752306640625 0.783919953125 0.2818119296875 0.6255859791666667 0.263323380859375 0.7153730416666666 0.694568017578125 0.8758165026041667
0 0.295128671875 0.5746520729166666 0.285674935546875 0.6203138411458333 0.71325593359375 0.7758789947916668 0.720745501953125 0.7272197057291666 0.295128671875 0.5746520729166666
0 0.721413677734375 0.722465640625 0.73257625 0.6480891171875 0.297672751953125 0.4925299921875 0.2808338125 0.5608474635416667 0.721413677734375 0.722465640625
0 0.314654228515625 0.42618840625000004 0.297240763671875 0.489946078125 0.734729072265625 0.6463645729166666 0.745069255859375 0.5756143958333334 0.314654228515625 0.42618840625000004
0 0.740072802734375 0.5639530494791667 0.749087373046875 0.5010637239583333 0.371704796875 0.3924485364583334 0.362689640625 0.4433772395833333 0.740072802734375 0.5639530494791667
0 0.385895599609375 0.3339607369791667 0.375370208984375 0.390247453125 0.751237783203125 0.4944578515625 0.758961130859375 0.4335794192708333 0.385895599609375 0.3339607369791667
0 0.771233736328125 0.4266781640625 0.774221755859375 0.3715462864583334 0.39620137109375 0.2690603541666667 0.3846961015625 0.3175925859375 0.771233736328125 0.4266781640625
0 0.40608711328125 0.2259824244791667 0.399215818359375 0.26762232812500003 0.780897458984375 0.37010516145833333 0.7854530390625 0.32736023177083334 0.40608711328125 0.2259824244791667
0 0.7815203046875 0.3227276666666667 0.787532416015625 0.28568275 0.417555484375 0.18492817447916665 0.41103959765625 0.2239684401041667 0.7815203046875 0.3227276666666667
0 0.36402309375 0.08876706510416667 0.355862939453125 0.13729925260416667 0.805397072265625 0.263558859375 0.8131072421875 0.20638487239583334 0.36402309375 0.08876706510416667
0 0.81829006640625 0.20439901041666667 0.828815427734375 0.14811244791666667 0.377775298828125 0.025012403645833334 0.36940274609375 0.0795745 0.81829006640625 0.20439901041666667
0 0.3814135390625 0 0.378203693359375 0.020274372395833334 0.830321421875 0.14495272135416667 0.836120017578125 0.09643202864583333 0.62308483984375 0.02561118229166667 0.528874369140625 0 0.3814135390625 0