0 0.463891609375 0 0.176406271484375 0.07450865104166667 0.181332005859375 0.09891701822916667 0.567839505859375 0 0.463891609375 0
0 0.5973813359375 0.06591148697916667 0.587022142578125 0.001058640625 0.184478580078125 0.10659334895833333 0.1948560078125 0.1643875625 0.5973813359375 0.06591148697916667
0 0.1927556328125 0.169573859375 0.2029453828125 0.23326463541666667 0.606580103515625 0.12930800260416667 0.597211921875 0.06474940625 0.1927556328125 0.169573859375
0 0.61650125 0.20326778645833332 0.607546548828125 0.135638796875 0.205535828125 0.23862343489583335 0.215539404296875 0.30626336718749997 0.61650125 0.20326778645833332
0 0.218485494140625 0.30883507552083334 0.225819701171875 0.3467332578125 0.621246849609375 0.24356117708333333 0.614588484375 0.20255745833333336 0.218485494140625 0.30883507552083334
0 0.627658404296875 0.28600427083333335 0.621898125 0.24649218229166667 0.22458461328125 0.35067140104166666 0.2307135 0.38987660416666664 0.627658404296875 0.28600427083333335
0 0.229109826171875 0.39412178645833335 0.23436183984375 0.43014748177083334 0.6321836171875 0.32945465885416664 0.62729499609375 0.289716578125 0.229109826171875 0.39412178645833335
0 0.637774482421875 0.3678046692708334 0.63252245703125 0.33177889583333336 0.2393979140625 0.4336664557291667 0.244742640625 0.4724601328125 0.637774482421875 0.3678046692708334
0 0.644696138671875 0.42148816406249995 0.636031140625 0.3682564973958333 0.244794755859375 0.47689085937500003 0.252169181640625 0.5302257994791667 0.644696138671875 0.42148816406249995
0 0.25239412109375 0.5352228177083334 0.2576215390625 0.5772850651041667 0.667249556640625 0.47040020833333335 0.6608699375 0.42694455729166664 0.25239412109375 0.5352228177083334
0 0.6742786953125 0.5127156041666666 0.670092341796875 0.471589609375 0.26004255859375 0.5814817083333333 0.267316341796875 0.6204782890625 0.6742786953125 0.5127156041666666
0 0.270669484375 0.6233506119791666 0.27744629296875 0.6698354843750001 0.66455560546875 0.5679295546875 0.657184091796875 0.5195582109375 0.270669484375 0.6233506119791666
0 0.679451826171875 0.6536864635416667 0.666357341796875 0.5762761979166667 0.27269994921875 0.6807139921875001 0.282501712890625 0.7541535416666667 0.679451826171875 0.6536864635416667
0 0.275768912109375 0.7824311822916666 0.284627888671875 0.8307883854166667 0.7511669765625 0.7050495963541666 0.74424912890625 0.6573707708333333 0.275768912109375 0.7824311822916666
0 0.757361810546875 0.766157625 0.751989515625 0.716896765625 0.287387759765625 0.83730934375 0.297633173828125 0.8898498541666666 0.757361810546875 0.766157625
0 0.3094667109375 0.8894765208333334 0.32202834765625 0.9694370260416667 0.708131505859375 0.8736583385416666 0.695279009765625 0.7870719661458333 0.3094667109375 0.8894765208333334
0 0.536108392578125 1 0.8011498125 0.9313082213541667 0.795029998046875 0.8818223229166667 0.321913056640625 0.9949792838541667 0.3226582734375 1 0.536108392578125 1