0 0.086737900390625 0.8604545312499999 0.133169568359375 0.8523691119791666 0.10065713671875 0.23289974739583333 0.051511224609375 0.22854413541666665 0.086737900390625 0.8604545312499999
0 0.150227400390625 0.23157897395833335 0.1043802734375 0.23371366145833336 0.137658021484375 0.8541346302083334 0.180443927734375 0.8481934661458334 0.150227400390625 0.23157897395833335
0 0.181286720703125 0.852103234375 0.230065892578125 0.8488448072916667 0.2012766484375 0.23018932031249997 0.150966892578125 0.2315445416666667 0.181286720703125 0.852103234375
0 0.249393798828125 0.22992344270833334 0.202781408203125 0.23110651041666666 0.23228431640625 0.8487415130208333 0.276133587890625 0.8456379140625 0.249393798828125 0.22992344270833334
0 0.277495251953125 0.8505854505208333 0.305569234375 0.8482910130208333 0.27596307421875 0.22671184375 0.25005581640625 0.22693085937500002 0.277495251953125 0.8505854505208333
0 0.304011232421875 0.22343137239583333 0.278155625 0.22562250520833335 0.307125697265625 0.8511803333333333 0.33317863671875 0.8473247630208333 0.304011232421875 0.22343137239583333
0 0.32795147265625 0.2894500208333333 0.31025585546875 0.292248453125 0.33596499609375 0.8498375442708334 0.354400056640625 0.8470046848958334 0.32795147265625 0.2894500208333333
0 0.35590486328125 0.8479218411458334 0.372886814453125 0.846143921875 0.347159705078125 0.2929510598958333 0.328845865234375 0.29533190364583334 0.35590486328125 0.8479218411458334
0 0.369516693359375 0.2934382291666667 0.3495252265625 0.29338179947916665 0.373703783203125 0.8490676067708334 0.394989919921875 0.844446765625 0.369516693359375 0.2934382291666667
0 0.394967583984375 0.8411668151041667 0.4104706484375 0.8394576901041666 0.38262744921875 0.22865621875 0.36857754296875 0.22931039583333335 0.394967583984375 0.8411668151041667
0 0.4018536484375 0.22776102604166668 0.38553366796875 0.22654640104166668 0.413531818359375 0.8432641666666667 0.427504248046875 0.8396518749999999 0.4018536484375 0.22776102604166668
0 0.443212271484375 0.22386082552083333 0.40256731640625 0.22674054947916666 0.428424515625 0.8465197526041667 0.469085998046875 0.84425396875 0.443212271484375 0.22386082552083333
0 0.48610152734375 0.22186385677083334 0.44469125390625 0.2237919609375 0.469198646484375 0.8485703411458334 0.50820990625 0.8456895104166667 0.48610152734375 0.22186385677083334
0 0.508881171875 0.8654804947916667 0.528081546875 0.8635992239583333 0.505163384765625 0.18642239322916665 0.484509849609375 0.18935856250000002 0.508881171875 0.8654804947916667
0 0.52362421875 0.1845755859375 0.50659062109375 0.1843814375 0.53106533984375 0.8644475781250001 0.5484879375 0.8601000885416666 0.52362421875 0.1845755859375
0 0.552862033203125 0.8486238932291666 0.579431306640625 0.8454122994791667 0.560161251953125 0.25099496614583333 0.5299204921875 0.25536476302083333 0.552862033203125 0.8486238932291666
0 0.58085854296875 0.8433713411458333 0.607324513671875 0.8362154843749999 0.589791697265625 0.25158984635416665 0.563196599609375 0.25381539322916663 0.58085854296875 0.8433713411458333
0 0.61194214453125 0.8429112760416667 0.66138328125 0.8366602369791667 0.646411462890625 0.20847613541666665 0.594185361328125 0.21087678385416667 0.61194214453125 0.8429112760416667
0 0.6659233359375 0.8403978567708333 0.7147025078125 0.8371394296875 0.70563673046875 0.2067732265625 0.6516135859375 0.209221171875 0.6659233359375 0.8403978567708333
0 0.809876484375 0.17420915885416666 0.726290572265625 0.17711375260416665 0.73737381640625 0.8589054817708334 0.810610673828125 0.8524189479166666 0.809876484375 0.17420915885416666
0 0.820275375 0.8539434505208333 0.8985816875 0.847335640625 0.9057565625 0.16814070833333336 0.820942693359375 0.17270665364583335 0.820275375 0.8539434505208333