0 0.72831956640625 1 0.728739701171875 0.971359671875 0.4555059140625 0.9772365885416666 0.454479423828125 0.9965998723958333 0.4836271484375 1 0.72831956640625 1
0 0.4542817265625 0.9211946510416666 0.451242130859375 0.959218453125 0.451634421875 0.9615397552083333 0.71765300390625 0.9577250208333333 0.718983001953125 0.9208560677083333 0.4542817265625 0.9211946510416666
0 0.441349939453125 0.8775802994791667 0.439932435546875 0.915782875 0.721333974609375 0.9182264609374999 0.72082666015625 0.8927585833333334 0.720596638671875 0.8796644218749999 0.441349939453125 0.8775802994791667
0 0.444254076171875 0.8416209296875 0.441452181640625 0.8760221197916667 0.7237449140625 0.8814835989583334 0.725818591796875 0.8664802786458333 0.7257776640625 0.8505043229166667 0.444254076171875 0.8416209296875
0 0.413129048828125 0.8096775989583334 0.41100809765625 0.8254013697916666 0.407814392578125 0.8408742604166667 0.4099208125 0.8419716796875 0.74091083203125 0.8522696302083334 0.74260632421875 0.8430298958333333 0.7433626953125 0.8315027239583334 0.744024521484375 0.8214164479166667 0.743159484375 0.8097001380208333 0.41210173046875 0.79213465625 0.41240583203125 0.7957999427083333 0.413129048828125 0.8096775989583334
0 0.73841905859375 0.7989460494791666 0.739634046875 0.7555300130208332 0.437599396484375 0.735542421875 0.435026552734375 0.7830526041666667 0.73841905859375 0.7989460494791666
0 0.448164662109375 0.6990248124999999 0.447361015625 0.7112724322916667 0.446186796875 0.729167609375 0.725419537109375 0.7480641640625 0.727560953125 0.7403283749999999 0.729161900390625 0.7325295390625 0.729871 0.7217228125 0.73003962890625 0.7108530442708334 0.7272695390625 0.70327028125 0.44732643359375 0.6786000729166667 0.448123734375 0.6830488567708333 0.448164662109375 0.6990248124999999
0 0.72853957421875 0.7005145807291666 0.7310323671875 0.6957236302083333 0.73282240625 0.6850429973958333 0.733626052734375 0.6727953776041667 0.73419333203125 0.6641499973958334 0.730484123046875 0.6542797968749999 0.45185832421875 0.6261334427083333 0.449192705078125 0.6750575416666668 0.72853957421875 0.7005145807291666
0 0.443365310546875 0.5895705442708333 0.441294634765625 0.6211277916666667 0.731119140625 0.6529019479166667 0.73257826953125 0.647264453125 0.734138287109375 0.6234896640625 0.443365310546875 0.5895705442708333
0 0.73369236328125 0.62198571875 0.73527919140625 0.5895024999999999 0.44558715625 0.5557094739583334 0.44346974609375 0.5879789557291667 0.73369236328125 0.62198571875
0 0.434882736328125 0.5528485520833334 0.736997375 0.5882167942708333 0.73944289453125 0.5841462890625 0.742219330078125 0.5750326510416667 0.7429284296875 0.5642259244791666 0.744772087890625 0.5361284427083334 0.7456230078125 0.523160375 0.742548814453125 0.5119123229166667 0.440500046875 0.46724035156250004 0.434882736328125 0.5528485520833334
0 0.443916416015625 0.38197526822916666 0.43867876953125 0.46179736979166663 0.439655474609375 0.46351201562500005 0.74071784765625 0.506617 0.742859263671875 0.4988812083333333 0.744932943359375 0.48387788802083337 0.7473107265625 0.4725398567708334 0.747269798828125 0.45656390104166666 0.746546580078125 0.4426862447916667 0.744999251953125 0.4330682291666667 0.443916416015625 0.38197526822916666
0 0.746017373046875 0.3511532005208333 0.448487806640625 0.28740740364583334 0.447988263671875 0.30332031249999997 0.44748872265625 0.31923322135416665 0.445624599609375 0.3393427265625 0.44399684375 0.35584998958333336 0.44193431640625 0.3706833203125 0.73879725 0.42798897916666667 0.743310103515625 0.4256115598958334 0.7459919921875 0.4179388151041667 0.74872115234375 0.40954562239583336 0.749876173828125 0.40024284375 0.751273908203125 0.37064141666666667 0.751253447265625 0.3626534401041666 0.7495170234375 0.35591721875 0.746017373046875 0.3511532005208333
0 0.746206466796875 0.34827140625 0.749252421875 0.31015069791666666 0.4607958359375 0.2409296145833333 0.455904724609375 0.2822711015625 0.746206466796875 0.34827140625
0 0.748151015625 0.302036625 0.752088818359375 0.26692380208333333 0.46361176953125 0.18971473958333332 0.4603901875 0.2305120546875 0.748151015625 0.302036625
0 0.742549447265625 0.26290716666666664 0.746791353515625 0.23145963020833335 0.49654587109375 0.16088822916666667 0.493162623046875 0.19584943749999997 0.742549447265625 0.26290716666666664
0 0.745453583984375 0.22694779947916666 0.749249564453125 0.19399631770833334 0.498747251953125 0.11903918229166667 0.495222828125 0.15615191145833332 0.745453583984375 0.22694779947916666
0 0.749235642578125 0.18590863802083335 0.752207515625 0.15721680208333333 0.489112103515625 0.07498295572916668 0.48541066796875 0.10649353906249999 0.749235642578125 0.18590863802083335
0 0.749848767578125 0.11846562239583334 0.751151955078125 0.09030509375 0.4852264921875 0.03460173958333333 0.4821224296875 0.06530816145833333 0.749848767578125 0.11846562239583334
0 0.48696548046875 0 0.48547305078125 0.030844161458333335 0.751577416015625 0.08382105989583333 0.753961544921875 0.05578662239583334 0.490605638671875 0 0.48696548046875 0
0 0.5161598203125 0 0.516151228515625 0.0031986744791666667 0.7493336796875 0.051616960937500005 0.750470361328125 0.027307838541666667 0.516372861328125 0 0.5161598203125 0