0 0.13053094140625 0.43053148437500005 0.099239236328125 0.4452193359375 0.25635751171875 0.9480285260416667 0.283802337890625 0.9382234348958334 0.174174328125 0.5802466510416667 0.13053094140625 0.43053148437500005
0 0.286145416015625 0.936160546875 0.31530553515625 0.9257426406249999 0.16543255859375 0.41806233854166663 0.13503070703125 0.43120652604166665 0.286145416015625 0.936160546875
0 0.316568693359375 0.9268439505208333 0.3462547578125 0.9182810546875001 0.197884521484375 0.4054471458333333 0.16691886328125 0.41850647135416663 0.316568693359375 0.9268439505208333
0 0.3554292109375 0.8915098255208332 0.381158673828125 0.8823175755208333 0.23900160546875 0.384582109375 0.212763458984375 0.3956380260416667 0.3554292109375 0.8915098255208332
0 0.272592908203125 0.37258109375000004 0.245817029296875 0.38419010416666666 0.384732228515625 0.8810408671875 0.410078646484375 0.8699425546875 0.31036969921875 0.5071962421875 0.272592908203125 0.37258109375000004
0 0.413895126953125 0.8736862994791667 0.441717322265625 0.8596605651041668 0.30818660546875 0.3548065390625 0.277212828125 0.3688876432291666 0.413895126953125 0.8736862994791667
0 0.443146783203125 0.8591498671875 0.471352025390625 0.8470301927083334 0.3386328046875 0.34280581510416663 0.311135765625 0.3547252317708333 0.443146783203125 0.8591498671875
0 0.389490693359375 0.352719703125 0.381293951171875 0.3531536744791666 0.353420345703125 0.363111953125 0.474631279296875 0.8366654947916666 0.502313369140625 0.8257542161458334 0.389490693359375 0.352719703125
0 0.505989693359375 0.8326124348958334 0.533671771484375 0.8217010937499999 0.421621912109375 0.34910375260416665 0.391645544921875 0.3627343619791667 0.505989693359375 0.8326124348958334
0 0.536007443359375 0.8218881276041667 0.576745755859375 0.8073337291666666 0.459477333984375 0.298508875 0.4176272734375 0.3166794817708333 0.536007443359375 0.8218881276041667
0 0.577600640625 0.80396390625 0.608141603515625 0.79203125 0.494794158203125 0.28139800260416664 0.4631257109375 0.29531714583333335 0.577600640625 0.80396390625
0 0.609519654296875 0.7874530989583333 0.647207615234375 0.7729669973958333 0.539179033203125 0.26329412239583333 0.498286490234375 0.27969104166666664 0.609519654296875 0.7874530989583333
0 0.6492116484375 0.7753154270833332 0.681373490234375 0.7638251067708333 0.576815693359375 0.2587854817708333 0.542701232421875 0.271994859375 0.6492116484375 0.7753154270833332
0 0.612551041015625 0.24601847135416666 0.57805353515625 0.2573217890625 0.681513599609375 0.7607106510416667 0.713708462890625 0.7502572239583333 0.612551041015625 0.24601847135416666
0 0.714058486328125 0.751126390625 0.7521296015625 0.7385463828125 0.654464619140625 0.21648981770833334 0.6145410390625 0.23304999739583332 0.714058486328125 0.751126390625
0 0.753175919921875 0.7361296588541667 0.795012056640625 0.7232259583333334 0.700365201171875 0.19335103906249998 0.653938787109375 0.21182433072916665 0.753175919921875 0.7361296588541667
0 0.7414178125 0.17429289322916666 0.705869564453125 0.18816399218750002 0.801010123046875 0.7149543229166667 0.8214049375 0.7097108671875 0.83226575390625 0.7027662708333334 0.7414178125 0.17429289322916666
0 0.77623799609375 0.2600623020833333 0.7592764765625 0.26714352604166663 0.833489466796875 0.6859857213541667 0.8504509921875 0.67890453125 0.78797224609375 0.322264875 0.77623799609375 0.2600623020833333
0 0.85378165234375 0.6726072890625 0.870551552734375 0.6645730729166667 0.80274310546875 0.2500127005208333 0.78071770703125 0.2594833125 0.85378165234375 0.6726072890625
0 0.882141076171875 0.6726899973958332 0.925023533203125 0.6573695729166666 0.84141079296875 0.16992061979166664 0.798094951171875 0.18585875 0.882141076171875 0.6726899973958332
0 0.9289800859375 0.6579989453125 0.969526978515625 0.6424915104166666 0.892505501953125 0.15166623958333333 0.84922225 0.16963567187499998 0.9289800859375 0.6579989453125