0 0.6355818671875 0 0.2111301328125 0.12335811458333333 0.2186431875 0.17124601822916666 0.702931484375 0.041059703125 0.699741701171875 0 0.6355818671875 0
0 0.707547439453125 0.10044510156250001 0.70975188671875 0.09017286458333333 0.70464321484375 0.0495026328125 0.703282365234375 0.044388565104166666 0.218290228515625 0.17569400520833334 0.225690052734375 0.22250766666666666 0.707547439453125 0.10044510156250001
0 0.70499003515625 0.11516532552083332 0.70237194921875 0.10592021614583334 0.229013548828125 0.23064857552083332 0.239130921875 0.3032440755208333 0.711783912109375 0.17961991927083332 0.70499003515625 0.11516532552083332
0 0.71751891796875 0.2574184635416667 0.719030712890625 0.24837148177083335 0.71792492578125 0.22228761979166667 0.715335783203125 0.19772399479166666 0.222533826171875 0.31730878125 0.23486891015625 0.371961328125 0.71751891796875 0.2574184635416667
0 0.713702705078125 0.2679927265625 0.712120978515625 0.26078319270833333 0.247510037109375 0.3827380703125 0.256648119140625 0.4226532369791667 0.71789226171875 0.3077397265625 0.713702705078125 0.2679927265625
0 0.26048471875 0.4668482213541667 0.265972873046875 0.4877290364583333 0.723440595703125 0.3603776432291667 0.71958303125 0.33937340625 0.26048471875 0.4668482213541667
0 0.265266958984375 0.49662500520833336 0.28275050390625 0.5689356354166667 0.73306525390625 0.45168831249999997 0.72389351953125 0.36467461458333333 0.265266958984375 0.49662500520833336
0 0.277309263671875 0.587482640625 0.281991537109375 0.6085144661458334 0.737141580078125 0.4903610677083334 0.733753517578125 0.46601453125 0.277309263671875 0.587482640625
0 0.74586038671875 0.5730777942708333 0.737707736328125 0.49573228645833334 0.28233123046875 0.6117371953125 0.30107358203125 0.6881937890625 0.742170671875 0.5770555885416667 0.74586038671875 0.5730777942708333
0 0.29645148828125 0.6989190625 0.30877330859375 0.7612423255208333 0.75941448828125 0.6548884453125 0.750581236328125 0.5866790546875 0.29645148828125 0.6989190625
0 0.302992375 0.7765665963541667 0.316699498046875 0.8364393463541666 0.76985829296875 0.7383773906250001 0.762172890625 0.6732612968749999 0.302992375 0.7765665963541667
0 0.31138475390625 0.8483898802083334 0.320283107421875 0.8938272734375 0.783338953125 0.7961016536458333 0.778839423828125 0.7534139036458334 0.31138475390625 0.8483898802083334
0 0.316100677734375 0.9165202369791667 0.324659337890625 0.9587349036458334 0.796906318359375 0.8702415911458333 0.791842458984375 0.8221999427083334 0.316100677734375 0.9165202369791667
0 0.3675151953125 1 0.799584080078125 0.9190355729166666 0.795521017578125 0.8726921015625 0.326724029296875 0.9627298489583334 0.332760423828125 1 0.3675151953125 1
0 0.52622255859375 1 0.8153134453125 0.9458279010416667 0.813710474609375 0.9361067604166666 0.45063593359375 1 0.52622255859375 1