0 0.347554103515625 0 0.745609775390625 0.06621642968750001 0.74768578125 0.05051827604166667 0.557290189453125 0.005755768229166666 0.522185115234375 0 0.347554103515625 0
0 0.316185068359375 0.0016082083333333332 0.31236794921875 0.011726145833333333 0.31227546484375 0.024922825520833334 0.740333611328125 0.09361590364583333 0.741322572265625 0.08613766666666667 0.742640337890625 0.06992444791666667 0.74226273828125 0.06653106770833334 0.316185068359375 0.0016082083333333332
0 0.68108360546875 0.14798125520833333 0.681129849609375 0.1413829140625 0.68343657421875 0.11769145572916667 0.686487236328125 0.10087190885416668 0.326891435546875 0.0393744296875 0.322041666015625 0.08229564322916667 0.68108360546875 0.14798125520833333
0 0.320533826171875 0.08744882291666667 0.3150238984375 0.129113296875 0.677035275390625 0.19109088802083332 0.6825323671875 0.149523484375 0.320533826171875 0.08744882291666667
0 0.314695095703125 0.13784827604166666 0.31290724609375 0.16386479166666665 0.671289029296875 0.22829366406249998 0.674665166015625 0.20276430468749998 0.314695095703125 0.13784827604166666
0 0.312719724609375 0.17153145312499998 0.311214435546875 0.1954113307291667 0.665306466796875 0.2610347369791667 0.66882283203125 0.2344450078125 0.312719724609375 0.17153145312499998
0 0.331252955078125 0.21884853385416667 0.328473591796875 0.23361659114583333 0.33054910546875 0.24291683333333333 0.606287673828125 0.28240838802083335 0.6067577578125 0.27260509114583337 0.609378970703125 0.25903289583333333 0.608075521484375 0.25639187239583333 0.331252955078125 0.21884853385416667
0 0.268604568359375 0.24267346614583332 0.2626245546875 0.29414123697916666 0.76771329296875 0.3677259921875 0.76940865625 0.35490615364583333 0.774165939453125 0.3251816171875 0.777069365234375 0.3094754322916667 0.775766265625 0.30683176041666665 0.268604568359375 0.24267346614583332
0 0.660425767578125 0.42291447916666663 0.66443040625 0.4051298828125 0.666973451171875 0.3859001276041667 0.666621935546875 0.3760608541666666 0.6651805 0.37446324739583337 0.27559140625 0.31481434114583334 0.272339408203125 0.32065899999999997 0.270926607421875 0.3313421979166667 0.270173962890625 0.34328213802083335 0.26890244140625 0.352897015625 0.271638111328125 0.3634539947916667 0.6584940859375 0.4312726197916667 0.660425767578125 0.42291447916666663
0 0.587081220703125 0.4838799817708333 0.593981478515625 0.4317022447916667 0.275457783203125 0.3720627552083333 0.2696165 0.40373551041666667 0.269901611328125 0.4203255703125 0.587081220703125 0.4838799817708333
0 0.646300298828125 0.5484731614583334 0.649267181640625 0.5260384453125 0.650041599609375 0.5076852057291666 0.26660337109375 0.43276856770833333 0.2631638515625 0.4462798854166667 0.25972433203125 0.459791203125 0.25817025 0.4715427213541667 0.257512642578125 0.48901267708333335 0.259446876953125 0.4993812395833333 0.6383860546875 0.589572375 0.642531974609375 0.5707194583333334 0.646300298828125 0.5484731614583334
0 0.6166623828125 0.6538617994791667 0.6246879765625 0.5931745989583334 0.6233950390625 0.5904540885416667 0.266754861328125 0.5066070390625 0.260446046875 0.5668097942708333 0.6166623828125 0.6538617994791667
0 0.607196609375 0.7254392291666667 0.616445240234375 0.6617524453125 0.616757419921875 0.6593918203125 0.26002220703125 0.5700147526041667 0.25036635546875 0.6305321432291667 0.607196609375 0.7254392291666667
0 0.64719036328125 0.7417000572916667 0.644535419921875 0.7430299661458334 0.256025220703125 0.6439794427083333 0.254047298828125 0.658935921875 0.25070281640625 0.6779772578125001 0.25042280859375 0.6988405963541666 0.636389962890625 0.817120875 0.636718765625 0.8083858958333333 0.64241876953125 0.7777814609374999 0.64719036328125 0.7417000572916667
0 0.24844488671875 0.7137970755208333 0.239965521484375 0.7591695651041667 0.61472019140625 0.9309920546875 0.625189681640625 0.8830681562499999 0.24844488671875 0.7137970755208333
0 0.24095703515625 0.7704180234375001 0.234784396484375 0.7920990598958334 0.2331840703125 0.8104489192708333 0.60374402734375 0.9889959635416666 0.607938740234375 0.9822714062500001 0.61685208203125 0.9461146588541666 0.6150053046875 0.9475821119791666 0.24095703515625 0.7704180234375001
0 0.587841224609375 1 0.591163505859375 0.9841475442708334 0.58960069140625 0.9834677604166666 0.23445814453125 0.8195607395833333 0.227109021484375 0.8563866718750001 0.526199689453125 1 0.587841224609375 1