0 0.20891252734375 0.1836883359375 0.17562261328125 0.17626660156249999 0.1238541640625 0.7237066223958334 0.139542814453125 0.7277727083333333 0.154868158203125 0.7281261744791667 0.20891252734375 0.1836883359375
0 0.24133082421875 0.1908841640625 0.210655703125 0.18414011979166667 0.157482955078125 0.7288038619791667 0.187117021484375 0.7364842317708334 0.24133082421875 0.1908841640625
0 0.29607016015625 0.16285610416666665 0.249004265625 0.150657859375 0.1900950625 0.7408745234374999 0.23331253125 0.7486276458333333 0.29607016015625 0.16285610416666665
0 0.34470985546875 0.176668375 0.29938713671875 0.16492191666666667 0.23749988671875 0.7507483281249999 0.27988531640625 0.7567187265625 0.34470985546875 0.176668375
0 0.370155443359375 0.1820570625 0.350980439453125 0.17708740625 0.28679289453125 0.7538745755208334 0.30363755078125 0.7575688671875 0.370155443359375 0.1820570625
0 0.39141249609375 0.18515405208333333 0.37066375 0.1785703828125 0.303014220703125 0.7604910807291666 0.32235866796875 0.7642984739583333 0.39141249609375 0.18515405208333333
0 0.432183427734375 0.19089622656250002 0.39540716015625 0.18257092187500001 0.324973462890625 0.7649761588541667 0.35865158203125 0.7691741510416666 0.432183427734375 0.19089622656250002
0 0.471913361328125 0.1975747578125 0.43600865234375 0.18947534114583334 0.3600065 0.7728496197916667 0.394120533203125 0.7783667708333333 0.471913361328125 0.1975747578125
0 0.517599330078125 0.21303378645833335 0.47576296875 0.20219089843750002 0.395911146484375 0.7809490625 0.436512703125 0.7878534609375 0.517599330078125 0.21303378645833335
0 0.5611789296875 0.22432847395833333 0.51934256640625 0.2134855859375 0.437916951171875 0.7906296822916666 0.47885179296875 0.7976739817708333 0.5611789296875 0.22432847395833333
0 0.60858363671875 0.2342022473958333 0.5667472734375 0.22335936197916664 0.4825375390625 0.8009880677083333 0.522948326171875 0.8091026458333334 0.60858363671875 0.2342022473958333
0 0.523502341796875 0.8116050703125 0.564467146484375 0.8222220703124999 0.65414500390625 0.24354815885416667 0.6097941875 0.2321036875 0.523502341796875 0.8116050703125
0 0.5663553203125 0.81547459375 0.608022251953125 0.8274796692708333 0.6959246875 0.2503969921875 0.654923087890625 0.23897535416666668 0.5663553203125 0.81547459375
0 0.610467607421875 0.8293196197916667 0.65126298046875 0.8410988098958333 0.74345609375 0.25873652343750003 0.70128680078125 0.24978546875 0.610467607421875 0.8293196197916667
0 0.652642841796875 0.8378380520833333 0.691695095703125 0.8491654739583333 0.79042848828125 0.2709105338541667 0.7450358359375 0.25991790885416666 0.652642841796875 0.8378380520833333
0 0.695350880859375 0.8489068541666667 0.71905323828125 0.8538437057291667 0.813170443359375 0.305986640625 0.788035205078125 0.30000969270833333 0.695350880859375 0.8489068541666667
0 0.838756947265625 0.311949296875 0.81522402734375 0.30585018229166666 0.72287846484375 0.8524228203124999 0.7468389296875 0.8565175781250001 0.838756947265625 0.311949296875
0 0.755151703125 0.8668179401041667 0.7769415 0.8724652838541668 0.8613955390625 0.34368794531249997 0.8385157109375 0.33842192447916664 0.755151703125 0.8668179401041667
0 0.8847101015625 0.350394296875 0.86553509765625 0.34542464062499995 0.7807667265625 0.8710443984374999 0.798900740234375 0.8769503619791666 0.8847101015625 0.350394296875