0 0.13643430859375 0.8990465416666668 0.1591940390625 0.8883951328125 0.040297478515625 0.47539720052083334 0.015008431640625 0.48196661718749995 0.13643430859375 0.8990465416666668
0 0.160458662109375 0.8904360989583333 0.184882591796875 0.884132984375 0.06765283203125 0.46677417187500003 0.044822927734375 0.47521928125 0.160458662109375 0.8904360989583333
0 0.187877505859375 0.8856413255208334 0.203450171875 0.8808476822916668 0.07456591015625 0.4101677682291667 0.055332912109375 0.41487302604166665 0.187877505859375 0.8856413255208334
0 0.118422537109375 0.4003130494791667 0.076895466796875 0.41309608854166663 0.20577971484375 0.883775921875 0.244157669921875 0.8667950833333333 0.118422537109375 0.4003130494791667
0 0.25063377734375 0.8638931744791667 0.286770216796875 0.8515543385416667 0.160387244140625 0.38878393229166663 0.121217751953125 0.4006677369791667 0.25063377734375 0.8638931744791667
0 0.195420689453125 0.3766111510416667 0.165140474609375 0.38593213541666666 0.291961087890625 0.8499564635416667 0.322548712890625 0.8333100833333332 0.195420689453125 0.3766111510416667
0 0.32636723828125 0.83815025 0.35385218359375 0.8284746354166667 0.228897638671875 0.36769477083333335 0.19861535546875 0.37927312500000004 0.32636723828125 0.83815025
0 0.26203698828125 0.35610503645833336 0.23175683203125 0.36542600520833335 0.357912087890625 0.8308703072916667 0.38271498828125 0.8161257786458332 0.26203698828125 0.35610503645833336
0 0.38692755078125 0.8195083177083333 0.410086802734375 0.8111642552083334 0.29074730078125 0.3486559453125 0.262636248046875 0.3595659427083333 0.38692755078125 0.8195083177083333
0 0.307225783203125 0.35920660416666667 0.301237236328125 0.3719861796875 0.40962113671875 0.8137378463541666 0.43548867578125 0.8025534244791667 0.3176061875 0.3402146119791667 0.308289318359375 0.34429769531250004 0.307225783203125 0.35920660416666667
0 0.411468818359375 0.6296848489583333 0.405543638671875 0.6059910807291666 0.4000841796875 0.5797236640625 0.394092904296875 0.5609107786458333 0.390830744140625 0.547333421875 0.387368771484375 0.5326024505208333 0.38417270703125 0.5141442135416666 0.379246357421875 0.496218640625 0.375784443359375 0.48148765104166663 0.372388625 0.46187577864583335 0.334150068359375 0.30990518489583335 0.318602283203125 0.31439030729166667 0.43850440625 0.8121376171875 0.45540785546875 0.804504078125 0.448419142578125 0.79571921875 0.44076373828125 0.7725580963541666 0.438033341796875 0.751526265625 0.4342380234375 0.7296071614583334 0.428844666015625 0.6984589036458333 0.421721021484375 0.6678432682291667 0.411468818359375 0.6296848489583333
0 0.462261517578125 0.7914581979166666 0.481095017578125 0.7844457083333333 0.3721398046875 0.32092869010416664 0.34961669140625 0.3303610026041667 0.462261517578125 0.7914581979166666
0 0.394404529296875 0.3153590989583333 0.374705921875 0.3226379296875 0.484355837890625 0.7822267838541667 0.4971914765625 0.7768781380208334 0.394404529296875 0.3153590989583333
0 0.56880825390625 0.7647361901041667 0.5952283828125 0.7541731875000001 0.5107711640625 0.2822635963541667 0.482183986328125 0.29076869791666665 0.56880825390625 0.7647361901041667
0 0.6010184609375 0.7560362708333334 0.6279041875 0.7428996171875001 0.546782568359375 0.2644967447916667 0.51858634765625 0.2747026744791667 0.6010184609375 0.7560362708333334
0 0.632163791015625 0.7464489817708334 0.657718677734375 0.7361522395833333 0.58087689453125 0.25552813281250003 0.551759912109375 0.2643009322916667 0.632163791015625 0.7464489817708334
0 0.665239216796875 0.7374826458333333 0.687644990234375 0.72493359375 0.615084630859375 0.25836456510416667 0.605966181640625 0.24780504166666664 0.586667080078125 0.2573911432291667 0.665239216796875 0.7374826458333333
0 0.691059962890625 0.7234587369791666 0.702972302734375 0.7185767473958333 0.63190838671875 0.24096561979166667 0.616347919921875 0.24460929166666667 0.691059962890625 0.7234587369791666
0 0.706233123046875 0.7163578203125001 0.724201505859375 0.7096116354166666 0.652622439453125 0.23325300000000002 0.634516048828125 0.23901670052083335 0.706233123046875 0.7163578203125001
0 0.6749782421875 0.22534628906249998 0.65594499609375 0.23120518489583333 0.72846109765625 0.7131609244791667 0.74810376171875 0.7036502526041667 0.6749782421875 0.22534628906249998
0 0.721496484375 0.20981172135416667 0.687290087890625 0.22277157031249997 0.758675095703125 0.7087208177083334 0.786604451171875 0.6944714713541668 0.721496484375 0.20981172135416667
0 0.7954769609375 0.6949620651041667 0.82755351171875 0.6802276276041667 0.76322330859375 0.19818231770833336 0.7296966328125 0.20952769270833335 0.7954769609375 0.6949620651041667
0 0.77234042578125 0.19294560156249999 0.76515330078125 0.19880338541666667 0.8301489765625 0.6794286822916668 0.840694986328125 0.6711394270833333 0.77234042578125 0.19294560156249999
0 0.85124585546875 0.6802252916666666 0.859897361328125 0.6775621484375001 0.7935221796875 0.18453530729166667 0.784652263671875 0.19037084114583333 0.85124585546875 0.6802252916666666
0 0.861094546875 0.6686877187500001 0.87433761328125 0.6609658515625 0.80691646484375 0.17506688802083334 0.7949003515625 0.18114061197916667 0.861094546875 0.6686877187500001
0 0.826711044921875 0.17013338541666667 0.81113837890625 0.17492703125 0.87972828515625 0.6605215546875 0.89522487890625 0.6503448020833333 0.826711044921875 0.17013338541666667
0 0.93369939453125 0.63540203125 0.868238115234375 0.15735034635416667 0.8359018203125 0.16881715885416668 0.90009225390625 0.6518227838541667 0.93369939453125 0.63540203125
0 0.939023861328125 0.6398386901041667 0.971500033203125 0.6274114921875 0.912560400390625 0.14492199479166668 0.879892029296875 0.15661223958333334 0.939023861328125 0.6398386901041667
0 0.92620308203125 0.13950732552083334 0.917751326171875 0.1433241015625 0.977556076171875 0.6255472942708333 0.984449328125 0.6215430182291667 0.92620308203125 0.13950732552083334
0 0.939179587890625 0.13435309114583333 0.937849443359375 0.1383525390625 0.932792166015625 0.14598491145833334 0.98713880078125 0.6177370026041666 0.9964556640625 0.6136538802083333 0.939179587890625 0.13435309114583333