0 0.0058672265625 0.7814759635416667 0.042410404296875 0.7858973385416667 0.090294515625 0.23023305989583334 0.055867728515625 0.2218642421875 0.0058672265625 0.7814759635416667
0 0.043890265625 0.7873084505208333 0.079502552734375 0.7926318385416667 0.125652189453125 0.2376998671875 0.092913162109375 0.22968746875 0.043890265625 0.7873084505208333
0 0.1345678984375 0.80755628125 0.1803324140625 0.8106292291666667 0.17494155078125 0.20416495833333334 0.129853310546875 0.202333421875 0.1345678984375 0.80755628125
0 0.18439007421875 0.8180776927083334 0.1939057734375 0.8211858020833334 0.208624888671875 0.822096984375 0.218904423828125 0.8187748359375 0.2117790859375 0.21304287760416665 0.202136083984375 0.21100647656250002 0.1884751640625 0.20812157291666666 0.1784502421875 0.2093003020833333 0.18439007421875 0.8180776927083334
0 0.215270357421875 0.21927313541666668 0.220002365234375 0.8234010755208333 0.231674197265625 0.8291617109375 0.2438552578125 0.8306355052083334 0.2562511875 0.8233659140624999 0.248107396484375 0.22620763802083332 0.2439224296875 0.21983088541666665 0.235759287109375 0.21920559375 0.222901951171875 0.216490390625 0.215270357421875 0.21927313541666668
0 0.283043408203125 0.23028961197916667 0.275007572265625 0.22859261197916667 0.266168154296875 0.22672590885416666 0.25800501171875 0.22610061979166665 0.25198975390625 0.22922470312499998 0.271629833984375 0.8370502161458333 0.28124176171875 0.8418265442708334 0.293677435546875 0.8411569140625 0.303026080078125 0.8387367734375001 0.31398189453125 0.8366560338541666 0.32024351171875 0.8324853828125001 0.298068083984375 0.22961742968749999 0.29133385546875 0.2298431953125 0.283043408203125 0.23028961197916667
0 0.378181013671875 0.8579037213541666 0.38139534765625 0.8585825208333334 0.391292962890625 0.8584755052083333 0.404914140625 0.8547604453125 0.41625187109375 0.8494645729166667 0.42437526953125 0.8434899010416667 0.353034662109375 0.258253453125 0.303846240234375 0.2643448046875 0.378181013671875 0.8579037213541666
0 0.4382032421875 0.8519030572916666 0.463456505859375 0.8473486666666666 0.383960833984375 0.24061533072916666 0.360842416015625 0.24232477083333334 0.4382032421875 0.8519030572916666
0 0.47309143359375 0.8702566666666667 0.49606125390625 0.8641214687500001 0.41199869140625 0.2542265078125 0.389283484375 0.2582182890625 0.47309143359375 0.8702566666666667
0 0.515299439453125 0.8824659062500001 0.5374656796875 0.8761610104166667 0.447292396484375 0.31770815104166666 0.426987935546875 0.32220903125 0.515299439453125 0.8824659062500001
0 0.54435575390625 0.88750340625 0.5665219921875 0.8811985052083333 0.47677037109375 0.32613047916666665 0.455960908203125 0.3294261145833333 0.54435575390625 0.88750340625
0 0.57624448046875 0.8964348307291666 0.61668634765625 0.8819048203125001 0.51591558203125 0.27397441145833334 0.480088423828125 0.27739440885416666 0.57624448046875 0.8964348307291666
0 0.62741921484375 0.9094390625000001 0.66798838671875 0.89383734375 0.57013759765625 0.28212919010416665 0.532066740234375 0.2905683385416667 0.62741921484375 0.9094390625000001
0 0.6804557265625 0.9206392734375001 0.722759373046875 0.9043052421875001 0.63249044921875 0.37439565625 0.5950958671875 0.38407621875 0.6804557265625 0.9206392734375001
0 0.75221106640625 0.9412854895833332 0.792103962890625 0.9244423567708333 0.693122927734375 0.391594359375 0.660677154296875 0.40122140885416663 0.75221106640625 0.9412854895833332
0 0.7971322578125 0.9375887734375 0.838632322265625 0.9210850390625 0.720047333984375 0.33136453645833336 0.69338635546875 0.34221321614583333 0.7971322578125 0.9375887734375
0 0.85363771875 0.9473243619791667 0.8712768125 0.9444578046875001 0.8894251328125 0.9373044036458333 0.893108951171875 0.9270964010416667 0.783490689453125 0.33817088802083334 0.7586590859375 0.34611010677083337 0.851354275390625 0.9457435546875 0.85363771875 0.9473243619791667