0 0.650390625 0.1761702109375 0.651611328125 0.14606700260416666 0.6259765625 0.14362620052083333 0.3433837890625 0.11840459114583333 0.3433837890625 0.15338940364583334 0.650390625 0.1761702109375
0 0.3421630859375 0.15989820572916666 0.3421630859375 0.19406941927083332 0.651611328125 0.21034142447916668 0.650390625 0.18111928385416667 0.3421630859375 0.15989820572916666
0 0.3433837890625 0.19895102083333335 0.3427734375 0.2396310364583333 0.6412353515625 0.2518350390625 0.641845703125 0.21692657552083336 0.3433837890625 0.19895102083333335
0 0.3433837890625 0.24532623697916667 0.3433837890625 0.2827518515625 0.6387939453125 0.2884470520833333 0.6400146484375 0.2543614713541667 0.3433837890625 0.24532623697916667
0 0.6162109375 0.3193638645833333 0.6143798828125 0.29739665625 0.6119384765625 0.29739665625 0.3421630859375 0.3274998671875 0.3446044921875 0.35841667968749996 0.6162109375 0.3193638645833333
0 0.3427734375 0.3608574791666667 0.3446044921875 0.3934014921875 0.6162109375 0.35597587760416666 0.61376953125 0.32923126302083333 0.3427734375 0.3608574791666667
0 0.3446044921875 0.4023510963541667 0.34765625 0.4405903098958333 0.632080078125 0.3990966927083333 0.630859375 0.36666615885416665 0.3446044921875 0.4023510963541667
0 0.3421630859375 0.4462855104166667 0.3458251953125 0.4828975234375 0.630859375 0.44547191145833337 0.6302490234375 0.40898386718749996 0.3421630859375 0.4462855104166667
0 0.343994140625 0.4877791276041667 0.346435546875 0.5235775390625 0.632080078125 0.48940632552083335 0.630859375 0.45618438802083333 0.343994140625 0.4877791276041667
0 0.3427734375 0.5276455416666667 0.3458251953125 0.5658847552083334 0.6314697265625 0.5390359453125 0.629638671875 0.5050125130208333 0.3427734375 0.5276455416666667
0 0.6473388671875 0.6456175833333333 0.64794921875 0.6148757942708333 0.646728515625 0.6130735729166666 0.3409423828125 0.6220231744791667 0.341552734375 0.6627031901041667 0.6473388671875 0.6456175833333333
0 0.3427734375 0.6683983932291667 0.3409423828125 0.7082648072916666 0.6461181640625 0.6976880026041666 0.649169921875 0.6653315234375 0.3427734375 0.6683983932291667
0 0.3458251953125 0.718841609375 0.3433837890625 0.7676576302083333 0.6485595703125 0.7676576302083333 0.6497802734375 0.7206700651041666 0.3458251953125 0.718841609375
0 0.34521484375 0.7741664296874999 0.3427734375 0.8213552473958333 0.646728515625 0.8189144479166667 0.6485595703125 0.7719395963541666 0.34521484375 0.7741664296874999
0 0.3446044921875 0.8311184531250001 0.343994140625 0.8661032656250001 0.65771484375 0.8620352630208333 0.658935546875 0.8297195442708333 0.3446044921875 0.8311184531250001
0 0.343994140625 0.8742392682291666 0.3427734375 0.9092240807291666 0.6571044921875 0.9035288776041667 0.65771484375 0.8679682421875 0.343994140625 0.8742392682291666