0 0.591728240234375 1 0.256867603515625 0.9289573906249999 0.251215607421875 0.9630257369791666 0.477064017578125 1 0.591728240234375 1
0 0.67956344921875 1 0.684317505859375 0.940310796875 0.263560802734375 0.8465597395833333 0.25212043359375 0.9222163802083333 0.606185697265625 1 0.67956344921875 1
0 0.685551560546875 0.9371147604166666 0.69141048046875 0.8832068359375 0.268969759765625 0.7922895104166666 0.262787650390625 0.8452403645833333 0.685551560546875 0.9371147604166666
0 0.277149662109375 0.7378574036458333 0.271398916015625 0.7905903177083333 0.693281423828125 0.8823203333333334 0.696604486328125 0.8268044609374999 0.277149662109375 0.7378574036458333
0 0.278942099609375 0.6892475833333332 0.272186068359375 0.7334665651041666 0.698583634765625 0.824742953125 0.702220998046875 0.7779472473958333 0.278942099609375 0.6892475833333332
0 0.703793357421875 0.7778853854166666 0.707023880859375 0.7330892395833333 0.28591453515625 0.6426785182291667 0.2790503125 0.6880725 0.703793357421875 0.7778853854166666
0 0.331342591796875 0.6059834427083334 0.32392159375 0.6477080390625 0.70945159375 0.7358722057291667 0.712609490234375 0.6865057916666667 0.331342591796875 0.6059834427083334
0 0.70870814453125 0.6856544296874999 0.709650623046875 0.6559896145833334 0.338023181640625 0.5766423515625 0.334094904296875 0.6052412317708333 0.70870814453125 0.6856544296874999
0 0.339613521484375 0.5453138411458334 0.3351455859375 0.5744014140625 0.713500708984375 0.6530416848958334 0.715652291015625 0.6214108489583333 0.339613521484375 0.5453138411458334
0 0.716638751953125 0.6189652734375 0.72008569140625 0.5718190364583333 0.336678439453125 0.4950867734375 0.330908041015625 0.54269584375 0.716638751953125 0.6189652734375
0 0.31264369140625 0.4204294557291666 0.30437276171875 0.4810990572916667 0.722946236328125 0.5699018255208333 0.7286590703125 0.5015370807291667 0.31264369140625 0.4204294557291666
0 0.730861111328125 0.493668015625 0.736812568359375 0.42904036458333333 0.319960115234375 0.3454212526041667 0.31185483984375 0.4095653541666667 0.730861111328125 0.493668015625
0 0.3713516875 0.28810178645833334 0.36385390625 0.35009084375000005 0.733719935546875 0.42376302604166666 0.741274451171875 0.3645450338541667 0.3713516875 0.28810178645833334
0 0.741109498046875 0.36294913020833336 0.7457467890625 0.30287737239583334 0.377417734375 0.22364162239583332 0.369913568359375 0.28428819010416667 0.741109498046875 0.36294913020833336
0 0.34997898828125 0.15101340885416667 0.343130462890625 0.20595211718749998 0.7510193125 0.29419847656250003 0.754638267578125 0.24079413281249998 0.34997898828125 0.15101340885416667
0 0.755440134765625 0.23647672135416667 0.759428109375 0.18345529947916664 0.35911559765625 0.08094329166666667 0.352435974609375 0.13165705208333334 0.755440134765625 0.23647672135416667
0 0.371220947265625 0.007781036458333334 0.362934298828125 0.058905986979166665 0.76213608984375 0.15937433333333334 0.76966255078125 0.11117947135416667 0.371220947265625 0.007781036458333334
0 0.399678814453125 0 0.3974455859375 0.014459942708333333 0.76884223828125 0.08122606770833334 0.772558890625 0.040866453125 0.522935984375 0 0.399678814453125 0