0 0.70746471875 1 0.709507076171875 0.9919846927083333 0.713222658203125 0.9798037708333333 0.71693625390625 0.9637890078125001 0.71557664453125 0.9518374947916667 0.717091056640625 0.9360499375 0.22710780078125 0.845991578125 0.226605646484375 0.8563658802083333 0.224751830078125 0.8701240182291667 0.2222211875 0.8836571536458333 0.219351140625 0.8951608697916668 0.218174146484375 0.9091440078124999 0.2159781875 0.920887359375 0.252773888671875 0.9331196249999999 0.689902392578125 1 0.70746471875 1
0 0.7169124140625 0.9177829557291667 0.72197568359375 0.8945505234375001 0.28901043359375 0.8148224296875001 0.284146494140625 0.840833359375 0.7169124140625 0.9177829557291667
0 0.275247619140625 0.7000433072916666 0.270184345703125 0.7232757395833334 0.266308001953125 0.7516942213541666 0.26158413671875 0.7769560729166667 0.26060637109375 0.7898738020833332 0.717231953125 0.8814739973958333 0.72010597265625 0.8776379583333332 0.726016765625 0.8575621562500001 0.73158815234375 0.8354569322916667 0.734285517578125 0.81718775 0.735799927734375 0.8014001953125001 0.732243123046875 0.7935097187500001 0.276934712890625 0.6910212161458333 0.275247619140625 0.7000433072916666
0 0.326989931640625 0.6501637760416666 0.319939966796875 0.6878649348958333 0.3202435390625 0.6900859765625 0.73190173046875 0.7876464635416666 0.737127751953125 0.7520103072916666 0.326989931640625 0.6501637760416666
0 0.33356562890625 0.6073099505208334 0.32753195703125 0.6434207291666666 0.327156654296875 0.6454277317708333 0.735772115234375 0.7477264635416666 0.74269119140625 0.7145697317708333 0.33356562890625 0.6073099505208334
0 0.749110095703125 0.6956211432291667 0.7513013359375 0.6800585859375 0.342511205078125 0.5671605494791666 0.33461951171875 0.6055185520833334 0.334242453125 0.6075349531249999 0.743536724609375 0.7138925260416666 0.749110095703125 0.6956211432291667
0 0.75282369140625 0.6796063802083333 0.759403361328125 0.6444202291666666 0.351117375 0.5249817291666666 0.344073224609375 0.5626517812499999 0.75282369140625 0.6796063802083333
0 0.371632451171875 0.5267624921874999 0.75974078125 0.6426158125 0.764137162109375 0.6383275651041667 0.769206392578125 0.6265966484375 0.772245150390625 0.6141907239583334 0.770546134765625 0.6002097838541667 0.38002430859375 0.48188528125 0.378341189453125 0.49857504687500004 0.375473126953125 0.5139126015625001 0.371632451171875 0.5267624921874999
0 0.38142002734375 0.47442139062500005 0.77342015625 0.5963737447916667 0.7759567578125 0.5943421249999999 0.780517873046875 0.5814839947916667 0.783048515625 0.567950859375 0.782365732421875 0.55622434375 0.39014886328125 0.43158657812499995 0.38744951171875 0.44602192187499995 0.383904626953125 0.46113447395833335 0.38142002734375 0.47442139062500005
0 0.341903755859375 0.3743414453125 0.33604730859375 0.4056600130208334 0.336169619140625 0.408850390625 0.793363634765625 0.5589221640625001 0.800115986328125 0.5305014765625 0.341903755859375 0.3743414453125
0 0.800959533203125 0.5259904322916666 0.80652893359375 0.5000513723958333 0.34696106640625 0.33960749739583335 0.3421205390625 0.36933770052083337 0.800959533203125 0.5259904322916666
0 0.38636375 0.3095831770833333 0.37966701953125 0.34539533333333333 0.379954775390625 0.3477009583333333 0.79417539453125 0.4930697109375 0.800250923828125 0.46442402343750006 0.38636375 0.3095831770833333
0 0.39176046484375 0.2768786510416667 0.387092076171875 0.3056882942708333 0.3858556328125 0.3084559661458333 0.790944087890625 0.4603717916666667 0.7973590234375 0.43375552343749996 0.39176046484375 0.2768786510416667
0 0.80463928125 0.39866727864583335 0.806155681640625 0.38671355989583334 0.362142861328125 0.20844169791666667 0.35289515234375 0.2578957421875 0.795348341796875 0.4252857447916667 0.80143181640625 0.41197541145833333 0.80463928125 0.39866727864583335
0 0.81629612890625 0.3670855572916667 0.82085128515625 0.3427259140625 0.8242254765625 0.3246817317708333 0.8275996640625 0.30663755468750004 0.364115720703125 0.09793540625000001 0.344912900390625 0.19293755989583336 0.80801347265625 0.38062309635416663 0.81629612890625 0.3670855572916667
0 0.398260595703125 0.04220583333333333 0.393362060546875 0.05686838020833334 0.3903252890625 0.07310814583333333 0.388304748046875 0.09160232812500001 0.383442779296875 0.10222487499999999 0.8150754296875 0.296724265625 0.820486052734375 0.2908566015625 0.8233561015625 0.2793528880208333 0.826224162109375 0.2640153333333333 0.82824867578125 0.2531888255208333 0.831112763671875 0.23018359635416666 0.400110439453125 0.020780020833333333 0.39926887890625 0.029124903645833335 0.398260595703125 0.04220583333333333
0 0.399403927734375 0 0.3976088359375 0.0072466328125 0.836180009765625 0.21461884114583332 0.842942294921875 0.20536734375 0.853414201171875 0.17243341145833332 0.86033923828125 0.15077819270833334 0.865229826171875 0.12078029427083332 0.787979001953125 0.08042815885416667 0.54604420703125 0 0.399403927734375 0