0 0.56275348046875 1 0.91641486328125 0.8376328255208333 0.89750705078125 0.7879057083333333 0.542543544921875 0.9832163046875001 0.547655224609375 1 0.56275348046875 1
0 0.898160728515625 0.7813451822916666 0.8811262265625 0.7244745468749999 0.529224107421875 0.9273001119791666 0.5467416015625 0.9812889635416666 0.898160728515625 0.7813451822916666
0 0.8899810859375 0.7193658125 0.87822328515625 0.6798974010416666 0.518386619140625 0.8886671510416666 0.530647673828125 0.9250299505208334 0.8899810859375 0.7193658125
0 0.420166771484375 0.9214949192708333 0.424915626953125 0.9307921770833333 0.4289398671875 0.9389132005208333 0.900589845703125 0.6664985885416667 0.89912148828125 0.6577820494791666 0.89550807421875 0.643789890625 0.889026912109375 0.6217236588541667 0.878611642578125 0.605637203125 0.408821720703125 0.8745331536458334 0.410553994140625 0.887302140625 0.41583066796875 0.9047043046875 0.420166771484375 0.9214949192708333
0 0.853216287109375 0.5891243697916667 0.841022703125 0.5540295729166667 0.493101935546875 0.7523672447916666 0.50425401171875 0.7872818411458334 0.853216287109375 0.5891243697916667
0 0.8433396015625 0.5508790677083334 0.833726859375 0.5166862734375001 0.48363882421875 0.7141197317708333 0.495418857421875 0.7492167317708334 0.8433396015625 0.5508790677083334
0 0.829401533203125 0.46963190364583335 0.821108314453125 0.4557015234375 0.433639017578125 0.6857602760416667 0.448533759765625 0.7348269557291666 0.83505714453125 0.5066848671875 0.835664802734375 0.493885046875 0.829401533203125 0.46963190364583335
0 0.42973868359375 0.6645959817708333 0.43663261328125 0.6791689244791667 0.821521041015625 0.4482081770833333 0.818102525390625 0.42890941927083337 0.812825841796875 0.4115072604166667 0.808512728515625 0.39783633593749995 0.4192006640625 0.6312395104166667 0.424943810546875 0.6490594322916666 0.42973868359375 0.6645959817708333
0 0.800552435546875 0.3973173203125 0.78645469140625 0.3578797447916667 0.438775310546875 0.5637255364583333 0.451301341796875 0.6056563489583333 0.800552435546875 0.3973173203125
0 0.788989501953125 0.35254239062500003 0.776795916015625 0.31744759375000003 0.428681904296875 0.5213081848958333 0.4401971953125 0.5596274192708334 0.788989501953125 0.35254239062500003
0 0.33235050390625 0.5705341770833333 0.814050498046875 0.29199665625 0.7967364921875 0.23525434635416667 0.316015697265625 0.5133423098958333 0.33235050390625 0.5705341770833333
0 0.778365708984375 0.2447318046875 0.76781238671875 0.20992746614583332 0.3874887421875 0.4252282916666667 0.3992235390625 0.4615770885416666 0.778365708984375 0.2447318046875
0 0.336480115234375 0.3943892630208334 0.35113746484375 0.441002328125 0.769188736328125 0.20616533072916665 0.7600347578125 0.17071854947916668 0.754276267578125 0.15145071354166667 0.336480115234375 0.3943892630208334
0 0.751740099609375 0.09314096875 0.30656460546875 0.336128625 0.321629779296875 0.38339871093750005 0.765906837890625 0.14193746354166667 0.751740099609375 0.09314096875
0 0.742688935546875 0.03990901822916667 0.734085724609375 0.015686708333333334 0.727696662109375 0.006099106770833334 0.2906763671875 0.24429931770833332 0.295299392578125 0.2682620625 0.30083995703125 0.2897166901041667 0.310349685546875 0.3197219270833333 0.75164803125 0.08066225260416666 0.742688935546875 0.03990901822916667
0 0.530937458984375 0 0.25693787890625 0.13885931510416666 0.27647334765625 0.21753669270833334 0.284195966796875 0.228445921875 0.71812291796875 0 0.530937458984375 0