0 0.011082796875 0.6260974739583333 0.053408060546875 0.6441177265625 0.16702927734375 0.0894322421875 0.11954167578125 0.06393384114583334 0.011082796875 0.6260974739583333
0 0.067819083984375 0.653631234375 0.11014434765625 0.6716514869791667 0.21948320703125 0.11659177604166666 0.17226237109375 0.09449176041666667 0.067819083984375 0.653631234375
0 0.2480251796875 0.18039779427083333 0.2160159375 0.16612387760416666 0.1165155234375 0.6760033828125 0.14662915625 0.6868374010416667 0.2480251796875 0.18039779427083333
0 0.147463484375 0.687242296875 0.196767341796875 0.7073892890625001 0.307484935546875 0.20918178906249998 0.25136265625 0.18201745052083332 0.147463484375 0.687242296875
0 0.27982258203125 0.7527353333333333 0.28164485546875 0.7460597916666667 0.41209998828125 0.2197032317708333 0.323734916015625 0.1730403046875 0.1974481796875 0.7152794869791667 0.24470283984375 0.7394717968750001 0.27982258203125 0.7527353333333333
0 0.282552583984375 0.7565801145833334 0.296432943359375 0.7645760885416667 0.4208574921875 0.26974336197916665 0.406476333984375 0.2610730286458333 0.282552583984375 0.7565801145833334
0 0.443565115234375 0.28789178125 0.42020312890625 0.27655435677083334 0.2987090703125 0.7631607473958333 0.34012325390625 0.7845187942708334 0.468065205078125 0.2985215104166667 0.443565115234375 0.28789178125
0 0.340653880859375 0.7860362265625 0.391853357421875 0.8096230859375 0.524719357421875 0.32707510677083335 0.466927103515625 0.299229203125 0.340653880859375 0.7860362265625
0 0.397620466796875 0.8023420182291666 0.4212093984375 0.8163095937499999 0.5494086953125 0.3584557578125 0.52327960546875 0.34547623958333334 0.397620466796875 0.8023420182291666
0 0.57667841796875 0.37139034374999996 0.55081339453125 0.35883821093749996 0.4231818828125 0.8160068203124999 0.447517240234375 0.8230839427083333 0.57667841796875 0.37139034374999996
0 0.447755373046875 0.8367519791666668 0.5042646953125 0.8616556640624999 0.662257021484375 0.334803 0.60515366796875 0.3065264973958333 0.447755373046875 0.8367519791666668
0 0.5081327421875 0.8647927265625 0.563200318359375 0.8915166718749999 0.7268695859375 0.36698010416666665 0.666428767578125 0.3368275234375 0.5081327421875 0.8647927265625
0 0.742341748046875 0.4291062421875 0.715642396484375 0.41614921614583333 0.568510203125 0.8928336015624999 0.594071529296875 0.9064982734374999 0.742341748046875 0.4291062421875
0 0.5974089453125 0.9081179010416666 0.62160531640625 0.9198602447916667 0.775077560546875 0.4416441119791667 0.745148548828125 0.4292083958333333 0.5974089453125 0.9081179010416666
0 0.860683837890625 0.42479842447916666 0.800383173828125 0.39301494531250003 0.627142109375 0.9238072213541666 0.684022701171875 0.950329375 0.860683837890625 0.42479842447916666
0 0.930693056640625 0.4625533515625 0.8701654765625 0.42813983854166665 0.6878232890625 0.950735484375 0.748927509765625 0.97905596875 0.930693056640625 0.4625533515625
0 0.815961275390625 1 0.999110423828125 0.4957558645833333 0.940174697265625 0.46589476562500004 0.757909306640625 0.9847477838541666 0.792625236328125 1 0.815961275390625 1