0 0.668285728515625 0.9085760546875 0.66966163671875 0.8933446666666667 0.3181880078125 0.8228055651041667 0.315479951171875 0.8362810364583333 0.668285728515625 0.9085760546875
0 0.325151328125 0.7713860546875 0.3178532890625 0.8202787526041666 0.6767362890625 0.8958721953125001 0.681102140625 0.8783398098958334 0.685004951171875 0.8505343802083334 0.325151328125 0.7713860546875
0 0.33290072265625 0.7202473828125 0.326391263671875 0.7694084427083333 0.686787673828125 0.85004821875 0.69153278515625 0.8180514427083333 0.694270263671875 0.8044295625000001 0.33290072265625 0.7202473828125
0 0.34043954296875 0.670156546875 0.33335709375 0.7179764583333333 0.69747078125 0.8010807265625001 0.702791392578125 0.7704126276041667 0.702595154296875 0.7546195651041666 0.34043954296875 0.670156546875
0 0.349817310546875 0.6151073671875 0.34153025 0.6647291171874999 0.7008686640625 0.7506335468750001 0.706133044921875 0.7244376276041667 0.70898298046875 0.7018713828125 0.349817310546875 0.6151073671875
0 0.358198431640625 0.5608251822916667 0.34970340625 0.6114817760416666 0.7111868515625 0.6992895468749999 0.71871133203125 0.6660396067708333 0.722136763671875 0.6448020364583333 0.358198431640625 0.5608251822916667
0 0.362424275390625 0.5230275494791666 0.35756818359375 0.5513841848958333 0.723708908203125 0.6453637109375 0.732819875 0.595834546875 0.3660040546875 0.5052143255208333 0.362424275390625 0.5230275494791666
0 0.746436697265625 0.5490382421875 0.372602455078125 0.45141830729166665 0.368966447265625 0.4737037135416667 0.364744638671875 0.49890410416666664 0.739529603515625 0.5959855677083333 0.74395168359375 0.5739809973958333 0.746436697265625 0.5490382421875
0 0.749005490234375 0.5488329140625 0.75721792578125 0.50796728125 0.380927345703125 0.4016083072916667 0.37333905078125 0.4435605703125 0.749005490234375 0.5488329140625
0 0.756277505859375 0.5042620989583334 0.76213172265625 0.46255395833333335 0.388620513671875 0.3549418177083334 0.382241841796875 0.39506729166666665 0.756277505859375 0.5042620989583334
0 0.76968375390625 0.4585136302083333 0.775327396484375 0.4178533255208334 0.395583833984375 0.30352230989583334 0.3885757890625 0.3467795989583333 0.76968375390625 0.4585136302083333
0 0.7786966015625 0.4010879375 0.7805642265625 0.362447796875 0.39710087890625 0.24566476041666666 0.390671166015625 0.2860442317708333 0.7786966015625 0.4010879375
0 0.782192599609375 0.3585372864583333 0.786362216796875 0.32521183854166663 0.438482703125 0.22001861458333336 0.43400678125 0.25067587239583333 0.782192599609375 0.3585372864583333
0 0.79941675390625 0.32313736458333336 0.804218095703125 0.28666840625 0.44686382421875 0.16573643229166665 0.439919474609375 0.2044843723958333 0.79941675390625 0.32313736458333336
0 0.810562904296875 0.28444291666666666 0.8186209921875 0.2401529375 0.42222990234375 0.09965911197916666 0.41323837890625 0.1444015390625 0.810562904296875 0.28444291666666666
0 0.82323930859375 0.2339414296875 0.833136345703125 0.1846931015625 0.428309033203125 0.040062234375 0.422254044921875 0.0869618125 0.82323930859375 0.2339414296875