0 0.26656130859375 0.07770805989583333 0.261800142578125 0.1294101796875 0.71589018359375 0.18228075520833334 0.72230544921875 0.13150601041666668 0.26656130859375 0.07770805989583333
0 0.71123723046875 0.2328077890625 0.71490061328125 0.18331146875 0.261908353515625 0.12823509375 0.257363603515625 0.17758712499999998 0.71123723046875 0.2328077890625
0 0.25175077734375 0.18024655208333332 0.2487366171875 0.2226925234375 0.66945855859375 0.27844967187499997 0.67357046875 0.23379789843749998 0.25175077734375 0.18024655208333332
0 0.251056119140625 0.22665057552083334 0.24934045703125 0.25499600781250004 0.70542537890625 0.31534972916666665 0.709843439453125 0.28820109374999997 0.251056119140625 0.22665057552083334
0 0.703276923828125 0.34839542968750004 0.705982134765625 0.3190191953125 0.2481344921875 0.25837689583333334 0.24508190234375 0.29213727083333335 0.703276923828125 0.34839542968750004
0 0.244223265625 0.29113392708333335 0.2407606015625 0.3287354322916667 0.70008437109375 0.3941760729166666 0.703941873046875 0.35088980729166663 0.244223265625 0.29113392708333335
0 0.694063498046875 0.43872984375 0.698067212890625 0.3952529947916667 0.24142558203125 0.3312298177083333 0.23851962890625 0.37250078125 0.694063498046875 0.43872984375
0 0.234453119140625 0.37779888020833335 0.2336031796875 0.39674397135416667 0.693553875 0.4636944036458333 0.69571804296875 0.44019343489583335 0.234453119140625 0.37779888020833335
0 0.23239715625 0.4001248463541667 0.22839345703125 0.4436015338541666 0.687315619140625 0.5114650833333333 0.6915747109375 0.4657559088541667 0.23239715625 0.4001248463541667
0 0.68486579296875 0.5386089114583333 0.687138171875 0.5139328567708333 0.228950224609375 0.44727100520833335 0.226719537109375 0.4701680390625 0.68486579296875 0.5386089114583333
0 0.226677845703125 0.4719470598958333 0.2236636796875 0.5143931067708333 0.678882931640625 0.584147265625 0.68178886328125 0.5428762161458334 0.226677845703125 0.4719470598958333
0 0.22047857421875 0.519835421875 0.218469681640625 0.57079540625 0.621134447265625 0.6318165572916666 0.627330705078125 0.5804785442708333 0.22047857421875 0.519835421875
0 0.614731439453125 0.6881500885416667 0.618719427734375 0.6351285130208334 0.219242873046875 0.5721147083333333 0.21607708203125 0.6284728671875001 0.614731439453125 0.6881500885416667
0 0.21449737890625 0.63336146875 0.210617609375 0.6852078828125 0.61018525 0.7507153151041667 0.613525416015625 0.69153096875 0.21449737890625 0.63336146875
0 0.606338287109375 0.8084379036458333 0.60966134765625 0.7529220312499999 0.208762330078125 0.6956391067708334 0.208766990234375 0.7505911171875 0.606338287109375 0.8084379036458333
0 0.19500248046875 0.7673377812500001 0.19268470703125 0.8313674296875 0.61495295703125 0.889763328125 0.6209044140625 0.8251356796875 0.19500248046875 0.7673377812500001
0 0.60594026953125 0.9682029322916667 0.608923 0.9066675833333333 0.17784105859375 0.8468287708333334 0.17644326171875 0.9092820286458334 0.60594026953125 0.9682029322916667
0 0.6349380078125 1 0.635050478515625 0.9935449088541667 0.165411111328125 0.923516203125 0.1662369765625 0.9491136510416666 0.47706401953125 1 0.6349380078125 1