0 0.7238261796875 0.9484905885416667 0.72394464453125 0.8995664140624999 0.229938765625 0.8926555807291666 0.225198453125 0.9519315338541667 0.7238261796875 0.9484905885416667
0 0.234683869140625 0.8332882786458334 0.2309258046875 0.8427249375 0.229580978515625 0.8839226302083333 0.230114634765625 0.8893021901041666 0.72498348046875 0.8953134713541666 0.725045193359375 0.8474714531249999 0.234683869140625 0.8332882786458334
0 0.239480767578125 0.8195986796875 0.240600017578125 0.8293675364583333 0.723063763671875 0.8385871171875 0.7244875703125 0.7647733098958334 0.242886001953125 0.7546692057291667 0.239480767578125 0.8195986796875
0 0.249407740234375 0.6769809114583333 0.24651825 0.6854111041666666 0.243532517578125 0.7112315104166668 0.24223478515625 0.7359761119791667 0.742915142578125 0.7556169270833334 0.73937178515625 0.6987391901041667 0.249407740234375 0.6769809114583333
0 0.254789443359375 0.6676956354166667 0.25521239453125 0.6751861041666666 0.728687357421875 0.6846936276041666 0.725973087890625 0.6431174869791666 0.256889337890625 0.6276557942708333 0.254789443359375 0.6676956354166667
0 0.72911181640625 0.598824703125 0.726999615234375 0.57687878125 0.25967027734375 0.5746300572916666 0.260168275390625 0.5962446770833333 0.72911181640625 0.598824703125
0 0.72907728515625 0.5683729010416666 0.723251466796875 0.49279571875 0.264494357421875 0.482646640625 0.25989729296875 0.5703014270833333 0.72907728515625 0.5683729010416666
0 0.73146590625 0.47616240885416666 0.730165525390625 0.45429217968749996 0.266537498046875 0.4436889557291666 0.266055076171875 0.4684426875 0.73146590625 0.47616240885416666
0 0.270907546875 0.36036279947916666 0.266821267578125 0.4382781640625 0.730335787109375 0.45104570572916663 0.723925166015625 0.371064203125 0.275136908203125 0.3574947760416667 0.270907546875 0.36036279947916666
0 0.7301186875 0.3618546145833333 0.7277844296875 0.2974774661458333 0.2704066796875 0.2765825 0.268410755859375 0.34575006510416667 0.7301186875 0.3618546145833333
0 0.735828607421875 0.2840906302083333 0.731757201171875 0.22172641666666668 0.27320984375 0.19202280208333333 0.270573501953125 0.25784646614583334 0.735828607421875 0.2840906302083333
0 0.738819298828125 0.21151036197916664 0.7372006171875 0.16459911979166666 0.2690249296875 0.13182290364583335 0.266769671875 0.17482516145833335 0.738819298828125 0.21151036197916664
0 0.744830251953125 0.14356148697916668 0.743041310546875 0.09989671875 0.267314962890625 0.05554201822916666 0.2647768515625 0.10393762239583333 0.744830251953125 0.14356148697916668
0 0.74164468359375 0.09541670833333334 0.741536134765625 0.05082116145833334 0.27230434765625 0.007071984375 0.269052109375 0.05352908072916667 0.74164468359375 0.09541670833333334
0 0.39074064453125 0 0.743897576171875 0.03690448958333333 0.74597524609375 0.028398609374999998 0.74553608984375 0.021671791666666666 0.513095287109375 0 0.39074064453125 0