0 0.19206486328125 0.08572855729166667 0.14722272265625 0.0628461875 0.05311348828125 0.6737676848958333 0.07619171484375 0.6843629791666667 0.096483361328125 0.6890885781249999 0.19206486328125 0.08572855729166667
0 0.247717552734375 0.11013130729166666 0.20082032421875 0.08860062760416666 0.1026375546875 0.6919139921875 0.144998775390625 0.7044766223958333 0.245068072265625 0.12039084114583333 0.247717552734375 0.11013130729166666
0 0.14860576953125 0.703837421875 0.199352294921875 0.7305781041666667 0.3053619765625 0.14348161458333333 0.247946498046875 0.11941715104166667 0.14860576953125 0.703837421875
0 0.21325037109375 0.7300732083333333 0.268398734375 0.7530968307291667 0.380511470703125 0.1756878255208333 0.320806103515625 0.15057206770833334 0.21325037109375 0.7300732083333333
0 0.275296630859375 0.7597064557291667 0.331530357421875 0.7751952265625 0.453857466796875 0.20821363541666668 0.39186183203125 0.18204640625000001 0.275296630859375 0.7597064557291667
0 0.3343425078125 0.7776338880208334 0.3779517578125 0.7953598619791666 0.509484587890625 0.23604742447916668 0.462652609375 0.21454670052083333 0.3343425078125 0.7776338880208334
0 0.381293802734375 0.7957466145833334 0.424159349609375 0.8096883776041667 0.562829455078125 0.2593906484375 0.513330958984375 0.2378133072916667 0.381293802734375 0.7957466145833334
0 0.42898880078125 0.8176435546874999 0.524429943359375 0.8545753645833334 0.675220197265625 0.30066130208333336 0.570958361328125 0.2550895130208333 0.42898880078125 0.8176435546874999
0 0.71190598046875 0.31520868750000003 0.69001124609375 0.3040091484375 0.5307979453125 0.8632368958333334 0.55671388671875 0.8728398125 0.580586958984375 0.8803572473958333 0.611887822265625 0.8924323958333332 0.623187556640625 0.8953249609374999 0.786525578125 0.3494668046875 0.761908802734375 0.3381651588541667 0.738061302734375 0.3272166875 0.71190598046875 0.31520868750000003
0 0.8313572890625 0.3757871614583333 0.7951122421875 0.36029452343749996 0.62599970703125 0.8977636223958334 0.63597469921875 0.9057859505208333 0.66215559375 0.9143629140625 0.8313572890625 0.3757871614583333
0 0.6690534921875 0.9209725390625 0.69549933203125 0.9285235494791667 0.864991544921875 0.3854908046875 0.838253041015625 0.37321506249999997 0.6690534921875 0.9209725390625
0 0.697832724609375 0.9261520416666666 0.7227144453125 0.936427734375 0.890881919921875 0.39852475781249996 0.86722776171875 0.38766505208333335 0.697832724609375 0.9261520416666666
0 0.725791544921875 0.9378404401041666 0.754280259765625 0.9474769348958333 0.9211485625 0.4112726848958333 0.89415903515625 0.4000292916666666 0.725791544921875 0.9378404401041666
0 0.79452189453125 0.9682471927083333 0.961971234375 0.42312896614583334 0.937328890625 0.4152583541666666 0.93292261328125 0.4132354166666667 0.761682482421875 0.9554656874999999 0.775025091796875 0.960443734375 0.79452189453125 0.9682471927083333
0 1 0.4405881067708333 0.991972927734375 0.4369028489583333 0.973225119140625 0.4271480729166666 0.804761837890625 0.9752435703125001 0.813223853515625 0.9791285104166666 0.834284775390625 0.9842072864583334 1 0.4589164140625 1 0.4405881067708333