0 0.249446654296875 0.9353819609374999 0.263499740234375 0.927100390625 0.0871584921875 0.5309419270833333 0.071063798828125 0.5383537682291667 0.249446654296875 0.9353819609374999
0 0.103902626953125 0.5232653463541667 0.088979494140625 0.5301996119791667 0.264845265625 0.9274028854166666 0.272609701171875 0.9250887708333333 0.27907680078125 0.9198995572916666 0.103902626953125 0.5232653463541667
0 0.1214569375 0.51355653125 0.105727826171875 0.5225213203125 0.2808274140625 0.9191859375 0.2893538359375 0.9174121901041666 0.295820935546875 0.9122229765625001 0.1214569375 0.51355653125
0 0.313230677734375 0.9102319713541666 0.139725044921875 0.5069606901041667 0.134164498046875 0.5049724661458334 0.12396953515625 0.51338328125 0.29805870703125 0.9164166874999999 0.305466244140625 0.9125460859375 0.313230677734375 0.9102319713541666
0 0.156387107421875 0.49336066406249995 0.141928935546875 0.5026583489583333 0.315564826171875 0.9092804765625 0.323329263671875 0.906966359375 0.328629287109375 0.9022528958333332 0.156387107421875 0.49336066406249995
0 0.175335130859375 0.4813817421875 0.162270669921875 0.48840932291666667 0.331513091796875 0.8925674765624999 0.338693990234375 0.8904912369791668 0.34323202734375 0.8852374010416666 0.175335130859375 0.4813817421875
0 0.1944811796875 0.489745765625 0.197364986328125 0.4800603489583333 0.192710990234375 0.47089468749999996 0.182480181640625 0.47591616927083336 0.34485237890625 0.8811729348958334 0.352081466796875 0.8765240911458334 0.1944811796875 0.489745765625
0 0.361341265625 0.897428015625 0.37826384765625 0.8905296796875 0.212619029296875 0.47979907812499994 0.195161302734375 0.48946852083333336 0.361341265625 0.897428015625
0 0.245206015625 0.5022567083333334 0.24745809375 0.49538176562499997 0.2343544765625 0.4632799453125 0.219642501953125 0.4709791197916667 0.378017630859375 0.8727593385416667 0.388699755859375 0.8692558541666666 0.245206015625 0.5022567083333334
0 0.266034912109375 0.49291501041666663 0.246302224609375 0.5009588619791666 0.391472875 0.8757842916666667 0.400177748046875 0.8747887890625 0.408752359375 0.8704424401041666 0.266034912109375 0.49291501041666663
0 0.4139364296875 0.8513094791666668 0.4225110390625 0.8469631302083332 0.30433228515625 0.5402764088541666 0.2960526796875 0.5453534869791666 0.4139364296875 0.8513094791666668
0 0.438464576171875 0.8608834817708333 0.458531486328125 0.8510014166666666 0.2842247109375 0.4080603671875 0.263868546875 0.4189113307291667 0.438464576171875 0.8608834817708333
0 0.48124125390625 0.8442969453125001 0.50642973828125 0.828923171875 0.354100865234375 0.45956868489583336 0.326657021484375 0.4784147916666666 0.48124125390625 0.8442969453125001
0 0.3883940390625 0.4115499375 0.35804205859375 0.4315815234375 0.51812909765625 0.8020283958333333 0.54659216796875 0.7870217395833333 0.39116716015625 0.4180783776041667 0.3883940390625 0.4115499375
0 0.549056578125 0.7894210885416667 0.577293009765625 0.7762087916666666 0.420536783203125 0.39589428125 0.39252763671875 0.4149708307291667 0.549056578125 0.7894210885416667
0 0.5828053671875 0.7807696171875 0.605027978515625 0.7691578151041667 0.449761841796875 0.3814279947916666 0.425488951171875 0.39727952083333334 0.5828053671875 0.7807696171875
0 0.6079456640625 0.7679684479166666 0.62998982421875 0.7555784010416667 0.477868013671875 0.3648648515625 0.454948171875 0.3810158072916667 0.6079456640625 0.7679684479166666
0 0.633346482421875 0.7618689635416667 0.662523349609375 0.7499752812499999 0.52142625390625 0.36838338541666665 0.489949119140625 0.38972461458333335 0.633346482421875 0.7618689635416667
0 0.669042283203125 0.7558277578125 0.69920777734375 0.7426800807291666 0.560816037109375 0.35062452604166666 0.528510681640625 0.3706013984375 0.669042283203125 0.7558277578125
0 0.70674557421875 0.7421603255208334 0.7117225859375 0.7443864244791666 0.719843919921875 0.7436287942708333 0.72760835546875 0.7413146770833333 0.739505740234375 0.73476284375 0.74889052734375 0.7283842630208334 0.625419271484375 0.2817402994791667 0.575038005859375 0.30908565364583335 0.70674557421875 0.7421603255208334
0 0.66527826171875 0.26634313020833333 0.65086827734375 0.2730682161458333 0.633908115234375 0.2791308854166667 0.75445107421875 0.7303724869791667 0.760595158203125 0.7321228385416667 0.77028865625 0.72987334375 0.77769619140625 0.7260027421875 0.786449251953125 0.7224346380208333 0.79268971484375 0.7190397838541666 0.796870853515625 0.7122294635416666 0.683237658203125 0.25561820052083334 0.66527826171875 0.26634313020833333
0 0.731740537109375 0.35583548697916667 0.72177221484375 0.3624519427083333 0.8056239140625 0.7086613593750001 0.809303587890625 0.7080123593750001 0.822903396484375 0.7033195078125 0.827668072265625 0.6962713125 0.829563251953125 0.6878398854166666 0.7526658125 0.3413485859375 0.7501050234375 0.3440944401041666 0.743816373046875 0.3500618958333333 0.731740537109375 0.35583548697916667
0 0.763430005859375 0.3437685494791667 0.839290630859375 0.6940864401041668 0.8465536015625 0.6979336458333334 0.854674935546875 0.6971760156250001 0.863119287109375 0.6894788229166666 0.867883962890625 0.6824306302083333 0.79369187890625 0.3254756692708333 0.786057701171875 0.33114063020833334 0.776267828125 0.33853532812500003 0.763430005859375 0.3437685494791667
0 0.816531908203125 0.32212204166666664 0.800417234375 0.32613808333333333 0.873705033203125 0.6911205442708334 0.87837333203125 0.6892175546875 0.88595931640625 0.6861251953125 0.893950388671875 0.6820167213541667 0.900417490234375 0.6768275078125 0.904777078125 0.6707954296874999 0.834874927734375 0.30789137239583336 0.828429291015625 0.3155702083333333 0.816531908203125 0.32212204166666664
0 0.914461751953125 0.6711024921875 0.9212375625 0.6700423671875 0.933086759765625 0.6660631354166667 0.940769123046875 0.6578255729166667 0.874534228515625 0.28826608854166663 0.843074361328125 0.3061963359375 0.91024673046875 0.6694167630208333 0.914461751953125 0.6711024921875
0 0.9581306796875 0.6584071692708333 0.972492474609375 0.6542546848958334 0.913679421875 0.2697559479166667 0.910356646484375 0.2719614348958333 0.898280810546875 0.2777350234375 0.885196138671875 0.283919859375 0.945162595703125 0.6602895442708333 0.9581306796875 0.6584071692708333