0 0.29416675390625 0 0.293624140625 0.005892315104166667 0.29233515234375 0.01988960416666667 0.29337021875 0.035360315104166665 0.843952611328125 0.12873449739583334 0.85273003515625 0.06903348958333333 0.450535119140625 0 0.29416675390625 0
0 0.295841072265625 0.06195028385416667 0.294552083984375 0.07594757291666666 0.735576009765625 0.1481488125 0.73676584375 0.13522823958333333 0.295841072265625 0.06195028385416667
0 0.298324765625 0.1596291875 0.29683747265625 0.17577990364583332 0.295746791015625 0.1876237630208333 0.293253455078125 0.205795671875 0.29156785546875 0.22409981770833332 0.291299421875 0.2448218671875 0.28951466796875 0.2642027265625 0.289642845703125 0.2806179140625 0.7621829921875 0.3667223385416667 0.7661080078125 0.35971428385416665 0.767694455078125 0.34248685156249997 0.7715904453125 0.3179868932291667 0.77367265625 0.2953758880208333 0.77496164453125 0.2813786015625 0.77704385546875 0.25876759895833334 0.7799338046875 0.23628883072916665 0.782115169921875 0.21260111197916667 0.784806810546875 0.19227577604166668 0.784471244140625 0.1781126484375 0.312053845703125 0.09957883072916666 0.30852544140625 0.10228002604166668 0.30509619140625 0.10390451041666666 0.30389184375 0.10807913020833333 0.30199342578125 0.11979075260416666 0.301299353515625 0.12732775260416665 0.300010365234375 0.14132504166666668 0.299117990234375 0.15101547135416668 0.298324765625 0.1596291875
0 0.75978880859375 0.38381753385416667 0.760157400390625 0.3709114244791667 0.27894397265625 0.2810522682291667 0.275514720703125 0.28267675 0.27503346875 0.2968062734375 0.27354617578125 0.31295698958333334 0.274878701171875 0.3251975598958333 0.755694513671875 0.410470921875 0.75770659765625 0.4064285364583333 0.758797279296875 0.3945846770833333 0.75978880859375 0.38381753385416667
0 0.7160187265625 0.46736641927083333 0.72005484375 0.41463415885416666 0.71845401171875 0.4142107005208333 0.28015075390625 0.33917602864583335 0.27639745703125 0.3888371302083333 0.7160187265625 0.46736641927083333
0 0.72853381640625 0.5273414921875 0.733574720703125 0.47260165885416666 0.7271287265625 0.47137116145833335 0.2539936640625 0.3917270260416667 0.249234322265625 0.4434093203125 0.72853381640625 0.5273414921875
0 0.254520888671875 0.4661337395833333 0.250286337890625 0.5299243671875 0.783421205078125 0.6346924921875 0.786311154296875 0.6122137265625 0.790717421875 0.5910761458333333 0.793079328125 0.5654279010416666 0.778756146484375 0.5607013098958333 0.254520888671875 0.4661337395833333
0 0.250711974609375 0.5431094114583334 0.246250091796875 0.5915615625 0.246477423828125 0.6069000390625 0.769409181640625 0.7067189453124999 0.77282391796875 0.6963485104166667 0.776323298828125 0.6761554088541667 0.77871748046875 0.6590602161458333 0.77876809765625 0.6407034557291666 0.250711974609375 0.5431094114583334
0 0.240017970703125 0.6681405260416667 0.756884451171875 0.7625946822916667 0.7601008828125 0.7543776744791666 0.762098453125 0.7415893385416666 0.762579705078125 0.7274598151041666 0.76374830859375 0.7147697942708334 0.243672115234375 0.6195561380208333 0.240017970703125 0.6681405260416667
0 0.258595900390625 0.6711819713541667 0.25781719140625 0.6885416380208333 0.64473730859375 0.76062896875 0.64630144140625 0.74364384375 0.258595900390625 0.6711819713541667
0 0.2684169140625 0.689184 0.266844978515625 0.7151573854166666 0.634280275390625 0.78514775 0.63633970703125 0.762784125 0.2684169140625 0.689184
0 0.667090943359375 0.8028014739583332 0.263940517578125 0.7288901979166668 0.259009462890625 0.7379194453125 0.256402458984375 0.7484221171875 0.258032443359375 0.7574325442708334 0.259860734375 0.7642895390625001 0.66163207421875 0.8442729401041666 0.6650468125 0.8339025078125001 0.666633259765625 0.8166750755208333 0.667090943359375 0.8028014739583332
0 0.62131783203125 0.8813908697916667 0.625769626953125 0.8419518072916666 0.62760800390625 0.8397957161458334 0.26127790234375 0.7667074427083334 0.25731178515625 0.8097760208333334 0.62131783203125 0.8813908697916667
0 0.257623755859375 0.815291828125 0.25456452734375 0.8574159296875 0.613426697265625 0.9314675 0.616643130859375 0.9232504947916667 0.618031271484375 0.9081764921875001 0.61949280859375 0.8923054635416667 0.620524607421875 0.8900045833333333 0.257623755859375 0.815291828125