0 0.050780046875 0.114373921875 0.049263384765625 0.120909171875 0.047925296875 0.12930278125 0.05685376171875 0.6172152447916667 0.07943479296875 0.6236149062499999 0.0750420078125 0.11804827083333334 0.050780046875 0.114373921875
0 0.107971177734375 0.12574064062499998 0.078941376953125 0.11993420833333333 0.08185569140625 0.6255114791666666 0.107391734375 0.6290685546875 0.107971177734375 0.12574064062499998
0 0.1077261015625 0.6340537708333334 0.13172951953125 0.6372252994791666 0.137537533203125 0.13309770572916665 0.1077865546875 0.12689875 0.1077261015625 0.6340537708333334
0 0.163378365234375 0.1995443828125 0.135716314453125 0.19654648177083334 0.13409578125 0.6451585026041667 0.160072025390625 0.6493233020833333 0.163378365234375 0.1995443828125
0 0.179811716796875 0.6544834635416666 0.210263904296875 0.6570617656250001 0.203602486328125 0.1806833880208333 0.168556970703125 0.17649937239583333 0.179811716796875 0.6544834635416666
0 0.23376082421875 0.19649315364583333 0.2376040703125 0.1951614609375 0.2377990234375 0.18680496875 0.2021801484375 0.18391158072916666 0.2103938828125 0.661940328125 0.243082365234375 0.6675731953125 0.23376082421875 0.19649315364583333
0 0.265977990234375 0.6776933489583333 0.276269998046875 0.67576846875 0.27484965234375 0.19863661458333334 0.250631583984375 0.1988535729166667 0.2363662890625 0.19723156510416665 0.244764712890625 0.6741021822916666 0.265977990234375 0.6776933489583333
0 0.2777677890625 0.6834555442708333 0.313615599609375 0.6863525390624999 0.318853208984375 0.203662984375 0.27500425390625 0.19970884635416666 0.2777677890625 0.6834555442708333
0 0.315297958984375 0.6928814505208334 0.350776521484375 0.6980946640625 0.3605335234375 0.21227079166666665 0.31811471875 0.2082954140625 0.315297958984375 0.6928814505208334
0 0.367093404296875 0.7039294817708334 0.40344049609375 0.7093888411458332 0.40979900390625 0.22889540364583336 0.395725986328125 0.23392244010416666 0.37680357421875 0.22734923177083333 0.36290753125 0.22341097395833334 0.367093404296875 0.7039294817708334
0 0.430624068359375 0.7267763515625 0.460392357421875 0.7279503567708333 0.449036810546875 0.18943118229166667 0.408321900390625 0.18907484375000003 0.430624068359375 0.7267763515625
0 0.46370253515625 0.7470449973958333 0.495761634765625 0.74523690625 0.49187874609375 0.19624827083333332 0.452485458984375 0.19674943749999999 0.46370253515625 0.7470449973958333
0 0.4999196015625 0.7476257005208334 0.527266978515625 0.7469032083333333 0.526391283203125 0.28547934375 0.49433206640625 0.28728740104166667 0.4999196015625 0.7476257005208334
0 0.53266254296875 0.747221890625 0.558457609375 0.7448489869791667 0.556174171875 0.28768465364583334 0.528812072265625 0.28737584635416663 0.53266254296875 0.747221890625
0 0.56058460546875 0.7599769713541668 0.587747484375 0.7604125807291666 0.590562173828125 0.29743051302083334 0.561815205078125 0.29672922395833334 0.56058460546875 0.7599769713541668
0 0.590222912109375 0.7562724140625 0.6170164296875 0.7590242057291667 0.62173840234375 0.30227261197916666 0.591898095703125 0.3016236848958333 0.590222912109375 0.7562724140625
0 0.616852611328125 0.7771342864583333 0.6528303984375 0.7849098463541666 0.669453267578125 0.2785225859375 0.624675001953125 0.278231203125 0.616852611328125 0.7771342864583333
0 0.6553812890625 0.7916849036458333 0.67225216015625 0.7940453932291667 0.699628025390625 0.24580802604166666 0.6800121328125 0.24428641145833332 0.6553812890625 0.7916849036458333
0 0.7282035 0.24947120572916667 0.71009502734375 0.24918085416666666 0.675302259765625 0.8033828802083334 0.69343215625 0.8044757473958333 0.7282035 0.24947120572916667
0 0.729942509765625 0.807974484375 0.773235580078125 0.25739196875 0.736535587890625 0.2522744322916667 0.69564701171875 0.8067278984375 0.729942509765625 0.807974484375
0 0.73472966796875 0.8178042630208333 0.7672879921875 0.8185585208333334 0.822425625 0.2677015442708333 0.786207146484375 0.26635178645833335 0.73472966796875 0.8178042630208333
0 0.769155029296875 0.8239293776041667 0.80326578125 0.8263340781249999 0.869228388671875 0.27790017968749997 0.830187439453125 0.27595348697916666 0.769155029296875 0.8239293776041667
0 0.80358049609375 0.8300546041666667 0.833478763671875 0.8361071744791667 0.910972033203125 0.2790813125 0.87545879296875 0.27667943229166664 0.80358049609375 0.8300546041666667
0 0.9526800703125 0.28767069791666666 0.919068419921875 0.28782835156250003 0.837267365234375 0.8408121458333334 0.867545619140625 0.8458339895833333 0.9526800703125 0.28767069791666666
0 0.86698112109375 0.8480228958333332 0.89880095703125 0.8534095833333333 0.9957904765625 0.2962572682291667 0.9627328125 0.29294061458333337 0.86698112109375 0.8480228958333332