0 0.0176008125 0.6065323489583333 0.032923876953125 0.6139133046874999 0.05183500390625 0.6204876041666666 0.06733175 0.6234007682291667 0.194104703125 0.0816576171875 0.1782415234375 0.07292183854166666 0.160346375 0.06562704427083334 0.146439576171875 0.0599580625 0.0176008125 0.6065323489583333
0 0.205537517578125 0.08745274479166666 0.197281154296875 0.0863564140625 0.071935798828125 0.6218736223958333 0.075112248046875 0.6265724166666666 0.094563494140625 0.6345015416666667 0.113474623046875 0.64107584375 0.121493052734375 0.6432098359375 0.244202076171875 0.10434865104166667 0.234325361328125 0.09918784895833332 0.218224248046875 0.09148972916666666 0.205537517578125 0.08745274479166666
0 0.127241587890625 0.6478224687499999 0.17541642578125 0.6640565598958333 0.281926951171875 0.18099785416666667 0.238956365234375 0.16121198958333333 0.127241587890625 0.6478224687499999
0 0.22043388671875 0.6903500546875 0.231976130859375 0.6882472578125 0.34540577734375 0.18985469791666665 0.288441681640625 0.1643645078125 0.175480677734375 0.6674866953124999 0.17919724609375 0.6735403125 0.22043388671875 0.6903500546875
0 0.235628447265625 0.6908707395833332 0.27818325390625 0.7093524661458334 0.39301439453125 0.230820234375 0.349833666015625 0.21208335416666668 0.235628447265625 0.6908707395833332
0 0.603121626953125 0.31306459375 0.529206890625 0.28293392447916665 0.52026883984375 0.281559703125 0.41599610546875 0.7655306223958332 0.42569913671875 0.7751592187499999 0.436656087890625 0.7830296640625 0.455329283203125 0.7906416223958334 0.4703501640625 0.7956300989583333 0.485306791015625 0.7971884375 0.4948170703125 0.7965266249999999 0.607680498046875 0.32286551041666667 0.603121626953125 0.31306459375
0 0.68278489453125 0.3478078958333333 0.664587564453125 0.33812062239583335 0.646152298828125 0.3294710078125 0.621254705078125 0.3193217291666667 0.611561181640625 0.317639546875 0.495055001953125 0.79548896875 0.500327669921875 0.8021769166666667 0.51284071875 0.8106816927083332 0.525051583984375 0.8167939869791666 0.54348684765625 0.8254436015625001 0.560063826171875 0.8310664088541667 0.57190825390625 0.8313560911458334 0.686675142578125 0.3493937213541667 0.68278489453125 0.3478078958333333
0 0.5879451171875 0.8356240729166666 0.60204128125 0.8447741927083333 0.612393861328125 0.8478596796875001 0.622481494140625 0.8519718125 0.74334427734375 0.36568648958333333 0.694942205078125 0.3436865286458333 0.57705241796875 0.8311837656250001 0.5879451171875 0.8356240729166666
0 0.640248134765625 0.8524063333333333 0.654793150390625 0.8594701223958333 0.767244962890625 0.3913144583333333 0.7529378828125 0.3832130130208333 0.640248134765625 0.8524063333333333
0 0.625465189453125 0.8463802005208333 0.637373869140625 0.8501000156249999 0.750667984375 0.3856916536458333 0.741483130859375 0.38194753125 0.625465189453125 0.8463802005208333
0 0.795243625 0.3732270078125 0.786685076171875 0.36973819270833336 0.778799091796875 0.36765819270833333 0.66134675 0.8644109348958334 0.665539181640625 0.8683892369791667 0.679544080078125 0.8740982083333333 0.686244345703125 0.8745602135416667 0.69504082421875 0.8770113697916666 0.81756913671875 0.38346244791666667 0.8110425546875 0.3785326484375 0.80404010546875 0.3756781640625 0.795243625 0.3732270078125
0 0.848060658203125 0.4174503541666667 0.837643826171875 0.41093473177083334 0.829625396484375 0.40880073958333335 0.822622947265625 0.40594625520833333 0.817081724609375 0.40482207291666666 0.7049175390625 0.8821721718750001 0.712222173828125 0.8874191354166667 0.72598913671875 0.8941657630208333 0.737421953125 0.8999608906250001 0.748790515625 0.9023258880208332 0.87146640625 0.43039543750000003 0.868830072265625 0.42705146614583334 0.859731408203125 0.42220782812499996 0.848060658203125 0.4174503541666667
0 0.75985689453125 0.9022984036458334 0.8210848984375 0.9283920911458333 0.93701534765625 0.467327703125 0.880550658203125 0.4397717942708333 0.75985689453125 0.9022984036458334