0 0.105910267578125 0.7872773333333334 0.146675841796875 0.7908441562499999 0.19890568359375 0.212191671875 0.1619104453125 0.20549911197916668 0.105910267578125 0.7872773333333334
0 0.14844488671875 0.7910505182291666 0.194517591796875 0.7952365104166667 0.244690416015625 0.28794269270833334 0.19795502734375 0.2810141666666667 0.14844488671875 0.7910505182291666
0 0.28771225 0.29861550260416664 0.246371759765625 0.2902275598958333 0.197171189453125 0.7955460546875001 0.241399234375 0.801232203125 0.28771225 0.29861550260416664
0 0.242049830078125 0.8043467682291667 0.269392740234375 0.8087248229166667 0.335233259765625 0.23997956510416665 0.306276091796875 0.23303615625 0.242049830078125 0.8043467682291667
0 0.271968884765625 0.810213875 0.2993891875 0.8134124973958333 0.377909072265625 0.24466528645833333 0.351464306640625 0.23711890885416667 0.271968884765625 0.810213875
0 0.395712802734375 0.28268978385416665 0.3879068515625 0.279402203125 0.309085740234375 0.8014700442708333 0.31866073828125 0.8049639869791667 0.395712802734375 0.28268978385416665
0 0.4230557109375 0.28706788020833335 0.3975592421875 0.281716671875 0.321391732421875 0.8040940182291667 0.347694828125 0.8097105781249999 0.4230557109375 0.28706788020833335
0 0.3514656328125 0.8076021848958334 0.363848955078125 0.80904671875 0.440706615234375 0.28858831510416666 0.431978333984375 0.2869202135416667 0.3514656328125 0.8076021848958334
0 0.46624263671875 0.2944827473958333 0.444284322265625 0.2895442317708333 0.36288706640625 0.8101230572916666 0.392360650390625 0.8162279713541666 0.46624263671875 0.2944827473958333
0 0.391766841796875 0.8182459401041666 0.4181478046875 0.8237003255208334 0.500949884765625 0.26686053125000003 0.473639455078125 0.2632558984375 0.391766841796875 0.8182459401041666
0 0.52840260546875 0.27083260937500003 0.50194425 0.2665576953125 0.419916849609375 0.8239066875000001 0.447259755859375 0.8282848255208334 0.52840260546875 0.27083260937500003
0 0.5531693671875 0.27372169010416664 0.53032649609375 0.26868002864583335 0.44910619921875 0.827311671875 0.4745419140625 0.8336568854166666 0.5531693671875 0.27372169010416664
0 0.476449162109375 0.8316898151041667 0.49044674609375 0.83569965625 0.5608654921875 0.32482500520833335 0.550803345703125 0.32336297135416664 0.476449162109375 0.8316898151041667
0 0.573723607421875 0.32722515885416664 0.56407121875 0.3249106901041667 0.492370517578125 0.8335470651041667 0.50664584375 0.837401859375 0.573723607421875 0.32722515885416664
0 0.50940878515625 0.8319690546874999 0.578821890625 0.8471972213541666 0.644493677734375 0.32020273437499996 0.57865478125 0.30640725520833334 0.50940878515625 0.8319690546874999
0 0.719714572265625 0.32999315625 0.65280016015625 0.3174334739583333 0.58651721875 0.8385868671875 0.658409880859375 0.8551053697916666 0.719714572265625 0.32999315625
0 0.763421025390625 0.2887398255208333 0.731578197265625 0.2850253125 0.67435073046875 0.8583408072916666 0.70705219921875 0.8607795729166666 0.763421025390625 0.2887398255208333
0 0.717228087890625 0.8704735338541667 0.7305733515625 0.8708418177083334 0.790686369140625 0.19921686458333332 0.77757328125 0.19531019531250002 0.717228087890625 0.8704735338541667
0 0.73330434765625 0.8699718489583333 0.749148421875 0.8730086276041668 0.80811312109375 0.20204820312500002 0.795108953125 0.199732765625 0.73330434765625 0.8699718489583333
0 0.819997677734375 0.3773465442708333 0.79457872265625 0.3708158359375 0.751304376953125 0.8673175703124999 0.78293421875 0.869631328125 0.819997677734375 0.3773465442708333
0 0.78353429296875 0.8651346848958333 0.80653194921875 0.8678173958333333 0.844547673828125 0.3788298854166667 0.8237680703125 0.3742208177083333 0.78353429296875 0.8651346848958333