0 0.084468466796875 0.7136033932291667 0.132241705078125 0.7200959348958333 0.0990330078125 0.2731444453125 0.04115280078125 0.2609213463541667 0.084468466796875 0.7136033932291667
0 0.1690168046875 0.2591537578125 0.10850571484375 0.24637507031250003 0.13690441796875 0.7186830442708333 0.18613026171875 0.7231470624999999 0.1690168046875 0.2591537578125
0 0.18657051171875 0.7243765390625 0.233927076171875 0.7343772630208334 0.226095521484375 0.2701770104166667 0.169754892578125 0.2605083671875 0.18657051171875 0.7243765390625
0 0.29501465234375 0.310935484375 0.227626654296875 0.29550579947916666 0.2324944296875 0.738869671875 0.289383908203125 0.7528619765625 0.29501465234375 0.310935484375
0 0.29462060546875 0.7531882109375 0.345945251953125 0.7676231666666666 0.36675653125 0.3262479765625 0.299538443359375 0.310692078125 0.29462060546875 0.7531882109375
0 0.455413697265625 0.33042353125 0.378839203125 0.3166500625 0.354671490234375 0.7622734557291667 0.413914326171875 0.7699320182291666 0.455413697265625 0.33042353125
0 0.41647630859375 0.7717291744791667 0.475094611328125 0.7853068411458333 0.529667826171875 0.3448316927083333 0.454675609375 0.329068921875 0.41647630859375 0.7717291744791667
0 0.564340677734375 0.35942034375000004 0.53526178125 0.3544782213541667 0.476935544921875 0.8000805546875 0.503712353515625 0.8047152656250001 0.564340677734375 0.35942034375000004
0 0.50426056640625 0.8046522526041667 0.542526078125 0.8079381796875 0.615066212890625 0.3713312604166667 0.566693794921875 0.36231474999999996 0.50426056640625 0.8046522526041667
0 0.551478216796875 0.815822421875 0.5902039375 0.8228017109375 0.671350279296875 0.3839802864583333 0.61769715234375 0.37188686197916665 0.551478216796875 0.815822421875
0 0.601509193359375 0.8335803567708333 0.6212193359375 0.8341464739583334 0.6274970625 0.8342735026041667 0.731616630859375 0.3815593880208333 0.724366513671875 0.3896182604166667 0.715683810546875 0.40216956249999997 0.702529228515625 0.39939158593749996 0.685128619140625 0.39451820052083336 0.676358974609375 0.39266623437500003 0.677522125 0.36773827343750004 0.594128548828125 0.8200343307291668 0.601509193359375 0.8335803567708333
0 0.79398548828125 0.36356310677083337 0.74750598046875 0.35374759895833335 0.638203083984375 0.842528125 0.6745756875 0.8466130078125 0.79398548828125 0.36356310677083337
0 0.826789970703125 0.4052542369791667 0.788941189453125 0.39846014062499996 0.677944771484375 0.848523265625 0.705148318359375 0.8485726770833333 0.826789970703125 0.4052542369791667
0 0.7115909921875 0.8604236067708334 0.737856693359375 0.8587778645833333 0.870150232421875 0.4167345130208333 0.834543755859375 0.4080904557291667 0.7115909921875 0.8604236067708334
0 0.92976056640625 0.43898691927083333 0.8746502109375 0.426150015625 0.74256291796875 0.8645667552083333 0.785951283203125 0.8701332239583334 0.92976056640625 0.43898691927083333
0 0.98736294921875 0.4535488645833334 0.93460570703125 0.44360636718749996 0.788486779296875 0.8790598802083333 0.832057146484375 0.8872380156249999 0.98736294921875 0.4535488645833334