0 0.346644626953125 0.85415584375 0.36307388671875 0.8450479114583334 0.252145736328125 0.3700489661458333 0.23888470703125 0.37494112500000004 0.346644626953125 0.85415584375
0 0.26614946875 0.3651850546875 0.253195181640625 0.36956716145833335 0.363761875 0.84316675 0.380117216796875 0.8368454635416667 0.26614946875 0.3651850546875
0 0.381374951171875 0.8359152135416666 0.393967912109375 0.8301337421875 0.281640576171875 0.3557771848958333 0.269988162109375 0.3621703463541666 0.381374951171875 0.8359152135416666
0 0.29659641796875 0.35308492708333333 0.284462171875 0.35761230208333333 0.397007259765625 0.8297819010416667 0.407677400390625 0.8225232552083334 0.29659641796875 0.35308492708333333
0 0.410058927734375 0.8227462994791667 0.423810193359375 0.8153895807291667 0.312757955078125 0.34165161197916666 0.2991308046875 0.347747359375 0.410058927734375 0.8227462994791667
0 0.3280788203125 0.33863124739583333 0.3150271484375 0.34566681770833335 0.425450314453125 0.8156800624999999 0.43665212109375 0.8080732682291667 0.3280788203125 0.33863124739583333
0 0.43850194921875 0.8086445442708333 0.452494123046875 0.8022206875000001 0.356783955078125 0.3788187135416667 0.340824255859375 0.384955 0.43850194921875 0.8086445442708333
0 0.3692904453125 0.37397311197916666 0.357638029296875 0.38036627864583333 0.455533455078125 0.8018687864583334 0.47026901171875 0.7949348177083334 0.3692904453125 0.37397311197916666
0 0.4700074609375 0.7973107213541667 0.48701585546875 0.7874151067708333 0.356298685546875 0.24362565885416665 0.34076963671875 0.25141146875000003 0.4700074609375 0.7973107213541667
0 0.376713712890625 0.23908342708333333 0.36108141015625 0.2452167682291667 0.48911465234375 0.7864515416666666 0.504894935546875 0.7790379348958334 0.376713712890625 0.23908342708333333
0 0.5068458046875 0.7793546432291666 0.521055728515625 0.7707438151041667 0.412972359375 0.3006998307291667 0.397798724609375 0.30557909375 0.5068458046875 0.7793546432291666
0 0.42742324609375 0.293021875 0.413190109375 0.29851285677083333 0.523395478515625 0.77071309375 0.538486447265625 0.7624683645833333 0.42742324609375 0.293021875
0 0.540186123046875 0.7630044505208334 0.5518385 0.7566113385416666 0.441897203125 0.2884638333333333 0.430944419921875 0.29453579687500003 0.540186123046875 0.7630044505208334
0 0.45473108203125 0.2836152578125 0.44329646484375 0.2878214270833333 0.555577509765625 0.7559382135416667 0.5661871875 0.7497508593750001 0.45473108203125 0.2836152578125
0 0.56768854296875 0.7482909921875001 0.589835130859375 0.7370799479166666 0.480639755859375 0.27485101822916663 0.45615341796875 0.28609278125 0.56768854296875 0.7482909921875001
0 0.504231744140625 0.2692373802083333 0.482543923828125 0.2791943333333333 0.5928513046875 0.7336082083333334 0.616681548828125 0.7219783541666667 0.504231744140625 0.2692373802083333
0 0.61733764453125 0.7223664453124999 0.636227037109375 0.7136942578125001 0.52111953515625 0.25861559375 0.50490825 0.26579627083333335 0.61733764453125 0.7223664453124999
0 0.53873036328125 0.25131192447916667 0.523338978515625 0.25837816406249997 0.6364679453125 0.7146271223958333 0.654385333984375 0.7046684140625 0.53873036328125 0.25131192447916667