0 0.700337939453125 1 0.287555822265625 0.9003118984374999 0.277550888671875 0.9592559244791666 0.47048686328125 1 0.700337939453125 1
0 0.765825478515625 1 0.77351189453125 0.9418056093749999 0.299927693359375 0.8237607604166667 0.2886670078125 0.8909575494791667 0.726662060546875 1 0.765825478515625 1
0 0.311013919921875 0.7482452265625 0.3009258515625 0.8180326406249999 0.77596049609375 0.9363295312500001 0.783590251953125 0.8639395026041666 0.311013919921875 0.7482452265625
0 0.782079931640625 0.8621081901041667 0.787679580078125 0.8225372734374999 0.330837826171875 0.7050485130208334 0.3248642265625 0.7451770338541667 0.782079931640625 0.8621081901041667
0 0.7839887734375 0.8157647604166667 0.791620265625 0.7742256744791667 0.338620021484375 0.6645059036458333 0.332634640625 0.7024687005208333 0.7839887734375 0.8157647604166667
0 0.798775638671875 0.7745381562500001 0.80658971484375 0.7390307994791666 0.311373263671875 0.6192025338541667 0.30315205078125 0.6554891432291666 0.798775638671875 0.7745381562500001
0 0.80903831640625 0.7335547213541668 0.81246716015625 0.6971212942708332 0.3178853828125 0.5810283385416667 0.31299804296875 0.6180136328125 0.80903831640625 0.7335547213541668
0 0.810669361328125 0.6895498802083333 0.816685642578125 0.646471109375 0.347040212890625 0.5436808750000001 0.3403851640625 0.5842424427083334 0.810669361328125 0.6895498802083333
0 0.31901026171875 0.4538724114583333 0.306890306640625 0.525627984375 0.8160864140625 0.6439473151041667 0.826548052734375 0.5605708880208333 0.31901026171875 0.4538724114583333
0 0.828075361328125 0.5505886432291667 0.836226748046875 0.47439923437500003 0.3332573515625 0.37177845312499996 0.32265708984375 0.4409764296875 0.828075361328125 0.5505886432291667
0 0.337206017578125 0.3006944453125 0.3273084375 0.3537413203125 0.838675359375 0.46892308072916666 0.845080916015625 0.4128785390625 0.337206017578125 0.3006944453125
0 0.8467751796875 0.40830488020833333 0.8527041328125 0.35082415625 0.34506605859375 0.24400670312499997 0.3360074921875 0.2956468359375 0.8467751796875 0.40830488020833333
0 0.853120833984375 0.3473162369791667 0.860212564453125 0.264909796875 0.373863591796875 0.15860706770833333 0.3619698671875 0.24359534375 0.853120833984375 0.3473162369791667
0 0.387928119140625 0.07048130208333334 0.373819919921875 0.15140616666666668 0.859152947265625 0.25869294010416666 0.868978607421875 0.17008220833333332 0.387928119140625 0.07048130208333334
0 0.85904573828125 0.16877298177083333 0.857351109375 0.13005891927083332 0.4430158515625 0.030573729166666664 0.4320586875 0.07740359114583333 0.85904573828125 0.16877298177083333
0 0.448623669921875 0 0.44315474609375 0.029404473958333333 0.855831109375 0.12014891666666666 0.86137916015625 0.09614944531250001 0.86303739453125 0.07043340364583334 0.529513142578125 0 0.448623669921875 0