0 0 0.5524678020833333 0.00104586328125 0.5612722291666666 0.070157248046875 0.8951744296875 0.122044798828125 0.8842168567708333 0.0278195625 0.4126309270833333 0 0.42066811718749997 0 0.5524678020833333
0 0.1795473203125 0.8700756171875 0.090322005859375 0.39643482552083337 0.036088373046875 0.4098291302083333 0.127775560546875 0.8820077213541667 0.1795473203125 0.8700756171875
0 0.193852533203125 0.858064078125 0.213237111328125 0.8509736458333333 0.13163797265625 0.4036930026041667 0.109534646484375 0.4107977265625 0.193852533203125 0.858064078125
0 0.21616039453125 0.8503563072916666 0.234199111328125 0.8445490052083334 0.152715732421875 0.3982428671875 0.133830373046875 0.40323001302083333 0.21616039453125 0.8503563072916666
0 0.234662150390625 0.8484470182291667 0.275124533203125 0.83590640625 0.199860357421875 0.408201734375 0.1579541640625 0.41711566666666666 0.234662150390625 0.8484470182291667
0 0.2770491875 0.8394957552083334 0.316549220703125 0.8251604739583334 0.2428827109375 0.39582052083333336 0.200109630859375 0.406215375 0.2770491875 0.8394957552083334
0 0.3210136015625 0.8312102994791667 0.34501459765625 0.8251428697916667 0.264275333984375 0.35395061197916666 0.240290244140625 0.3597698984375 0.3210136015625 0.8312102994791667
0 0.35170760546875 0.8247283619791667 0.383016736328125 0.8171176067708333 0.30571592578125 0.3429565052083334 0.274406798828125 0.35056729427083333 0.35170760546875 0.8247283619791667
0 0.386786560546875 0.8173204140625 0.42090311328125 0.8081178098958333 0.344017083984375 0.3316178359375 0.312061658203125 0.3396185208333333 0.386786560546875 0.8173204140625
0 0.425744015625 0.7921112447916667 0.446706015625 0.7856866041666667 0.383890408203125 0.3704015677083334 0.361548013671875 0.37515525 0.425744015625 0.7921112447916667
0 0.4508301171875 0.8077916067708334 0.4717921171875 0.80136696875 0.399223484375 0.3177622005208333 0.37760314453125 0.32377958854166666 0.4508301171875 0.8077916067708334
0 0.476792037109375 0.7993121067708334 0.496907392578125 0.7920672838541667 0.421474791015625 0.31086599479166666 0.400641787109375 0.31591745833333335 0.476792037109375 0.7993121067708334
0 0.43229115625 0.2922515859375 0.42290762890625 0.29518308072916666 0.51737012890625 0.7877459765625 0.522717330078125 0.78861465625 0.533679482421875 0.7862996770833334 0.542948546875 0.7823443463541667 0.549562025390625 0.7749540234375 0.45786952734375 0.28684996354166664 0.45202305859375 0.2880846171875 0.44106090625 0.2903995963541667 0.43229115625 0.2922515859375
0 0.55183401171875 0.7814669010416666 0.585219732421875 0.7724186328124999 0.504771203125 0.3159044322916667 0.4703457734375 0.326911734375 0.55183401171875 0.7814669010416666
0 0.588989603515625 0.7726214296874999 0.62322196875 0.7643933489583333 0.545264826171875 0.30559741145833336 0.51011840625 0.316773109375 0.588989603515625 0.7726214296874999
0 0.62510336328125 0.7550054635416666 0.660102732421875 0.7406216458333333 0.583149150390625 0.2693840651041667 0.547159470703125 0.2799296197916667 0.62510336328125 0.7550054635416666
0 0.665297951171875 0.7465172005208333 0.7022220234375 0.7357227213541666 0.63049826953125 0.26013300260416666 0.587997091796875 0.272356109375 0.665297951171875 0.7465172005208333
0 0.7049931796875 0.7401322890625001 0.74130223046875 0.7304666744791667 0.672923150390625 0.24942670833333333 0.638536099609375 0.258435578125 0.7049931796875 0.7401322890625001
0 0.74287965234375 0.7311324687499999 0.777842802734375 0.7227500625 0.714386240234375 0.23802322395833334 0.6796161640625 0.249012234375 0.74287965234375 0.7311324687499999
0 0.783305767578125 0.7245932760416666 0.81876817578125 0.7141074739583333 0.7543607109375 0.22079268489583334 0.718768916015625 0.23175342708333332 0.783305767578125 0.7245932760416666
0 0.823500259765625 0.7161050338541667 0.859693546875 0.7054648828125 0.796070052734375 0.20429437239583334 0.7596148515625 0.216134953125 0.823500259765625 0.7161050338541667
0 0.861885998046875 0.7050018828125001 0.896617619140625 0.6946704036458334 0.837348537109375 0.19572339583333334 0.7996936796875 0.20667218489583336 0.861885998046875 0.7050018828125001
0 0.848694197265625 0.19033058072916667 0.903542154296875 0.6962049661458334 0.995277083984375 0.6738355729166666 0.94239005859375 0.16554919791666667 0.895118853515625 0.17752979427083335 0.848694197265625 0.19033058072916667