0 0.54272585546875 1 0.81292860546875 0.9168250390625 0.80664537890625 0.8678028697916668 0.3976581640625 0.9900539869791666 0.3994345625 1 0.54272585546875 1
0 0.808308666015625 0.8563557447916667 0.802249515625 0.8108354010416666 0.38520917578125 0.93921053125 0.39319856640625 0.9853516692708334 0.808308666015625 0.8563557447916667
0 0.800785048828125 0.8076411302083333 0.792795646484375 0.7614999166666667 0.37861705859375 0.8853491432291666 0.38507573828125 0.9331765208333334 0.800785048828125 0.8076411302083333
0 0.32916121875 0.8155218541666667 0.33914883984375 0.8889933098958333 0.791530919921875 0.7594592083333334 0.777682953125 0.6847461250000001 0.32916121875 0.8155218541666667
0 0.31471399609375 0.7373481614583333 0.3266318125 0.8114404296875 0.77655079296875 0.672944453125 0.762050205078125 0.5979173203125 0.31471399609375 0.7373481614583333
0 0.76556451953125 0.5937053984375 0.75571034765625 0.52626803125 0.32655683984375 0.658371890625 0.33894040234375 0.7298906875000001 0.76556451953125 0.5937053984375
0 0.34013011328125 0.5788627890625 0.3485861640625 0.6382255859375 0.753846470703125 0.5207666901041667 0.743521921875 0.4619694270833334 0.34013011328125 0.5788627890625
0 0.742595 0.4610495052083334 0.734338689453125 0.4028402734375 0.332454654296875 0.5190165625 0.33933117578125 0.5742486822916667 0.742595 0.4610495052083334
0 0.735869416015625 0.401154109375 0.7265481796875 0.3420577213541667 0.3186161171875 0.45645972656249995 0.328079732421875 0.5145314895833334 0.735869416015625 0.401154109375
0 0.726880484375 0.33345032031250005 0.712165498046875 0.22741371354166665 0.289695009765625 0.3357379973958334 0.30770937890625 0.44425616927083333 0.726880484375 0.33345032031250005
0 0.2706266796875 0.25640890104166664 0.279815365234375 0.32526616927083335 0.706773494140625 0.21206328645833336 0.693579576171875 0.144595859375 0.2706266796875 0.25640890104166664
0 0.6950554453125 0.139124578125 0.684468642578125 0.06219257552083333 0.25404955078125 0.176460828125 0.267897560546875 0.251173984375 0.6950554453125 0.139124578125
0 0.472858056640625 0 0.364348697265625 0.028604708333333336 0.248098458984375 0.06438934895833333 0.255204220703125 0.11917840885416665 0.67095468359375 0.010461979166666668 0.668983513671875 0 0.472858056640625 0