0 0.53610839453125 1 0.85799728515625 0.9165748489583333 0.856620392578125 0.904970515625 0.489957154296875 1 0.53610839453125 1
0 0.476475380859375 1 0.85663737109375 0.9008219713541666 0.85148041796875 0.8739783619791667 0.433631609375 0.9847602838541666 0.435117689453125 1 0.476475380859375 1
0 0.85101469140625 0.8707837526041667 0.8471724453125 0.8444282317708334 0.427892498046875 0.9539234114583334 0.432683568359375 0.9782572994791666 0.85101469140625 0.8707837526041667
0 0.845641853515625 0.8381942916666666 0.839437015625 0.8041628098958333 0.438980177734375 0.9062930520833333 0.44611573828125 0.9424437161458333 0.845641853515625 0.8381942916666666
0 0.837906423828125 0.7979288750000001 0.8319514296875 0.7613461536458334 0.434373849609375 0.8619013411458334 0.439361025390625 0.8961104010416667 0.837906423828125 0.7979288750000001
0 0.442048630859375 0.8292455963541667 0.44623634765625 0.8537058437499999 0.447205583984375 0.8560892109374999 0.82754158203125 0.7566872760416666 0.82393219921875 0.7319290572916667 0.442048630859375 0.8292455963541667
0 0.822801810546875 0.7156452552083333 0.8199734921875 0.7047746848958334 0.438089953125 0.8020914244791667 0.44167755078125 0.8267002161458333 0.443496748046875 0.826383796875 0.823949177734375 0.727780515625 0.822801810546875 0.7156452552083333
0 0.39335592578125 0.7937932265625 0.3967267734375 0.8126502317708333 0.823585296875 0.6996944583333334 0.824334826171875 0.6920407473958333 0.82270478125 0.6808596171875 0.819777009765625 0.6650418541666666 0.81648296484375 0.6509766770833333 0.8119736640625 0.6413706041666667 0.38969802734375 0.7516421901041667 0.389996384765625 0.7664837708333333 0.39335592578125 0.7937932265625
0 0.382096009765625 0.7080268802083333 0.384657505859375 0.7255972291666667 0.388857958984375 0.7458798177083333 0.81258978125 0.63706678125 0.814537583984375 0.6291025078125 0.814605501953125 0.6125083411458333 0.8103630234375 0.5962024869791667 0.80801741015625 0.5843779869791667 0.80327524609375 0.5731746067708333 0.379917765625 0.6845554088541667 0.379418080078125 0.6896578828125 0.382096009765625 0.7080268802083333
0 0.799231671875 0.566763140625 0.793742404296875 0.53337503125 0.41437181640625 0.6308690989583333 0.41911787109375 0.6634242057291667 0.799231671875 0.566763140625
0 0.7922118125 0.52714109375 0.787321681640625 0.493597703125 0.40928278125 0.5874313203125 0.41366105859375 0.6217287109374999 0.7922118125 0.52714109375
0 0.785308384765625 0.4883177005208333 0.7796202109375 0.44503520052083334 0.402047037109375 0.5420634270833333 0.407954490234375 0.5825850494791667 0.785308384765625 0.4883177005208333
0 0.3956602734375 0.49398901562499997 0.401682455078125 0.5352976041666667 0.402064015625 0.5379148854166667 0.77857232421875 0.4378473333333333 0.771436033203125 0.3974266354166667 0.3956602734375 0.49398901562499997
0 0.772521716796875 0.3920787526041667 0.76472079296875 0.33856905729166664 0.358755287109375 0.44129817447916664 0.365470369140625 0.4916246640625 0.772521716796875 0.3920787526041667
0 0.76162565234375 0.3343982682291667 0.753691318359375 0.28423846354166665 0.35048863671875 0.38459386979166665 0.35743458984375 0.43650399739583334 0.76162565234375 0.3343982682291667
0 0.755772533203125 0.2729242994791667 0.747804240234375 0.23106157812499997 0.34363614453125 0.3333248489583333 0.349299185546875 0.37643494791666665 0.755772533203125 0.2729242994791667
0 0.76352423828125 0.18961609375 0.75790155859375 0.15957787239583335 0.25678958984375 0.28779528125000003 0.259515474609375 0.31928825260416666 0.76352423828125 0.18961609375
0 0.351072513671875 0.23932360416666668 0.352283572265625 0.26042577864583333 0.353250755859375 0.26279508072916663 0.73130663671875 0.164812921875 0.72563301953125 0.14722032552083333 0.351072513671875 0.23932360416666668
0 0.717531314453125 0.10870749218749999 0.71398742578125 0.09719355208333334 0.344336455078125 0.18885323958333333 0.350337412109375 0.23854626041666668 0.722887173828125 0.1454454921875 0.722372931640625 0.12485806510416668 0.717531314453125 0.10870749218749999
0 0.68631722265625 0 0.150472955078125 0.14709763541666668 0.155198140625 0.16244955729166666 0.15682818359375 0.1736306875 0.15771948828125 0.184009515625 0.751172767578125 0.019592174479166665 0.747632693359375 0 0.68631722265625 0
0 0.463891607421875 0 0.139422607421875 0.08409384635416667 0.14320325390625 0.11002682812499999 0.607325400390625 0 0.463891607421875 0