0 0.079373896484375 0.7472855651041667 0.1547238515625 0.7531239635416668 0.2048533359375 0.15367842708333332 0.12572566796875 0.13950049479166668 0.079373896484375 0.7472855651041667
0 0.287041484375 0.16490193489583332 0.211239365234375 0.15071322135416668 0.167886078125 0.7567248958333334 0.24500750390625 0.7627285390625 0.287041484375 0.16490193489583332
0 0.249560115234375 0.7607792630208333 0.3204194609375 0.7673858880208333 0.360592529296875 0.1783668984375 0.294065453125 0.16674369270833334 0.249560115234375 0.7607792630208333
0 0.430283822265625 0.18300472916666666 0.362267552734375 0.17310256770833332 0.3218812265625 0.7734564921875 0.39271479296875 0.7791722447916666 0.430283822265625 0.18300472916666666
0 0.39521192578125 0.7838541927083332 0.47492866015625 0.791286640625 0.5113185078125 0.19764099999999998 0.434340888671875 0.19050426041666668 0.39521192578125 0.7838541927083332
0 0.592764759765625 0.2076487734375 0.51760063671875 0.198267046875 0.477462021484375 0.7938965807291667 0.557011220703125 0.8010168593749999 0.592764759765625 0.2076487734375
0 0.5635647265625 0.7983637786458333 0.58931318359375 0.799577625 0.61640790234375 0.2844495989583333 0.588862357421875 0.2820580494791667 0.5635647265625 0.7983637786458333
0 0.64466405078125 0.2872607630208333 0.616258349609375 0.28579920833333333 0.5909608359375 0.8021049869791667 0.619366421875 0.8035664921875 0.64466405078125 0.2872607630208333
0 0.621137958984375 0.8037316614583333 0.675230177734375 0.8075881588541667 0.699233189453125 0.2650504348958333 0.644317203125 0.25993030208333334 0.621137958984375 0.8037316614583333
0 0.68206831640625 0.812973203125 0.7335032890625 0.8165819505208334 0.757146716796875 0.27016096614583335 0.701890435546875 0.26529818489583334 0.68206831640625 0.812973203125
0 0.804432041015625 0.2618031041666667 0.77013596875 0.25385797656250003 0.7373559609375 0.8110067604166667 0.772147576171875 0.8095030963541667 0.804432041015625 0.2618031041666667
0 0.7731572890625 0.8072234947916667 0.802386759765625 0.8099487265624999 0.833289765625 0.292923375 0.803893181640625 0.289050984375 0.7731572890625 0.8072234947916667
0 0.8693141484375 0.29752432031250003 0.836479779296875 0.29564985416666667 0.80516777734375 0.8078341953125 0.843316634765625 0.8102041979166666 0.8693141484375 0.29752432031250003
0 0.903113513671875 0.824087546875 0.93858778515625 0.30042246614583334 0.885691107421875 0.29074309895833333 0.84819752734375 0.8189674140625001 0.903113513671875 0.824087546875