0 0.484802134765625 1 0.84673123046875 0.8389646119791667 0.845819181640625 0.827834203125 0.845325732421875 0.8147008411458333 0.843615294921875 0.7980939609375 0.838594875 0.7880283359375001 0.834963314453125 0.77286659375 0.3623424453125 0.9673471640625001 0.3651756171875 0.9770324348958334 0.36785631640625 0.9905461484375001 0.369234548828125 1 0.484802134765625 1
0 0.829011439453125 0.7564117499999999 0.826236482421875 0.7325029088541667 0.40856579296875 0.9042167447916666 0.412402087890625 0.9305314375 0.829011439453125 0.7564117499999999
0 0.3597116328125 0.8079467552083334 0.3624865859375 0.8318555989583333 0.367981052734375 0.8597957734375 0.3717068671875 0.8853526432291666 0.374915162109375 0.8976110416666666 0.81779241796875 0.7233245989583333 0.819181279296875 0.718228484375 0.8181749765625 0.6967029479166666 0.816217814453125 0.6735293880208334 0.812871791015625 0.6554519453125 0.80924023046875 0.6402902031250001 0.80351567578125 0.6351432291666667 0.358380984375 0.7988193020833334 0.3597116328125 0.8079467552083334
0 0.39079609375 0.73358421875 0.3963565546875 0.7717256666666666 0.397335673828125 0.7735675520833333 0.801347830078125 0.6300216875 0.794788845703125 0.594779546875 0.39079609375 0.73358421875
0 0.383172591796875 0.6910401171874999 0.389150033203125 0.727167515625 0.389446041015625 0.7291979583333333 0.792202400390625 0.5916609557291667 0.787963732421875 0.5577119140625 0.383172591796875 0.6910401171874999
0 0.787775220703125 0.5369216640625 0.784828392578125 0.5215824531250001 0.378554134765625 0.6496116510416666 0.38355992578125 0.688822703125 0.3838573203125 0.6908626536458334 0.788515396484375 0.5566217057291667 0.787775220703125 0.5369216640625
0 0.786064783203125 0.52031478125 0.780875255859375 0.48471771354166665 0.372984818359375 0.60653515625 0.378540689453125 0.6446451354166667 0.786064783203125 0.52031478125
0 0.392142228515625 0.596589015625 0.780609126953125 0.4828922239583333 0.7832343828125 0.4765284322916667 0.784110390625 0.46304014322916665 0.782932212890625 0.4500842473958333 0.77696093359375 0.4383705911458333 0.385523388671875 0.5511877135416666 0.389288013671875 0.5672622005208333 0.391550115234375 0.582778875 0.392142228515625 0.596589015625
0 0.384422556640625 0.54363665625 0.778349794921875 0.4332744765625 0.780004787109375 0.4300038489583333 0.780063001953125 0.41578027864583333 0.778067029296875 0.4020890963541666 0.773731337890625 0.39184600781249995 0.37875648828125 0.49989651041666666 0.380885525390625 0.5145004375 0.3824628984375 0.5301945703125001 0.384422556640625 0.54363665625
0 0.316886943359375 0.47520048697916667 0.321506046875 0.5068848020833333 0.3226281328125 0.5097073463541667 0.78455393359375 0.3880938411458333 0.78166531640625 0.3585310625 0.316886943359375 0.47520048697916667
0 0.7809999921875 0.3539673385416667 0.777825841796875 0.3273202604166667 0.310461021484375 0.44087109114583334 0.315497408203125 0.4705433984375 0.7809999921875 0.3539673385416667
0 0.336655361328125 0.39145675781249994 0.341937216796875 0.427687140625 0.342928810546875 0.4296145989583333 0.764416802734375 0.32795383333333333 0.76084345703125 0.2985685182291667 0.336655361328125 0.39145675781249994
0 0.331180298828125 0.3587753880208333 0.3360809140625 0.3875163880208334 0.33583756640625 0.3907214765625 0.751124189453125 0.300140265625 0.748501705078125 0.27240297916666667 0.331180298828125 0.3587753880208333
0 0.74397816015625 0.23649986718750002 0.74156358984375 0.224811640625 0.28264560546875 0.3134397005208333 0.289939470703125 0.36347128385416666 0.743994794921875 0.26585975260416667 0.745289404296875 0.2503685104166667 0.74397816015625 0.23649986718750002
0 0.744532591796875 0.201308578125 0.74093984375 0.17666445572916667 0.738278546875 0.158409546875 0.735617251953125 0.14015464322916668 0.249407138671875 0.21217529947916666 0.262115708984375 0.3090971067708333 0.74131686328125 0.21824495833333335 0.744532591796875 0.201308578125
0 0.26268865625 0.14242682291666667 0.2628965703125 0.1584758828125 0.265291736328125 0.17490530208333332 0.26932248828125 0.19280528125 0.268283009765625 0.2051722526041667 0.721124287109375 0.1382274453125 0.724168140625 0.12986069791666668 0.723123029296875 0.117817546875 0.720860927734375 0.102300875 0.719264150390625 0.09134793229166667 0.714568072265625 0.06888422395833334 0.257573978515625 0.12196607031250001 0.259456291015625 0.13000331510416666 0.26268865625 0.14242682291666667
0 0.463891607421875 0 0.244528474609375 0.056853164062499996 0.248827740234375 0.08634357552083333 0.251017162109375 0.11111028645833333 0.714227091796875 0.05192241927083333 0.717423416015625 0.0397272265625 0.716475326171875 0.003978122395833333 0.716375958984375 0 0.463891607421875 0