0 0.954535484375 0.7265321901041667 0.99724340625 0.7154634192708333 0.962779005859375 0.21895596354166666 0.918066552734375 0.22819732291666664 0.954535484375 0.7265321901041667
0 0.905218111328125 0.735695578125 0.948434333984375 0.7281134479166668 0.90794636328125 0.2332324921875 0.8655771953125 0.24662575 0.905218111328125 0.735695578125
0 0.821489404296875 0.25443372395833336 0.865802609375 0.7507356041666666 0.904322048828125 0.7419584765625 0.863664640625 0.24591529166666667 0.821489404296875 0.25443372395833336
0 0.822586375 0.7583176536458334 0.863720619140625 0.7488629192708333 0.8165986875 0.25811355208333336 0.7731585234375 0.2694270677083333 0.822586375 0.7583176536458334
0 0.7715904609375 0.278221484375 0.73018001171875 0.2885246927083333 0.736507044921875 0.341590671875 0.782807623046875 0.7770702890625 0.822392556640625 0.7631924505208333 0.7715904609375 0.278221484375
0 0.722781271484375 0.290871546875 0.683580291015625 0.30325502604166665 0.7425450546875 0.7862991067708333 0.754214546875 0.7856869609375 0.779684517578125 0.7742612526041667 0.722781271484375 0.290871546875
0 0.724919361328125 0.7956918645833334 0.738719712890625 0.7848782526041668 0.676756431640625 0.3040061171875 0.638711474609375 0.3162102994791667 0.6986265859375 0.7952693385416666 0.70504223046875 0.8020495963541667 0.724919361328125 0.7956918645833334
0 0.697052791015625 0.7968834088541666 0.6321114609375 0.3204015234375 0.6179964921875 0.3228536119791667 0.59184878125 0.32963041145833333 0.658508962890625 0.8116975182291667 0.675940849609375 0.8071796302083333 0.697052791015625 0.7968834088541666
0 0.614251623046875 0.8183432968750001 0.654344869140625 0.8079521796875001 0.58782973828125 0.3330843229166667 0.5479059296875 0.34463766927083334 0.614251623046875 0.8183432968750001
0 0.5928008125 0.8263150651041666 0.612871751953125 0.8150824583333334 0.542676458984375 0.34599301041666664 0.498725974609375 0.3591231354166667 0.514709359375 0.45817589583333335 0.57432792578125 0.8298965703125 0.5928008125 0.8263150651041666
0 0.494206138671875 0.3609675234375 0.453241453125 0.37158449479166666 0.530917767578125 0.8423535260416667 0.548688525390625 0.8401600937499999 0.570672140625 0.8296379531250001 0.494206138671875 0.3609675234375
0 0.4494162265625 0.37016361458333336 0.41019454296875 0.38032884375000003 0.490608333984375 0.8493620963541666 0.528327466796875 0.8369941197916666 0.4494162265625 0.37016361458333336
0 0.44840210546875 0.8669331145833333 0.484190802734375 0.8568762083333333 0.489444767578125 0.8494837760416667 0.406877623046875 0.38239464322916666 0.36591287890625 0.39301162760416664 0.44840210546875 0.8669331145833333
0 0.411601861328125 0.8738178619791667 0.447947216796875 0.8626511328125 0.36346751953125 0.3948515416666667 0.32441538671875 0.40617897135416664 0.4079272265625 0.8549311145833333 0.411601861328125 0.8738178619791667
0 0.291995638671875 0.4567963567708333 0.371949326171875 0.8811416901041667 0.375590806640625 0.8792919765625 0.40979103515625 0.8677157317708333 0.322502720703125 0.40546858333333335 0.283789453125 0.4191204270833333 0.291995638671875 0.4567963567708333
0 0.334107619140625 0.8945676484375 0.372990375 0.8820779765625 0.281344099609375 0.4209603802083333 0.2408301796875 0.43259522395833333 0.334107619140625 0.8945676484375
0 0.237595119140625 0.4310927864583333 0.19865088671875 0.44352698958333336 0.295418796875 0.9021824947916667 0.306386171875 0.9029585026041667 0.333066630859375 0.8936313463541666 0.237595119140625 0.4310927864583333
0 0.19696919140625 0.44403428125 0.157989224609375 0.4580447864583333 0.256705482421875 0.9158344322916667 0.27326569140625 0.9115424609375 0.293336689453125 0.9003098385416667 0.19696919140625 0.44403428125
0 0.112604138671875 0.46715315885416664 0.129006654296875 0.5424600442708333 0.216273423828125 0.923901078125 0.222544001953125 0.9234820078125 0.255858298828125 0.9100232552083334 0.152518091796875 0.4555548385416666 0.112604138671875 0.46715315885416664
0 0.175308619140625 0.9345180807291666 0.180005462890625 0.9357130625 0.199011025390625 0.9295811380208333 0.214554623046875 0.9183158020833333 0.109979544921875 0.4677858541666667 0.08976348828125 0.4718191848958333 0.067441 0.4800168697916667 0.175308619140625 0.9345180807291666
0 0.17409819140625 0.9324195104166666 0.0684820546875 0.48095319531249997 0.027803201171875 0.49311203906249995 0.136764794921875 0.9493321875 0.17409819140625 0.9324195104166666
0 0 0.5572021822916667 0.0002538359375 0.5589433463541666 0.08088816796875 0.9010944765625001 0.095257162109375 0.9558061041666667 0.133835560546875 0.94164834375 0.02560463671875 0.49085975520833336 0 0.5002627708333334 0 0.5572021822916667