0 0.302320986328125 0 0.728642603515625 0.1514037734375 0.745842466796875 0.06642040104166667 0.54604420703125 0 0.302320986328125 0
0 0.7041502109375 0.27259381510416664 0.72756858203125 0.15714732552083333 0.294820361328125 0.004744838541666667 0.2752803828125 0.123920953125 0.7041502109375 0.27259381510416664
0 0.6522986796875 0.37858805729166667 0.67334941796875 0.26601485937499997 0.278944052734375 0.12879919010416666 0.25767850390625 0.24252113281249998 0.6522986796875 0.37858805729166667
0 0.25059235546875 0.2853096770833333 0.247807115234375 0.314886671875 0.647594576171875 0.44779095052083334 0.65969123046875 0.38583221875 0.258115314453125 0.25486754166666664 0.25424401171875 0.2657816901041667 0.25059235546875 0.2853096770833333
0 0.239405841796875 0.310873625 0.225231177734375 0.391569484375 0.6353649296875 0.5320689036458334 0.651473009765625 0.45152051041666663 0.239405841796875 0.310873625
0 0.618388474609375 0.6186588255208333 0.635577552734375 0.5365247630208333 0.223080767578125 0.3981753567708333 0.209481244140625 0.479057625 0.618388474609375 0.6186588255208333
0 0.208696099609375 0.4897823697916666 0.199242376953125 0.5354442239583334 0.6110923515625 0.6723585338541667 0.62097812109375 0.6292806119791666 0.208696099609375 0.4897823697916666
0 0.602070587890625 0.7206042890625 0.61001831640625 0.6781021640625 0.19752152734375 0.5397525963541666 0.18957380078125 0.5822547213541667 0.602070587890625 0.7206042890625
0 0.19172903515625 0.5854115052083334 0.18550209765625 0.6236052395833334 0.571935783203125 0.7545105312499999 0.57966871484375 0.7131570703125 0.19172903515625 0.5854115052083334
0 0.17733478125 0.6574935494791666 0.179065216796875 0.6727101484375 0.565152283203125 0.8106651848958334 0.572584994140625 0.7608268697916666 0.186366103515625 0.6287729140625 0.18034203515625 0.6414116302083334 0.17733478125 0.6574935494791666
0 0.168093427734375 0.697125484375 0.16551821875 0.715791171875 0.162938158203125 0.7246943541666666 0.161656546875 0.7462303880208333 0.551329060546875 0.8940737942708333 0.553479470703125 0.8874680859374999 0.557777955078125 0.8693751145833333 0.561000005859375 0.8521445286458333 0.56551088671875 0.8280216510416666 0.567226912109375 0.8139507838541666 0.17626796484375 0.6778809166666666 0.17239430859375 0.6839137526041666 0.168093427734375 0.697125484375
0 0.54531731640625 0.9382657838541667 0.5511166328125 0.9001038567708334 0.157568064453125 0.753412046875 0.1519783828125 0.7735159166666666 0.151553556640625 0.7855758854166667 0.54531731640625 0.9382657838541667
0 0.53918241015625 0.9872202161458333 0.54833376171875 0.9345620807291667 0.550479408203125 0.9181937317708333 0.549620197265625 0.9227885442708333 0.548546189453125 0.9285320208333333 0.545319345703125 0.9360001197916666 0.16297171484375 0.7930320807291666 0.15974723828125 0.8053814114583333 0.157818814453125 0.8254821848958334 0.1578284296875 0.8450073307291667 0.53918241015625 0.9872202161458333