0 0.119061001953125 0.8245542161458334 0.14063044921875 0.8189006015625 0.109988001953125 0.3321025078125 0.089846513671875 0.3352573776041667 0.119061001953125 0.8245542161458334
0 0.142364923828125 0.8196329114583333 0.166599736328125 0.8156136171875 0.130077587890625 0.32786000260416664 0.1140873046875 0.3312368203125 0.142364923828125 0.8196329114583333
0 0.13410358203125 0.34788310156249996 0.169432150390625 0.8117196848958333 0.198361158203125 0.8056104791666666 0.15821108984375 0.34279209635416663 0.13410358203125 0.34788310156249996
0 0.199164740234375 0.8054407786458334 0.225006720703125 0.8010820833333333 0.18337679296875 0.3396748125 0.161772583984375 0.34423717187499997 0.199164740234375 0.8054407786458334
0 0.2267411953125 0.8018143932291667 0.2643823125 0.7927667760416667 0.221137142578125 0.3108273072916667 0.186682373046875 0.31810344010416663 0.2267411953125 0.8018143932291667
0 0.269203814453125 0.7917485755208333 0.305237767578125 0.7830403567708334 0.261443625 0.3034140078125 0.2295374765625 0.31125051822916666 0.269203814453125 0.7917485755208333
0 0.314077185546875 0.7811736536458334 0.34554425 0.7756270598958334 0.29879038671875 0.2988229296875 0.268795529296875 0.3018614375 0.314077185546875 0.7811736536458334
0 0.344740666015625 0.7757967578125 0.37849117578125 0.7686693515625 0.330002837890625 0.2911329140625 0.30200523828125 0.2970454270833333 0.344740666015625 0.7757967578125
0 0.3807746171875 0.7670885390625001 0.411732455078125 0.7572551015625 0.36265540625 0.28863174739583336 0.33132333984375 0.29414983854166665 0.3807746171875 0.7670885390625001
0 0.41706318359375 0.7605237447916666 0.448021021484375 0.7506903046875001 0.3878608515625 0.27891450260416667 0.364700298828125 0.28380553125 0.41706318359375 0.7605237447916666
0 0.452333294921875 0.7453852630208333 0.46075105078125 0.746903390625 0.50202816796875 0.733792140625 0.509554775390625 0.7278082994791667 0.448002310546875 0.26511527864583334 0.443053501953125 0.26506176822916666 0.39564207421875 0.275074078125 0.3930873125 0.28000797135416666 0.452333294921875 0.7453852630208333
0 0.4728258359375 0.2521828984375 0.4576850546875 0.2564789140625 0.45167609375 0.25994507031249997 0.514845759765625 0.7376769010416666 0.52499798828125 0.7399273411458333 0.545891162109375 0.7355151354166667 0.562766416015625 0.7319514322916666 0.571772884765625 0.7245564791666667 0.51013285546875 0.25419178645833335 0.502940345703125 0.249119125 0.49304273046875 0.24901210677083332 0.4728258359375 0.2521828984375
0 0.5712239140625 0.7268695989583334 0.587295583984375 0.7234755963541667 0.521255716796875 0.2507442734375 0.510260162109375 0.2552634973958333 0.5712239140625 0.7268695989583334
0 0.585561109375 0.7227432864583333 0.602436365234375 0.7191795807291667 0.536651109375 0.24859167968749998 0.527191736328125 0.2505893046875 0.585561109375 0.7227432864583333
0 0.601505474609375 0.7182775729166666 0.6704863515625 0.7026116484374999 0.598908962890625 0.2387398984375 0.540561490234375 0.2521602708333333 0.601505474609375 0.7182775729166666
0 0.695397439453125 0.6973509427083333 0.62424171484375 0.23009436197916666 0.615020376953125 0.22874593229166665 0.602417654296875 0.23360455729166665 0.673700685546875 0.7019328463541666 0.681991134765625 0.702379265625 0.695397439453125 0.6973509427083333
0 0.726609890625 0.6896609244791666 0.65698184765625 0.23526487239583335 0.641459146484375 0.23634575260416668 0.6296141328125 0.23884717187500001 0.692732078125 0.6957166223958334 0.714810751953125 0.6943498489583333 0.726609890625 0.6896609244791666
0 0.725190806640625 0.1922970833333333 0.70751196875 0.19603048697916667 0.689156853515625 0.20100530208333334 0.675844140625 0.20491526822916664 0.74720870703125 0.6897052630208332 0.7504230390625 0.6890264609375 0.7674256015625 0.68653446875 0.7883187734375 0.682122265625 0.805997611328125 0.6783888619791667 0.814582416015625 0.6743787369791666 0.741389783203125 0.18997479166666667 0.73804814453125 0.18958188020833333 0.725190806640625 0.1922970833333333
0 0.811956794921875 0.6661444557291667 0.827097576171875 0.6618484401041667 0.764534732421875 0.21145333854166667 0.744866806640625 0.21231101041666667 0.811956794921875 0.6661444557291667
0 0.835809689453125 0.6589100286458334 0.8662185546875 0.6513897109375 0.803584302734375 0.2350661328125 0.77371341015625 0.23807846093749999 0.835809689453125 0.6589100286458334
0 0.86676752734375 0.6490765911458333 0.901870587890625 0.6394663619791666 0.83437508984375 0.23076094791666668 0.804766384765625 0.23591509635416666 0.86676752734375 0.6490765911458333