0 0.098739326171875 0.8401225130208334 0.11006733203125 0.8385350182291668 0.01298376953125 0.28152298697916667 0.003336333984375 0.28287496875 0.098739326171875 0.8401225130208334
0 0.110961541015625 0.8395007473958334 0.138132150390625 0.8313289036458333 0.040455173828125 0.24603283072916668 0.01149614453125 0.2522732109375 0.110961541015625 0.8395007473958334
0 0.1462235859375 0.8301949791666666 0.15648725 0.8254834999999999 0.064683876953125 0.27318673958333334 0.055134349609375 0.2756160494791667 0.1462235859375 0.8301949791666666
0 0.15648725 0.8254834999999999 0.181315498046875 0.8187309557291668 0.089088837890625 0.2403084036458333 0.06327398828125 0.2439260703125 0.15648725 0.8254834999999999
0 0.18391305859375 0.8205490286458333 0.1983075078125 0.8163497135416667 0.1274050703125 0.35277180729166663 0.11130726953125 0.3561187838541667 0.18391305859375 0.8205490286458333
0 0.2017142109375 0.8180543932291666 0.2162787890625 0.8160133281249999 0.146015365234375 0.35016377864583337 0.12974743359375 0.35135250520833333 0.2017142109375 0.8180543932291666
0 0.21963855859375 0.8166335390625 0.2364604375 0.8120940442708333 0.14793923046875 0.22878803125 0.12955512890625 0.233546453125 0.21963855859375 0.8166335390625
0 0.24059121875 0.8126062083333333 0.264610322265625 0.8059670572916667 0.194137296875 0.30632444791666663 0.166690111328125 0.3101708697916667 0.24059121875 0.8126062083333333
0 0.266228609375 0.8057402708333333 0.28790534765625 0.8005204244791666 0.208710046875 0.22136271875 0.18532995703125 0.2257302265625 0.266228609375 0.8057402708333333
0 0.23451756640625 0.21665503125 0.212023150390625 0.220898421875 0.289438568359375 0.7992145130208334 0.2984242109375 0.7990463203124999 0.31120037109375 0.7950737890625 0.23451756640625 0.21665503125
0 0.314607076171875 0.7967784713541667 0.34526945703125 0.7913904270833334 0.269779611328125 0.20734926041666668 0.2368576171875 0.21414500520833335 0.314607076171875 0.7967784713541667
0 0.3468877421875 0.7911636432291668 0.378998279296875 0.7833905677083334 0.310705658203125 0.19724973958333333 0.2769845546875 0.20415747135416665 0.3468877421875 0.7911636432291668
0 0.38159583984375 0.7852086380208334 0.401654291015625 0.7802155755208333 0.33327660546875 0.19299562239583334 0.31234049609375 0.19592958854166667 0.38159583984375 0.7852086380208334
0 0.403442708984375 0.7821470416666667 0.42367129296875 0.7793122291666666 0.355378669921875 0.19317140104166666 0.334979955078125 0.19384796354166667 0.403442708984375 0.7821470416666667
0 0.425034380859375 0.7758480677083334 0.446072107421875 0.7728998619791666 0.381101125 0.1873845911458333 0.36017685546875 0.19031689583333333 0.425034380859375 0.7758480677083334
0 0.447520263671875 0.7705148255208334 0.466130560546875 0.7679067994791667 0.40592937109375 0.180632046875 0.38347769921875 0.18486944791666668 0.447520263671875 0.7705148255208334
0 0.468089109375 0.771996515625 0.48831769140625 0.769161703125 0.426882033203125 0.17660471354166665 0.407587888671875 0.17930857552083335 0.468089109375 0.771996515625
0 0.4395710859375 0.1922832265625 0.4348479453125 0.1929451223958333 0.49674938671875 0.7723442786458333 0.52536815234375 0.7617873958333333 0.46554873828125 0.18973379166666668 0.4395710859375 0.1922832265625
0 0.5260071640625 0.7595157526041666 0.599043748046875 0.74164315625 0.55102121875 0.16357216145833334 0.467904671875 0.176311078125 0.5260071640625 0.7595157526041666
0 0.604068740234375 0.7431210520833332 0.676721505859375 0.7307574739583332 0.63896264453125 0.147975 0.557486658203125 0.16048401041666668 0.604068740234375 0.7431210520833332
0 0.679958080078125 0.7303039036458333 0.705680533203125 0.72451709375 0.673840873046875 0.14417825 0.647408908203125 0.14897344270833332 0.679958080078125 0.7303039036458333
0 0.70908723828125 0.7262217734375 0.7356188359375 0.7203215703125 0.70790995703125 0.14049488802083335 0.6788882578125 0.14347091406249998 0.70908723828125 0.7262217734375
0 0.740643826171875 0.7217994635416667 0.76474799609375 0.7162394401041667 0.74489762890625 0.13203833333333334 0.715938599609375 0.13827871614583334 0.740643826171875 0.7217994635416667
0 0.76711263671875 0.7148170130208333 0.794623509765625 0.7109616666666666 0.776369150390625 0.12653690104166668 0.74823664453125 0.13047936197916668 0.76711263671875 0.7148170130208333
0 0.796965873046875 0.7095423671875 0.823497470703125 0.7036421614583334 0.808905015625 0.12415945052083333 0.78078053515625 0.12810078645833334 0.796965873046875 0.7095423671875
0 0.825285888671875 0.7055736276041666 0.8534357734375 0.6994466380208334 0.839482330078125 0.11769228645833334 0.81281403125 0.11924745833333333 0.825285888671875 0.7055736276041666
0 0.857311359375 0.6967214270833333 0.883757892578125 0.6897420963541667 0.874744375 0.10838651302083334 0.849873724609375 0.111871859375 0.857311359375 0.6967214270833333
0 0.888058806640625 0.6924125104166667 0.91314224609375 0.6888973411458333 0.909452470703125 0.1024315078125 0.88297176171875 0.10614248697916667 0.888058806640625 0.6924125104166667
0 0.916513455078125 0.6895159505208334 0.9464517578125 0.6853204296875001 0.9463823671875 0.09289200520833334 0.914195916015625 0.09740258333333333 0.916513455078125 0.6895159505208334
0 0.981161234375 0.2331272890625 0.969507263671875 0.08528711979166666 0.950982033203125 0.08897427604166668 0.9524199765625 0.1902400703125 0.952285890625 0.6866849296875 0.98124491796875 0.6804445494791667 0.981161234375 0.2331272890625