0 0.284955994140625 0.09938587239583334 0.285534005859375 0.15254658072916666 0.66665221484375 0.091382859375 0.664423521484375 0.03737894010416667 0.284955994140625 0.09938587239583334
0 0.669840509765625 0.150934796875 0.668368708984375 0.094738984375 0.286460888671875 0.15684527083333333 0.28644262109375 0.18723904427083335 0.28698211328125 0.20783769791666665 0.669840509765625 0.150934796875
0 0.2894889453125 0.24137028645833333 0.289716099609375 0.25004340364583333 0.66862154296875 0.19766640364583332 0.6684177734375 0.15879481770833334 0.288807484375 0.2153509375 0.286452748046875 0.21871696354166667 0.2894889453125 0.24137028645833333
0 0.670570619140625 0.24099411979166666 0.668712115234375 0.2011246171875 0.28736136328125 0.2534094270833333 0.288912919921875 0.28155918750000003 0.292421693359375 0.2911649713541667 0.670570619140625 0.24099411979166666
0 0.290133873046875 0.3281771901041667 0.67002298828125 0.2822671588541667 0.672377724609375 0.27890113541666667 0.671417978515625 0.24225640364583334 0.29001016796875 0.29236271354166665 0.288081345703125 0.31199083333333333 0.290133873046875 0.3281771901041667
0 0.66900278125 0.3365877447916667 0.665262673828125 0.2870579635416667 0.284497517578125 0.33061054687499997 0.286304623046875 0.36851756249999995 0.287458658203125 0.38148936979166664 0.66900278125 0.3365877447916667
0 0.28426222265625 0.3838091223958333 0.285653541015625 0.4369319609375 0.66983633984375 0.39950570572916666 0.666733228515625 0.34320618750000004 0.28426222265625 0.3838091223958333
0 0.288178642578125 0.44007077604166667 0.2896574375 0.4965336875 0.665932033203125 0.468071578125 0.662693669921875 0.40660797135416665 0.288178642578125 0.44007077604166667
0 0.291077150390625 0.5507406666666667 0.2920608203125 0.5572076354166667 0.668451291015625 0.5331697395833334 0.66686606640625 0.47264328125000005 0.291397626953125 0.5007945104166667 0.28912807421875 0.507412953125 0.291077150390625 0.5507406666666667
0 0.289839916015625 0.6278660494791667 0.29281932421875 0.6483510963541667 0.717507205078125 0.6340045026041666 0.71333039453125 0.5367094375 0.290519390625 0.5605357916666667 0.28948905859375 0.5833784609375 0.289839916015625 0.6278660494791667
0 0.293709671875 0.7134373385416667 0.296802658203125 0.7382589427083334 0.72281494140625 0.7433889921875 0.718468435546875 0.6396146354166666 0.295316033203125 0.6504057682291667 0.292744267578125 0.67657659375 0.293709671875 0.7134373385416667
0 0.29206479296875 0.7439068515625 0.293314138671875 0.7916089921874999 0.68261405859375 0.7941065598958333 0.68215625390625 0.7455355286458333 0.29206479296875 0.7439068515625
0 0.295054330078125 0.7958698151041667 0.296246888671875 0.8414036744791668 0.6849038671875 0.8504439479166667 0.68427601953125 0.7953804479166666 0.295054330078125 0.7958698151041667
0 0.294819033203125 0.849068390625 0.295321990234375 0.93045459375 0.732361560546875 0.9524385859375001 0.73004064453125 0.8638221041666667 0.294819033203125 0.849068390625
0 0.506545669921875 1 0.735175892578125 0.9893547421875 0.73428017578125 0.9635119453125 0.296305662109375 0.9369215651041666 0.296065236328125 1 0.506545669921875 1