0 0.83563469140625 0.6098212083333333 0.8236820078125 0.5756592526041667 0.483584904296875 0.8194451979166667 0.496297478515625 0.8597902265625 0.83563469140625 0.6098212083333333
0 0.821800875 0.5744360755208333 0.80914849609375 0.5405953515625 0.46865558984375 0.7760829947916666 0.476644978515625 0.7986329531249999 0.479489685546875 0.8035873593749999 0.48286221484375 0.8166467395833333 0.821800875 0.5744360755208333
0 0.78340796875 0.4772875833333334 0.4067898125 0.7190592057291667 0.42967782421875 0.7951254166666667 0.8088846171875 0.5365428880208333 0.78340796875 0.4772875833333334
0 0.781045046875 0.4741987916666666 0.760122474609375 0.42954729166666666 0.391762296875 0.6487462447916666 0.413338337890625 0.7085243958333334 0.781045046875 0.4741987916666666
0 0.741975546875 0.38049123697916665 0.371183431640625 0.5872424921875 0.390970029296875 0.6419051067708333 0.7617396953125 0.42671808333333333 0.741975546875 0.38049123697916665
0 0.746150587890625 0.37544421614583334 0.7375244140625 0.34810234375 0.36178853515625 0.5508628046875 0.373477322265625 0.580972234375 0.746150587890625 0.37544421614583334
0 0.730286759765625 0.35038180989583334 0.7221653984375 0.32802515885416667 0.352225701171875 0.5185389609375001 0.3601252890625 0.5474527916666666 0.730286759765625 0.35038180989583334
0 0.342724091796875 0.5043148619791666 0.731215125 0.31760990625 0.7251927890625 0.2942897265625 0.715259259765625 0.28006890885416663 0.328339427734375 0.4577051510416667 0.342724091796875 0.5043148619791666
0 0.70132259765625 0.2624688229166667 0.693800107421875 0.24810936458333332 0.307703720703125 0.420225671875 0.319702421875 0.4606269244791667 0.704500275390625 0.28083478385416666 0.70132259765625 0.2624688229166667
0 0.69322423046875 0.24323186197916666 0.691033154296875 0.23171695052083333 0.6843801640625 0.21807690364583332 0.6780555 0.20713890885416666 0.29421363671875 0.3679882760416667 0.30905707421875 0.41334398958333335 0.69322423046875 0.24323186197916666
0 0.27934721484375 0.31951300781249997 0.293949732421875 0.36393582291666665 0.6788856015625 0.20286151041666667 0.667414705078125 0.170565171875 0.27934721484375 0.31951300781249997
0 0.27166159765625 0.29278269270833335 0.279324208984375 0.31639332291666666 0.668791041015625 0.16680318489583335 0.65633357421875 0.127655921875 0.266820705078125 0.27100684375 0.269975333984375 0.2862530026041667 0.27166159765625 0.29278269270833335
0 0.293883306640625 0.2159652890625 0.304098306640625 0.2486754453125 0.65838658203125 0.12045288541666667 0.649519474609375 0.09217826041666666 0.297066361328125 0.21538467447916665 0.293883306640625 0.2159652890625
0 0.651113716796875 0.08622921614583333 0.643428111328125 0.05949903645833333 0.284054849609375 0.17457389062499998 0.293521966796875 0.21075142708333336 0.651113716796875 0.08622921614583333