0 0.5394140859375 1 0.833343841796875 0.9166977369791667 0.826999318359375 0.8801240260416666 0.41864180078125 0.9958561197916667 0.419126724609375 1 0.5394140859375 1
0 0.395570814453125 1 0.8314371171875 0.8766482447916667 0.817765306640625 0.8117627578125001 0.360392953125 0.9436041536458334 0.367189623046875 1 0.395570814453125 1
0 0.358412833984375 0.9364020885416666 0.360819427734375 0.9410604739583334 0.819188185546875 0.8102504635416666 0.808700451171875 0.7444625781249999 0.35149725390625 0.8773650729166667 0.358412833984375 0.9364020885416666
0 0.80483975 0.74112059375 0.79548634765625 0.6772293020833334 0.342094083984375 0.8079427057291667 0.350279115234375 0.8697238854166667 0.80483975 0.74112059375
0 0.794978876953125 0.6740460182291667 0.791088265625 0.6496408359375 0.336273123046875 0.7818665286458333 0.34141745703125 0.803698328125 0.794978876953125 0.6740460182291667
0 0.334143705078125 0.7580712473958333 0.336643244140625 0.7737504609375 0.790749951171875 0.6475186458333334 0.7858941640625 0.6222779635416666 0.333467076171875 0.7538268645833334 0.334143705078125 0.7580712473958333
0 0.785675240234375 0.615685796875 0.773038232421875 0.5416347499999999 0.351317552734375 0.6622631171875 0.362950396484375 0.7352340885416666 0.785675240234375 0.615685796875
0 0.77026209375 0.5346582864583334 0.758590259765625 0.46144273697916666 0.341307380859375 0.5785953203124999 0.352936953125 0.6515457630208333 0.77026209375 0.5346582864583334
0 0.758371337890625 0.45485057031250004 0.74629156640625 0.3895138828125 0.3315658984375 0.507050765625 0.342008265625 0.5725540703124999 0.758371337890625 0.45485057031250004
0 0.32233188671875 0.4386894921875 0.331587177734375 0.4967464479166666 0.742042783203125 0.37851863281250003 0.736191912109375 0.33137926302083337 0.729963009765625 0.3131819479166667 0.32233188671875 0.4386894921875
0 0.31682123046875 0.37802754947916667 0.321096841796875 0.4309422473958333 0.733994771484375 0.301940265625 0.729546923828125 0.26882072395833334 0.722979708984375 0.24850122135416666 0.31682123046875 0.37802754947916667
0 0.30629378125 0.3433039140625 0.311910119140625 0.3680965234375 0.725944857421875 0.2410066588541667 0.715437265625 0.1907508984375 0.3049603828125 0.3192830286458333 0.30629378125 0.3433039140625
0 0.71681037890625 0.1837075338541667 0.70550676953125 0.13367737239583333 0.296114451171875 0.25857502083333334 0.302773375 0.3107831875 0.71681037890625 0.1837075338541667
0 0.7051186875 0.12602411197916666 0.695576271484375 0.07660384635416666 0.286472501953125 0.1980926119791667 0.2945920390625 0.24902516666666666 0.7051186875 0.12602411197916666
0 0.69484987890625 0.06682839322916666 0.685307458984375 0.017408130208333334 0.277168865234375 0.13973239322916667 0.284907533203125 0.18827580989583334 0.69484987890625 0.06682839322916666
0 0.46058591015625 0 0.262214013671875 0.05622033072916666 0.274467171875 0.128004 0.685038771484375 0.005284890625 0.684071783203125 0 0.46058591015625 0