0 0.3522787265625 0 0.291375228515625 0.003943830729166667 0.2943056015625 0.04403351822916667 0.720811728515625 0.01936659895833333 0.51309528515625 0 0.3522787265625 0
0 0.291041015625 0.044262585937499994 0.291344900390625 0.08938795312499999 0.7458976015625 0.07569593229166667 0.7469801953125 0.023874026041666666 0.291041015625 0.044262585937499994
0 0.741343923828125 0.13134395052083334 0.743245267578125 0.07811690885416667 0.29122102734375 0.09174992187499999 0.294135525390625 0.14060711458333333 0.741343923828125 0.13134395052083334
0 0.306788462890625 0.151352796875 0.30651618359375 0.19049060416666666 0.66725721484375 0.18614808854166667 0.6703108359375 0.14489608072916668 0.306788462890625 0.151352796875
0 0.307216162109375 0.19411618489583335 0.307687130859375 0.21908209374999998 0.66681197265625 0.22103808333333333 0.66816173828125 0.202847140625 0.6656900859375 0.19905637499999998 0.6696669296875 0.19111988020833334 0.307216162109375 0.19411618489583335
0 0.299590828125 0.22070075 0.29684692578125 0.25604779427083335 0.669927556640625 0.2540425703125 0.66824237890625 0.218282578125 0.299590828125 0.22070075
0 0.292417783203125 0.25563484114583335 0.29082615234375 0.30295699479166666 0.698144265625 0.3100777708333333 0.699205361328125 0.25668987760416667 0.292417783203125 0.25563484114583335
0 0.6978906875 0.3658320390625 0.69979203515625 0.312604921875 0.2915880703125 0.3054015546875 0.29270542578125 0.354536890625 0.6978906875 0.3658320390625
0 0.298606912109375 0.3582735546875 0.2977585234375 0.39142388802083333 0.671751466796875 0.40684595052083333 0.673663732421875 0.36950698177083335 0.298606912109375 0.3582735546875
0 0.683606505859375 0.4345192734375 0.6831974765625 0.4083723411458333 0.294091359375 0.3934554973958333 0.294306509765625 0.4173387890625 0.683606505859375 0.4345192734375
0 0.29178095703125 0.42053560156249997 0.2905422109375 0.4441554635416667 0.683230630859375 0.4679583125 0.6835445703125 0.4357002213541667 0.29178095703125 0.42053560156249997
0 0.73404946875 0.508054671875 0.734074 0.4736408046875 0.28782278125 0.4450886354166667 0.288807978515625 0.477223046875 0.73404946875 0.508054671875
0 0.7309958515625 0.5493065989583333 0.7355114453125 0.5141247395833334 0.28874604296875 0.47840398958333336 0.287249025390625 0.5145754947916666 0.7309958515625 0.5493065989583333
0 0.2885976328125 0.5151799088541666 0.2869253359375 0.5470665494791667 0.734576525390625 0.5902192447916667 0.73517723046875 0.5544434921875 0.2885976328125 0.5151799088541666
0 0.28585373046875 0.5505269557291667 0.28323363671875 0.5835121041666667 0.7357043203125 0.6292587057291666 0.7376243671875 0.5926481302083334 0.28585373046875 0.5505269557291667
0 0.288486634765625 0.5851885885416667 0.287718861328125 0.6337742786458334 0.6798521640625 0.6817064322916666 0.681669005859375 0.6242206822916666 0.288486634765625 0.5851885885416667
0 0.28747111328125 0.6384982213541667 0.2863936484375 0.6929889557291666 0.679780548828125 0.7450945130208333 0.681229615234375 0.6835179479166666 0.28747111328125 0.6384982213541667
0 0.726723439453125 0.8005021432291667 0.727181533203125 0.7578213385416667 0.28532204296875 0.6964493619791666 0.284987828125 0.7367681171874999 0.726723439453125 0.8005021432291667
0 0.726531798828125 0.85507546875 0.727299580078125 0.8064896197916666 0.283854228515625 0.7414094609375 0.28379576171875 0.7857482083333333 0.726531798828125 0.85507546875
0 0.6465165859375 0.8701636666666667 0.64882696484375 0.8430834010416667 0.2947261015625 0.7887069427083334 0.29711420703125 0.8117899583333333 0.6465165859375 0.8701636666666667
0 0.273070162109375 0.8282244687500001 0.271273984375 0.8624731588541666 0.643324296875 0.9302164661458333 0.646225603515625 0.8926850130208334 0.273070162109375 0.8282244687500001
0 0.72855826953125 0.9691936692708333 0.72872537890625 0.9490342161458334 0.269192658203125 0.8682128619791666 0.2678343828125 0.8847652786458333 0.72855826953125 0.9691936692708333
0 0.270097181640625 0.8849119140625 0.2718255625 0.9028744973958333 0.724515470703125 0.9873863749999999 0.7266008203125 0.972571328125 0.270097181640625 0.8849119140625