0 0.70482453515625 1 0.7047146484375 0.9845981041666666 0.32963788671875 0.9339996875000001 0.326406298828125 0.9541505833333334 0.325657435546875 0.9827434192708333 0.326696748046875 0.9922355937499999 0.4934543671875 1 0.70482453515625 1
0 0.704000908203125 0.9835777473958333 0.705815728515625 0.9708290833333333 0.707278283203125 0.9432566640625 0.706367310546875 0.9214966927083333 0.33071657421875 0.8743911744791667 0.32800731640625 0.8930210807291666 0.32731009765625 0.9196420052083334 0.3264130625 0.9327638072916667 0.704000908203125 0.9835777473958333
0 0.707426046875 0.881072375 0.3308033671875 0.8428060026041666 0.329573345703125 0.8742814869791666 0.70567939453125 0.91949034375 0.707426046875 0.881072375
0 0.353893337890625 0.8093304375 0.353282912109375 0.8043662552083334 0.332232734375 0.8038328046875001 0.331697841796875 0.8369246979166666 0.707503515625 0.8781144739583334 0.70848478125 0.8406480598958334 0.353893337890625 0.8093304375
0 0.70986056640625 0.8446607526041667 0.71147810546875 0.8111725364583333 0.35630144140625 0.7864960442708333 0.354632873046875 0.8093648723958333 0.70986056640625 0.8446607526041667
0 0.7106868984375 0.8131100130208333 0.711539052734375 0.7805733515625 0.355441662109375 0.7571412786458334 0.354538908203125 0.7846814921875 0.7106868984375 0.8131100130208333
0 0.707127650390625 0.7793808255208333 0.71045662109375 0.7370878307291666 0.352777935546875 0.7105623567708333 0.3510054609375 0.7499663124999999 0.707127650390625 0.7793808255208333
0 0.7119238515625 0.6943979973958333 0.35408546484375 0.6658907161458333 0.35290997265625 0.7048096197916666 0.710839291015625 0.7358083151041667 0.7119238515625 0.6943979973958333
0 0.711968119140625 0.6927077890625001 0.712175294921875 0.6605641484375 0.340369201171875 0.6322526770833333 0.33939028125 0.6613713125 0.711968119140625 0.6927077890625001
0 0.714777251953125 0.6581469192708334 0.715640474609375 0.6251876588541666 0.34246425390625 0.5973012161458333 0.339845982421875 0.6279976067708334 0.714777251953125 0.6581469192708334
0 0.7132155859375 0.6208441015625 0.713622013671875 0.5810944869791667 0.365203443359375 0.5564103984375001 0.36352391015625 0.592698015625 0.7132155859375 0.6208441015625
0 0.715340439453125 0.5397136848958334 0.367489388671875 0.5175944583333333 0.36457069921875 0.5527298203125001 0.714300146484375 0.5794337890625 0.715340439453125 0.5397136848958334
0 0.71553349609375 0.4838775755208333 0.367638169921875 0.4634484479166667 0.363929517578125 0.5081211822916667 0.365698380859375 0.5132803567708334 0.714750841796875 0.5379939583333333 0.71553349609375 0.4838775755208333
0 0.71496598828125 0.48131271354166666 0.714436642578125 0.4288274557291667 0.3696895625 0.4105823151041667 0.366503193359375 0.4583188411458334 0.71496598828125 0.48131271354166666
0 0.7177389140625 0.42390434114583336 0.7185215703125 0.3697879557291666 0.370477423828125 0.35385078645833334 0.367964029296875 0.402541703125 0.7177389140625 0.42390434114583336
0 0.718543703125 0.3689428802083334 0.72052778125 0.3174207578125 0.371143568359375 0.30176672135416666 0.367456794921875 0.34921136718749995 0.718543703125 0.3689428802083334
0 0.722672896484375 0.308213109375 0.7230571875 0.2693085703125 0.36952359765625 0.2570212239583333 0.36706022265625 0.29165541666666667 0.722672896484375 0.308213109375
0 0.721177634765625 0.2683749505208333 0.722129392578125 0.232035265625 0.3732371484375 0.221830328125 0.37183745703125 0.25464775 0.721177634765625 0.2683749505208333
0 0.7258903203125 0.16113483333333334 0.34723621875 0.15196561458333332 0.345620142578125 0.21030755729166664 0.723640640625 0.222798109375 0.7258903203125 0.16113483333333334
0 0.72151948046875 0.15839288541666666 0.72313525390625 0.09669998177083333 0.3494332890625 0.09136491927083333 0.3473026171875 0.14943038020833332 0.72151948046875 0.15839288541666666
0 0.7245358359375 0.0916883203125 0.72638706640625 0.04523688802083334 0.360934029296875 0.04091308854166666 0.359104912109375 0.0865194453125 0.7245358359375 0.0916883203125
0 0.390640013671875 0 0.38886948828125 0.040521572916666665 0.723940044921875 0.04173840625 0.7262709296875 0.010230635416666667 0.506545650390625 0 0.390640013671875 0