0 0.738262359375 1 0.737226931640625 0.9956069791666667 0.391382791015625 0.9859728906249999 0.47706401953125 1 0.738262359375 1
0 0.733361140625 0.9890103046875001 0.73339898046875 0.9562155078125 0.39170351171875 0.9436482734374999 0.389422125 0.9754438203125 0.733361140625 0.9890103046875001
0 0.735872890625 0.9536386510416667 0.7354598671875 0.9257398437500001 0.394778015625 0.9102618489583333 0.393132326171875 0.9432502369791668 0.735872890625 0.9536386510416667
0 0.73682557421875 0.9190056979166666 0.737571697265625 0.8704233281249999 0.36416353515625 0.8530263046875 0.36176812109375 0.9033265963541667 0.73682557421875 0.9190056979166666
0 0.7393111640625 0.8677261692708332 0.740701607421875 0.8202432838541666 0.368749306640625 0.7951328750000001 0.3648849296875 0.8451926093750001 0.7393111640625 0.8677261692708332
0 0.74253124609375 0.8165669557291667 0.74493976953125 0.7742205416666667 0.37553137109375 0.7453146458333334 0.3719577421875 0.7926762057291666 0.74253124609375 0.8165669557291667
0 0.742826501953125 0.772880640625 0.74459069921875 0.7294348072916667 0.37847806640625 0.6955090208333333 0.374533501953125 0.7404175052083333 0.742826501953125 0.772880640625
0 0.74448746875 0.7224601119791667 0.742579330078125 0.6784130703125001 0.403007904296875 0.6417062942708334 0.40005833984375 0.6899279296874999 0.74448746875 0.7224601119791667
0 0.745968087890625 0.6739979895833333 0.743235279296875 0.6308099401041667 0.408251056640625 0.5928662161458333 0.403278421875 0.6387687161458333 0.745968087890625 0.6739979895833333
0 0.74671420703125 0.6254156875 0.745824150390625 0.5865051197916666 0.409722087890625 0.54320065625 0.405764037109375 0.5874891927083333 0.74671420703125 0.6254156875
0 0.414060001953125 0.49740224479166667 0.40953821875 0.5384086223958333 0.7470996328125 0.5807502005208333 0.748474337890625 0.5418113776041666 0.414060001953125 0.49740224479166667
0 0.754005158203125 0.5381460729166666 0.75470038671875 0.5144045625 0.38829457421875 0.46426064843750003 0.386600845703125 0.48793689843750004 0.754005158203125 0.5381460729166666
0 0.755705404296875 0.5115871640624999 0.756310451171875 0.4888249609375 0.3909723671875 0.4351821484375 0.38977 0.4616186041666666 0.755705404296875 0.5115871640624999
0 0.759054890625 0.48331039583333335 0.76053550390625 0.4348483411458333 0.3954210390625 0.37796989322916663 0.391740734375 0.4321221822916667 0.759054890625 0.48331039583333335
0 0.760251919921875 0.4298321145833333 0.761822716796875 0.3803907552083334 0.3990619765625 0.3206253984375 0.396236333984375 0.375207921875 0.760251919921875 0.4298321145833333
0 0.778958521484375 0.3076543958333333 0.405098107421875 0.23849695052083333 0.39974190234375 0.3043384375 0.77474653125 0.3695848854166666 0.778958521484375 0.3076543958333333
0 0.782513126953125 0.23667062239583334 0.408729783203125 0.15857999479166665 0.404337439453125 0.22246895833333333 0.779306154296875 0.2957837109375 0.782513126953125 0.23667062239583334
0 0.43849418359375 0.11872422135416666 0.435892234375 0.15507510416666667 0.775799623046875 0.22861373697916665 0.776017765625 0.1938604609375 0.43849418359375 0.11872422135416666
0 0.773260220703125 0.19142115104166668 0.7741227421875 0.15776729947916665 0.441060119140625 0.078247296875 0.438674537109375 0.11676575 0.773260220703125 0.19142115104166668
0 0.7743278125 0.11506028645833333 0.4179653359375 0.025906083333333333 0.413483595703125 0.06608014322916667 0.773839107421875 0.15275106510416667 0.7743278125 0.11506028645833333
0 0.419075634765625 0 0.4172308515625 0.025785838541666665 0.771480107421875 0.11360001302083333 0.771968810546875 0.075909234375 0.481140703125 0 0.419075634765625 0
0 0.49793438671875 0 0.774803419921875 0.06941549739583333 0.776559142578125 0.04152134375 0.52293598828125 0 0.49793438671875 0