0 0.525276662109375 0 0.790629701171875 0.11810429166666668 0.79563168359375 0.10851066927083335 0.79990201171875 0.0886718125 0.801464818359375 0.07964613020833333 0.542725853515625 0 0.525276662109375 0
0 0.431541814453125 0 0.785016939453125 0.1553432734375 0.791361353515625 0.12834952604166666 0.792173541015625 0.1188353125 0.5252427109375 0 0.431541814453125 0
0 0.374871751953125 0 0.3744551953125 0.01337571875 0.77891640625 0.18575209895833333 0.78324759765625 0.1703853203125 0.78540011328125 0.15795390104166665 0.426320921875 0 0.374871751953125 0
0 0.3703070234375 0.027685502604166665 0.367622583984375 0.04801253645833333 0.770314884765625 0.22095773697916665 0.775377728515625 0.21583619270833332 0.779831078125 0.19494033854166667 0.778932134765625 0.1904848489583333 0.37268628515625 0.013944544270833333 0.3703070234375 0.027685502604166665
0 0.770375318359375 0.23990303645833333 0.7741107265625 0.22797709375 0.365304611328125 0.051752346354166666 0.3593871015625 0.08110417708333333 0.767386130859375 0.25234291406250003 0.770375318359375 0.23990303645833333
0 0.360180044921875 0.081348265625 0.354872458984375 0.11200117708333333 0.7646403984375 0.28267109375 0.7683750078125 0.2562790078125 0.360180044921875 0.081348265625
0 0.3549946171875 0.10647210416666668 0.3434034765625 0.16859084375 0.779765484375 0.3496737265625 0.79063609375 0.2965398463541667 0.3549946171875 0.10647210416666668
0 0.341024212890625 0.1823318046875 0.33413073828125 0.21249654427083334 0.33162931640625 0.231766578125 0.3321170859375 0.23859673437499998 0.76854038671875 0.40967847135416663 0.77904227734375 0.3586740494791667 0.3454771328125 0.17590917708333334 0.341024212890625 0.1823318046875
0 0.7765073203125 0.47460936458333336 0.786418443359375 0.4221932317708333 0.329533580078125 0.23904651822916667 0.317759419921875 0.30222224999999997 0.772481306640625 0.48339007552083335 0.7765073203125 0.47460936458333336
0 0.317271224609375 0.3098653177083333 0.3074489921875 0.37141523437499996 0.762902958984375 0.5483550703125 0.775251439453125 0.4866860390625 0.317271224609375 0.3098653177083333
0 0.3051310234375 0.37515504427083335 0.294515849609375 0.436460875 0.75308073046875 0.6099049843750001 0.763291490234375 0.5509347630208333 0.3051310234375 0.37515504427083335
0 0.740513626953125 0.6728366328125 0.75133154296875 0.6151834869791667 0.295735697265625 0.4390630416666667 0.292624783203125 0.4425587682291667 0.281216666015625 0.5036205078125 0.740513626953125 0.6728366328125
0 0.28390024609375 0.5122399270833333 0.2760308046875 0.5432175729166667 0.683542498046875 0.6931529296875 0.6891723515625 0.6606388307291667 0.28390024609375 0.5122399270833333
0 0.2737128359375 0.5469573880208333 0.2659042578125 0.5824071119791666 0.68744506640625 0.7333209635416668 0.693256396484375 0.69975878125 0.2737128359375 0.5469573880208333
0 0.263037228515625 0.5893179166666667 0.25955984375 0.609400859375 0.749903791015625 0.7826073229166667 0.75241871484375 0.7680828828125 0.263037228515625 0.5893179166666667
0 0.74795143359375 0.7987063645833333 0.7481475234375 0.7879267213541666 0.25650979296875 0.6173686614583334 0.2538253515625 0.6376956901041667 0.7472193515625 0.8029343541666667 0.74795143359375 0.7987063645833333
0 0.25882690234375 0.6425752942708333 0.2549834765625 0.664772234375 0.62260449609375 0.7846149114583333 0.626325765625 0.7679470442708333 0.25882690234375 0.6425752942708333
0 0.254429650390625 0.66797075 0.248389982421875 0.7028516536458334 0.616991732421875 0.8218538932291667 0.6229092421875 0.7925020651041667 0.254429650390625 0.66797075
0 0.24790178515625 0.71049471875 0.236371939453125 0.7626123098958333 0.694510775390625 0.9047518880208334 0.70483491015625 0.8547740572916666 0.24790178515625 0.71049471875
0 0.22124212109375 0.8548151354166666 0.220144 0.8611571197916666 0.64546737109375 0.9854019583333334 0.659999130859375 0.8966530755208333 0.2392385390625 0.7701747291666666 0.234846484375 0.7810694322916666 0.22124212109375 0.8548151354166666
0 0.646280537109375 1 0.64693875 0.9961986171875 0.2219737734375 0.8650603723958333 0.210688240234375 0.9061198177083334 0.208069794921875 0.9232888567708333 0.457274146484375 1 0.646280537109375 1