0 0.25838315625 0.8362810963541666 0.29205648828125 0.8239930026041667 0.202908064453125 0.3014738984375 0.16861680859375 0.3078996614583333 0.25838315625 0.8362810963541666
0 0.297455640625 0.8241769244791667 0.327350625 0.8185749713541667 0.245697267578125 0.2919689010416667 0.2073043984375 0.30065008072916666 0.297455640625 0.8241769244791667
0 0.2776029453125 0.3125850078125 0.25323075390625 0.3195432890625 0.329988376953125 0.8180806875000001 0.351843833984375 0.8124938697916666 0.2776029453125 0.3125850078125
0 0.352972853515625 0.8149692526041666 0.37256381640625 0.8136893776041667 0.303673748046875 0.3087172890625 0.27936146875 0.31225548177083334 0.352972853515625 0.8149692526041666
0 0.347435501953125 0.3030861067708333 0.303472349609375 0.311324265625 0.37430813671875 0.8217318645833332 0.414127642578125 0.8139714401041668 0.347435501953125 0.3030861067708333
0 0.414754248046875 0.8141527578125 0.450927673828125 0.8085699557291667 0.388910822265625 0.2940597838541667 0.34894685546875 0.30041164583333335 0.414754248046875 0.8141527578125
0 0.40135006640625 0.20211608333333334 0.378612810546875 0.2075723828125 0.4575343125 0.8372223958333334 0.47487241796875 0.8315822109375 0.40135006640625 0.20211608333333334
0 0.45110752734375 0.2573556067708333 0.415936978515625 0.26394613802083333 0.478198986328125 0.7950902942708334 0.5072146796875 0.789653109375 0.45110752734375 0.2573556067708333
0 0.484395908203125 0.2499221328125 0.45261887890625 0.2546811432291667 0.510099658203125 0.7915037317708333 0.5364775390625 0.7865608385416666 0.484395908203125 0.2499221328125
0 0.52446726953125 0.31534604427083335 0.49356953125 0.31994028645833333 0.535778578125 0.7544100625 0.562014427734375 0.7481277552083333 0.52446726953125 0.31534604427083335
0 0.562156458984375 0.749467171875 0.58689946484375 0.7460262916666666 0.55184808203125 0.3114108307291667 0.52446726953125 0.31534604427083335 0.562156458984375 0.749467171875
0 0.583378001953125 0.304306890625 0.554362310546875 0.309744078125 0.589907904296875 0.7490493541666666 0.616713357421875 0.7431373619791667 0.583378001953125 0.304306890625
0 0.62018784375 0.738592796875 0.6466893125 0.7348224036458334 0.61609120703125 0.29750974479166664 0.585260048828125 0.3051498359375 0.62018784375 0.738592796875
0 0.656456029296875 0.23202762239583333 0.61676562109375 0.23826948437499998 0.654916693359375 0.7703449062500001 0.688348888671875 0.76784525 0.656456029296875 0.23202762239583333
0 0.695610029296875 0.7651107057291666 0.728513513671875 0.7625318020833333 0.69954001171875 0.2239542109375 0.6607288359375 0.23003131510416666 0.695610029296875 0.7651107057291666
0 0.7325390390625 0.7581906614583334 0.7672011015625 0.7552822213541667 0.7391351171875 0.19979588802083334 0.700200359375 0.20470055208333335 0.7325390390625 0.7581906614583334
0 0.77071814453125 0.7546231692708334 0.804500984375 0.7518795677083333 0.7784106796875 0.19083003906249998 0.741649345703125 0.19812913541666666 0.77071814453125 0.7546231692708334