0 0.23172303515625 1 0.119042306640625 0.5085839322916667 0.084098138671875 0.5228286041666667 0.195253103515625 1 0.23172303515625 1
0 0.256589982421875 1 0.131484076171875 0.4626648229166667 0.11253131640625 0.4686887708333333 0.234898431640625 1 0.256589982421875 1
0 0.270462134765625 1 0.27938333984375 0.9963633515625 0.153885134765625 0.4518312630208334 0.1362355 0.46072794791666666 0.259166181640625 1 0.270462134765625 1
0 0.28387319140625 0.9936821171875 0.3086083984375 0.9818970625 0.190571189453125 0.461555125 0.164352587890625 0.4747958567708333 0.28387319140625 0.9936821171875
0 0.313098248046875 0.9792158307291667 0.339762517578125 0.9674953984375 0.22320109375 0.4508067994791667 0.198206150390625 0.4609957604166666 0.313098248046875 0.9792158307291667
0 0.248360966796875 0.45757032812500004 0.230554013671875 0.46568015625 0.22887759375 0.46721452083333337 0.34277658203125 0.9611608255208334 0.360866240234375 0.9537867395833333 0.248360966796875 0.45757032812500004
0 0.37289403125 0.9505856927083333 0.38070665625 0.9456989765625 0.268201236328125 0.4494826223958333 0.250220755859375 0.4568122005208333 0.250646927734375 0.4591914348958333 0.363962376953125 0.9533756145833333 0.37289403125 0.9505856927083333
0 0.2697148125 0.3892965989583333 0.2560018828125 0.39573753385416666 0.384873490234375 0.9499573072916667 0.390660673828125 0.950151171875 0.398830197265625 0.9468209401041667 0.41032249609375 0.9412852213541667 0.42046926953125 0.9354470104166667 0.427163005859375 0.9284634375 0.3007725546875 0.3800401354166667 0.289733533203125 0.3819871354166667 0.2697148125 0.3892965989583333
0 0.3325102109375 0.36540059635416666 0.319672388671875 0.3706338177083333 0.304982845703125 0.3783238489583333 0.43043759375 0.9288305546875 0.436581677734375 0.93058090625 0.44896622265625 0.9289364036458333 0.46068516015625 0.9216063255208334 0.46925976953125 0.9172599791666666 0.477120583984375 0.9098006588541666 0.349789693359375 0.3600587447916667 0.3459315703125 0.3599295026041667 0.3325102109375 0.36540059635416666
0 0.481480171875 0.9037685807291668 0.505810291015625 0.8929996432291666 0.393435279296875 0.40013407552083335 0.369648802734375 0.40983041666666664 0.481480171875 0.9037685807291668
0 0.510300142578125 0.8903184114583333 0.5348087109375 0.8803277161458333 0.425303197265625 0.38884538020833337 0.40017872265625 0.3982361588541667 0.510300142578125 0.8903184114583333
0 0.53853657421875 0.8771061119791667 0.57022604296875 0.8650391744791667 0.458386376953125 0.37450833593750005 0.42877914453125 0.38657745572916663 0.53853657421875 0.8771061119791667
0 0.4935770703125 0.36101415625 0.463394837890625 0.3733176692708333 0.461482515625 0.37409721093750004 0.57547787890625 0.8628983125 0.604881384765625 0.8492102682291667 0.4935770703125 0.36101415625
0 0.60898380859375 0.8500909114583334 0.6480808125 0.8341533723958333 0.52902109375 0.306569375 0.492184916015625 0.32073432291666665 0.60898380859375 0.8500909114583334
0 0.65086823828125 0.8296131588541668 0.68745264453125 0.8138488723958334 0.57045225 0.28968034114583335 0.53245898046875 0.3043169661458333 0.65086823828125 0.8296131588541668
0 0.696109328125 0.8154259713541667 0.726501458984375 0.8004839375 0.607977091796875 0.2752346666666667 0.576413587890625 0.2872502552083333 0.696109328125 0.8154259713541667
0 0.7590584765625 0.8169968802083334 0.780875998046875 0.8064011927083333 0.632859267578125 0.15531446354166667 0.60965386328125 0.1622209765625 0.7590584765625 0.8169968802083334
0 0.678869125 0.2752697005208333 0.66325578515625 0.27908138020833334 0.661589642578125 0.2806115546875 0.77419129296875 0.7716827630208334 0.78672040625 0.762320453125 0.678869125 0.2752697005208333
0 0.814599939453125 0.7475516692708334 0.82281765234375 0.7416488359375001 0.715810427734375 0.26106190104166666 0.6793721015625 0.27421368229166665 0.78775721875 0.7584938619791667 0.803059451171875 0.7556599895833332 0.814599939453125 0.7475516692708334
0 0.726174263671875 0 0.71573437109375 0.0074990390625 0.70756484765625 0.010829270833333333 0.699916537109375 0.013096049479166668 0.884586779296875 0.7828461302083333 0.910489060546875 0.770585328125 0.7267798671875 0 0.726174263671875 0
0 0.756584666015625 0 0.9223382578125 0.7666060963541667 0.94958606640625 0.7546477890625001 0.786427921875 0 0.756584666015625 0
0 0.937369427734375 0.6958038333333333 0.958068060546875 0.6831112916666666 0.83870490625 0.18203155729166667 0.8281590234375 0.18547950260416668 0.937369427734375 0.6958038333333333
0 0.959640224609375 0.6816194270833332 0.982219732421875 0.6715641093750001 0.860927513671875 0.17041975260416667 0.840464681640625 0.17791025520833334 0.959640224609375 0.6816194270833332
0 1 0.6207211197916667 0.8871866953125 0.1597154375 0.876326125 0.16244067708333335 0.863406732421875 0.1694091223958333 0.986174232421875 0.6665481484375 0.99820187890625 0.6633471614583334 1 0.6621791302083333 1 0.6207211197916667