0 0.159863853515625 0.8406677421875001 0.20522566015625 0.8278118072916666 0.10324409375 0.38636660677083334 0.0499632265625 0.4014668697916666 0.159863853515625 0.8406677421875001
0 0.2144371171875 0.8229825807291666 0.265996294921875 0.8072609479166667 0.168789654296875 0.3644624895833333 0.11074905859375 0.38091170052083334 0.2144371171875 0.8229825807291666
0 0.269856375 0.8106042083333334 0.30055500390625 0.7996853255208333 0.201656375 0.3462732890625 0.168231884765625 0.3557460833333333 0.269856375 0.8106042083333334
0 0.3053299296875 0.7983320703125 0.333979494140625 0.7902125338541667 0.234792638671875 0.34021011458333333 0.20559448828125 0.34959443749999997 0.3053299296875 0.7983320703125
0 0.335909533203125 0.7918841666666667 0.367911580078125 0.7839238151041666 0.2691821484375 0.3315731380208333 0.2375185 0.3416562005208333 0.335909533203125 0.7918841666666667
0 0.30595912109375 0.32225953125 0.271738810546875 0.3319578645833333 0.3712640625 0.7840830026041666 0.387518884765625 0.7816948645833333 0.402131890625 0.7742254791666667 0.30595912109375 0.32225953125
0 0.405196150390625 0.7777942838541666 0.43702899609375 0.768772578125 0.34068703125 0.31574526822916665 0.308058361328125 0.3249925182291667 0.405196150390625 0.7777942838541666
0 0.438959037109375 0.7704442083333333 0.471249306640625 0.7590742421875 0.378090625 0.3051447630208333 0.34210947265625 0.31423282812500003 0.438959037109375 0.7704442083333333
0 0.47653183203125 0.7609050598958333 0.4880117265625 0.7598701770833333 0.406765822265625 0.3702324557291667 0.39511975390625 0.3746423645833334 0.47653183203125 0.7609050598958333
0 0.406288625 0.24723422916666668 0.384174830078125 0.25461078385416663 0.4940398984375 0.7559431223958333 0.503420552734375 0.7521752500000001 0.5118361875 0.7475715651041667 0.406288625 0.24723422916666668
0 0.547190716796875 0.7397704036458334 0.55543715234375 0.734105359375 0.456419498046875 0.285164296875 0.42350260546875 0.2978211640625 0.526668564453125 0.7466958723958333 0.535591796875 0.7452762604166666 0.547190716796875 0.7397704036458334
0 0.558213189453125 0.74108378125 0.593229322265625 0.7311599036458333 0.4957718125 0.26069978125 0.455832736328125 0.275346796875 0.558213189453125 0.74108378125
0 0.5965818046875 0.7313190911458333 0.6323937578125 0.7211696692708333 0.540506998046875 0.24913074739583332 0.4989869375 0.26422582552083335 0.5965818046875 0.7313190911458333
0 0.636880458984375 0.72322603125 0.664395802734375 0.7132093177083334 0.56897454296875 0.20334623958333334 0.537472814453125 0.21338341406250003 0.636880458984375 0.72322603125
0 0.614455375 0.18601933072916665 0.578985001953125 0.19718125520833332 0.669271076171875 0.7229207291666667 0.699969705078125 0.7120018489583333 0.61416715234375 0.18942894791666667 0.614455375 0.18601933072916665
0 0.701730546875 0.7126121197916667 0.732598373046875 0.7027545989583334 0.65378901171875 0.17709045312500002 0.618159111328125 0.18718827864583332 0.701730546875 0.7126121197916667
0 0.73356339453125 0.7035904140625 0.762551353515625 0.6975935937500001 0.697095892578125 0.21917312239583334 0.66668548828125 0.22668238541666666 0.73356339453125 0.7035904140625
0 0.7665304609375 0.6964658802083333 0.780516841796875 0.6902833958333333 0.79546824609375 0.6849367265624999 0.80899720703125 0.6811025026041667 0.82445620703125 0.67893990625 0.83878098828125 0.6748801380208334 0.800383447265625 0.18879121354166664 0.71668837890625 0.2102925078125 0.7665304609375 0.6964658802083333