0 0.2761738203125 0.05150941145833333 0.27605535546875 0.1004335859375 0.770061234375 0.10734441927083332 0.774801546875 0.04806846614583333 0.2761738203125 0.05150941145833333
0 0.765316130859375 0.16671172135416668 0.7690741953125 0.1572750625 0.770419021484375 0.11607736979166666 0.769885365234375 0.11069780989583333 0.27501651953125 0.10468652864583333 0.274954806640625 0.152528546875 0.765316130859375 0.16671172135416668
0 0.760519232421875 0.1804013203125 0.759399982421875 0.17063246354166664 0.276936236328125 0.1614128828125 0.2755124296875 0.23522669010416666 0.757113998046875 0.24533079427083335 0.760519232421875 0.1804013203125
0 0.750592259765625 0.32301908854166667 0.75348175 0.3145888958333333 0.756467482421875 0.28876848958333334 0.75776521484375 0.2640238880208333 0.257084857421875 0.2443830729166667 0.26062821484375 0.3012608098958333 0.750592259765625 0.32301908854166667
0 0.745210556640625 0.33230436458333334 0.74478760546875 0.32481389583333337 0.271312642578125 0.3153063723958333 0.274026912109375 0.35688251302083335 0.743110662109375 0.37234420572916666 0.745210556640625 0.33230436458333334
0 0.27088818359375 0.401175296875 0.273000384765625 0.42312121874999997 0.74032972265625 0.42536994270833334 0.739831724609375 0.40375532291666666 0.27088818359375 0.401175296875
0 0.27092271484375 0.43162709895833334 0.276748533203125 0.50720428125 0.735505642578125 0.517353359375 0.74010270703125 0.4296985729166667 0.27092271484375 0.43162709895833334
0 0.26853409375 0.5238375911458334 0.269834474609375 0.5457078203125 0.733462501953125 0.5563110442708333 0.733944923828125 0.5315573125 0.26853409375 0.5238375911458334
0 0.729092453125 0.6396372005208334 0.733178732421875 0.5617218359375 0.269664212890625 0.5489542942708333 0.276074833984375 0.628935796875 0.724863091796875 0.6425052239583333 0.729092453125 0.6396372005208334
0 0.2698813125 0.6381453854166667 0.2722155703125 0.7025225338541666 0.7295933203125 0.7234175 0.731589244140625 0.6542499348958334 0.2698813125 0.6381453854166667
0 0.264171392578125 0.7159093697916666 0.268242798828125 0.7782735833333333 0.72679015625 0.8079771979166667 0.729426498046875 0.7421535338541667 0.264171392578125 0.7159093697916666
0 0.261180701171875 0.7884896380208333 0.2627993828125 0.8354008802083334 0.7309750703125 0.8681770963541666 0.733230328125 0.8251748385416667 0.261180701171875 0.7884896380208333
0 0.255169748046875 0.8564385130208333 0.256958689453125 0.9001032812499999 0.732685037109375 0.9444579817708334 0.7352231484375 0.8960623776041667 0.255169748046875 0.8564385130208333
0 0.25835531640625 0.9045832916666666 0.258463865234375 0.9491788385416666 0.72769565234375 0.992928015625 0.730947890625 0.9464709192708334 0.25835531640625 0.9045832916666666
0 0.60925935546875 1 0.256102423828125 0.9630955104166666 0.25402475390625 0.9716013906250001 0.25446391015625 0.9783282083333332 0.486904712890625 1 0.60925935546875 1