0 0.48690472265625 0 0.318462783203125 0.015704809895833335 0.17614955078125 0.06853815364583334 0.187819529296875 0.15527056250000001 0.6106747109375 0.0031028802083333334 0.610270375 0 0.48690472265625 0
0 0.18547171875 0.16142330208333333 0.192830576171875 0.19990038802083332 0.568634185546875 0.0829176875 0.56356470703125 0.03835105208333333 0.18547171875 0.16142330208333333
0 0.591427232421875 0.12832077604166667 0.58623034765625 0.08014803645833334 0.192068658203125 0.20234494791666668 0.198369150390625 0.24666065104166668 0.591427232421875 0.12832077604166667
0 0.595515951171875 0.18483237500000002 0.59369440625 0.13760355208333333 0.20599992578125 0.24732988802083333 0.208248392578125 0.273229046875 0.20474830859375 0.2913568177083333 0.595515951171875 0.18483237500000002
0 0.584414220703125 0.23222310416666667 0.587585919921875 0.22480683072916666 0.5939911875 0.2111552317708333 0.59293825390625 0.19107836458333335 0.187217615234375 0.296551546875 0.19353206640625 0.34109056770833335 0.58490971484375 0.24167098697916667 0.584414220703125 0.23222310416666667
0 0.220927978515625 0.36224084375 0.226886873046875 0.407969015625 0.643342580078125 0.32048318229166667 0.637030953125 0.2671090442708333 0.220927978515625 0.36224084375
0 0.64517616015625 0.32149894791666667 0.226248767578125 0.41277554947916667 0.225839740234375 0.4389224817708333 0.22930241796875 0.4540275520833333 0.2323934140625 0.46204672135416663 0.627960984375 0.38362896875 0.622088583984375 0.3734956067708333 0.631913298828125 0.3571516744791667 0.647167712890625 0.34839549739583336 0.64517616015625 0.32149894791666667
0 0.242595576171875 0.5038189479166667 0.2446149765625 0.5083778671875 0.657056423828125 0.44618822656249996 0.652610759765625 0.39618273958333333 0.23948005078125 0.46138599218750004 0.237627736328125 0.4769866145833333 0.242595576171875 0.5038189479166667
0 0.667859251953125 0.5163867630208333 0.6605997421875 0.44585786197916666 0.230689568359375 0.5144232526041667 0.235743875 0.5768504036458334 0.667859251953125 0.5163867630208333
0 0.2331483125 0.5782791223958333 0.236369041015625 0.6396905078125 0.674276197265625 0.6047958229166667 0.6705599765625 0.5339365572916667 0.2331483125 0.5782791223958333
0 0.67842598046875 0.6839220260416666 0.674771693359375 0.614243703125 0.2349070859375 0.6457607317708333 0.24142335546875 0.7021178125 0.67842598046875 0.6839220260416666
0 0.247939623046875 0.7584748958333334 0.249444845703125 0.7702022369791667 0.68706681640625 0.7638163776041668 0.680693119140625 0.6932047239583333 0.2433808125 0.7054956302083334 0.243486009765625 0.7244739791666667 0.247939623046875 0.7584748958333334
0 0.694737947265625 0.8634548802083333 0.6901391484375 0.78845184375 0.2365291015625 0.778526921875 0.237687171875 0.8175821432291667 0.2434789296875 0.8431509427083334 0.694737947265625 0.8634548802083333
0 0.69651284375 0.8590634973958333 0.696760591796875 0.8637874375 0.24638411328125 0.8476271145833333 0.245151236328125 0.8750377395833334 0.249419037109375 0.9054956614583333 0.253395947265625 0.9134322317708333 0.71096412890625 0.9479100286458334 0.706380787109375 0.860516890625 0.69651284375 0.8590634973958333
0 0.256139849609375 0.9487792760416666 0.25781301953125 0.9694550494791666 0.5486450546875 0.9966854895833334 0.715825966796875 0.9810982526041667 0.7136835546875 0.948843359375 0.25535340234375 0.9168100442708332 0.255272728515625 0.93224540625 0.256139849609375 0.9487792760416666
0 0.51309528515625 1 0.5452308359375 0.9970038177083334 0.256430859375 0.9713006197916667 0.2560663203125 1 0.51309528515625 1