0 0.058394267578125 0.6621934505208333 0.08165915234375 0.6699973125 0.164554908203125 0.15000548697916666 0.14341193359375 0.14008725260416668 0.058394267578125 0.6621934505208333
0 0.196135587890625 0.16258702083333335 0.1744230859375 0.1564335078125 0.092689650390625 0.6634400052083333 0.116584126953125 0.6716089401041666 0.196135587890625 0.16258702083333335
0 0.116453875 0.6738062473958334 0.129795984375 0.6812188515625 0.211864955078125 0.17413033593750002 0.198501904296875 0.17052026041666668 0.116453875 0.6738062473958334
0 0.25123351171875 0.13583704166666666 0.2192835859375 0.12557172135416667 0.12800439453125 0.6867632942708334 0.163067037109375 0.6994255026041666 0.25123351171875 0.13583704166666666
0 0.162190548828125 0.700083203125 0.19619212109375 0.7145613515624999 0.286842052734375 0.14592881510416666 0.254023658203125 0.13541736197916668 0.162190548828125 0.700083203125
0 0.3202351796875 0.16991793229166666 0.2907061015625 0.1615491328125 0.207352669921875 0.7128825442708333 0.2352578515625 0.7225473567708334 0.3202351796875 0.16991793229166666
0 0.2399865 0.7245521197916666 0.277646640625 0.7388566640625 0.3678060703125 0.19170195833333334 0.3269439609375 0.17908186979166665 0.2399865 0.7245521197916666
0 0.4062922265625 0.205201171875 0.369815154296875 0.19486325000000002 0.2814899375 0.7375250286458334 0.317550033203125 0.7511943697916666 0.4062922265625 0.205201171875
0 0.31717387109375 0.7585320885416666 0.387153244140625 0.7807857161458333 0.48872444140625 0.21766926302083334 0.41357364453125 0.19269233593750001 0.31717387109375 0.7585320885416666
0 0.560810115234375 0.23809897395833335 0.491883833984375 0.21493336979166666 0.39075727734375 0.7866488541666666 0.454971724609375 0.8108999869791668 0.560810115234375 0.23809897395833335
0 0.4523324765625 0.833150234375 0.464491521484375 0.8365962161458333 0.594926263671875 0.14367040625 0.582795375 0.1394821328125 0.4523324765625 0.833150234375
0 0.466228458984375 0.8370884791666667 0.476465818359375 0.8412003046875 0.607953775390625 0.14736251822916666 0.595794732421875 0.1439165390625 0.466228458984375 0.8370884791666667
0 0.623402076171875 0.15295113020833334 0.609256423828125 0.14773168750000001 0.48192643359375 0.8439582734375 0.496220623046875 0.8470910390625 0.623402076171875 0.15295113020833334
0 0.495887578125 0.8503358541666667 0.511335873046875 0.8559245078125 0.640587548828125 0.15903207552083334 0.62532375390625 0.15228532291666666 0.495887578125 0.8503358541666667
0 0.654668154296875 0.1618122109375 0.642509111328125 0.15836623177083334 0.512204458984375 0.8561706744791667 0.5247595703125 0.8605039270833333 0.654668154296875 0.1618122109375
0 0.52659966796875 0.862671265625 0.5387587109375 0.8661172447916666 0.671428005859375 0.1659325703125 0.6576429296875 0.16023440364583333 0.52659966796875 0.862671265625
0 0.543285908203125 0.8661899010416666 0.572630314453125 0.8757167526041667 0.70398817578125 0.1770003671875 0.672906720703125 0.1669811796875 0.543285908203125 0.8661899010416666
0 0.73662194921875 0.1886699296875 0.706409080078125 0.17889690364583333 0.57678815234375 0.87810559375 0.6045921640625 0.8857915286458334 0.73662194921875 0.1886699296875
0 0.6140583046875 0.877774359375 0.660403560546875 0.8945402604166667 0.777251642578125 0.29822996614583336 0.72619468359375 0.28254954427083334 0.6140583046875 0.877774359375
0 0.805043609375 0.306106453125 0.779857052734375 0.29896836197916665 0.67148870703125 0.8819462447916666 0.6989929765625 0.8885844375 0.805043609375 0.306106453125
0 0.698542298828125 0.8944551927083334 0.72738746875 0.9014197760416667 0.838038435546875 0.316982890625 0.81199171875 0.30807560677083334 0.698542298828125 0.8944551927083334
0 0.8987663984375 0.3217743880208333 0.844734666015625 0.30767175520833334 0.72838591796875 0.9065444713541666 0.77951778125 0.9220552526041667 0.8987663984375 0.3217743880208333
0 0.786760109375 0.9218778359375 0.837632447265625 0.9387163619791666 0.956808978515625 0.33600060156249995 0.900688076171875 0.321108578125 0.786760109375 0.9218778359375