0 0.207015548828125 0.9254786223958332 0.243044736328125 0.9165357239583334 0.128498533203125 0.2663159296875 0.087434783203125 0.27401077343749997 0.207015548828125 0.9254786223958332
0 0.247765572265625 0.9145553671875 0.283102337890625 0.906837953125 0.17923079296875 0.2721495859375 0.138292486328125 0.28091665885416667 0.247765572265625 0.9145553671875
0 0.2865515859375 0.9083830729166666 0.2962197734375 0.9065713723958333 0.1887110625 0.24517123958333334 0.17989778515625 0.24682273958333334 0.2865515859375 0.9083830729166666
0 0.2996690234375 0.9081164921874999 0.308191751953125 0.9032322395833333 0.197573568359375 0.243510515625 0.191986017578125 0.24455755208333332 0.2996690234375 0.9081164921874999
0 0.309916376953125 0.9040047968749999 0.32096941015625 0.8997421276041666 0.21357395703125 0.23941650260416666 0.201543345703125 0.24167089322916668 0.309916376953125 0.9040047968749999
0 0.2699202578125 0.25953842187500004 0.221751392578125 0.2696604088541667 0.32465804296875 0.8957637239583334 0.364828904296875 0.8871404609375001 0.370355421875 0.8850091276041666 0.2699202578125 0.25953842187500004
0 0.32062932421875 0.2105897734375 0.307625146484375 0.21193086197916666 0.289094451171875 0.21540328906249998 0.280458462890625 0.21921303125 0.270396177734375 0.22438578125 0.373930796875 0.8799562135416666 0.37738004296875 0.8815013333333334 0.383359599609375 0.8836680364583334 0.393141046875 0.8829308463541666 0.404307341796875 0.8797426848958333 0.413635751953125 0.8747074557291666 0.423769845703125 0.86952125 0.327188041015625 0.21045647916666665 0.32062932421875 0.2105897734375
0 0.44196076171875 0.862825296875 0.358594248046875 0.28236838802083336 0.353067728515625 0.2844997213541667 0.343487533203125 0.2862949348958333 0.428377421875 0.8664663828125 0.43470962109375 0.8641840729166667 0.44196076171875 0.862825296875
0 0.445095966796875 0.8458018020833333 0.45429825 0.8473646041666667 0.464885380859375 0.8464764401041666 0.478128943359375 0.8396118255208332 0.390911609375 0.22262159114583333 0.38366046875 0.22398036458333334 0.36674113671875 0.2271508411458333 0.355087869140625 0.23262172135416667 0.445095966796875 0.8458018020833333
0 0.41176928515625 0.27240403645833333 0.3998992890625 0.2757240598958333 0.478934626953125 0.8394608515624999 0.483076298828125 0.839780484375 0.491246380859375 0.8393452447916667 0.501027828125 0.8386080546875 0.5098903359375 0.836947328125 0.5182998046875 0.8309885651041666 0.44066058984375 0.26589442447916667 0.42788293359375 0.2693845364583333 0.41176928515625 0.27240403645833333
0 0.4932847421875 0.17275759114583333 0.482697611328125 0.1736457578125 0.4634744921875 0.17834366666666668 0.446441904296875 0.18043963541666666 0.433311599609375 0.1883787578125 0.443077150390625 0.26434585677083333 0.5217233203125 0.8478787682291666 0.526670673828125 0.8480474270833334 0.53334265234375 0.8489886458333333 0.543124099609375 0.8482514557291667 0.55440365234375 0.8461378046875 0.561428275390625 0.8426300130208334 0.568679416015625 0.8412712369791667 0.574671837890625 0.8357653984375001 0.4932847421875 0.17275759114583333
0 0.576056685546875 0.8333144296875 0.606672615234375 0.8275773776041667 0.541684935546875 0.2655911588541667 0.5114246796875 0.2734530286458333 0.576056685546875 0.8333144296875
0 0.565466703125 0.21840115625 0.53912959375 0.2244321432291667 0.604633947265625 0.808236203125 0.6163665390625 0.8104205911458333 0.626147986328125 0.8096834010416667 0.6374275390625 0.80756975 0.645257845703125 0.8039109817708333 0.652169208984375 0.7993286770833333 0.587106869140625 0.21325032291666668 0.58066141015625 0.2144581223958333 0.565466703125 0.21840115625
0 0.6066826328125 0.20410339583333334 0.598777943359375 0.20558463802083335 0.66629311328125 0.8164052239583334 0.674450330078125 0.8236425260416667 0.737985978515625 0.8106409869791666 0.74581628515625 0.80698221875 0.752840908203125 0.8034744244791666 0.759878396484375 0.7922940885416666 0.713385353515625 0.1797256796875 0.620265974609375 0.20046231250000002 0.6066826328125 0.20410339583333334
0 0.76977310546875 0.79263140625 0.774141296875 0.7951000598958333 0.788983357421875 0.7956060390625 0.802566697265625 0.7919649505208333 0.8144254140625 0.7875513072916666 0.824672767578125 0.7834396145833334 0.78774751953125 0.160312453125 0.7233629765625 0.1712815989583333 0.76977310546875 0.79263140625