0 0.469592712890625 1 0.2044158125 0.8750746276041667 0.19928901953125 0.884550390625 0.194759666015625 0.9042868567708333 0.19307895703125 0.9132747994791667 0.453955791015625 1 0.469592712890625 1
0 0.558644021484375 1 0.210515154296875 0.8379719244791667 0.203818376953125 0.8648139270833334 0.20288177734375 0.8743077916666667 0.469624654296875 1 0.558644021484375 1
0 0.61869005859375 1 0.619156111328125 0.9894715755208333 0.217012787109375 0.8077096875 0.212481115234375 0.8229733411458334 0.210166208984375 0.8353527786458333 0.56360623828125 1 0.61869005859375 1
0 0.623490955078125 0.9752605 0.626441052734375 0.95499903125 0.22607381640625 0.7727095703125001 0.22094470703125 0.7777125234375001 0.2162185234375 0.7985015651041666 0.217059009765625 0.8029772942708333 0.6209321953125 0.9889440026041667 0.623490955078125 0.9752605
0 0.22626137109375 0.75376575 0.222370431640625 0.765602953125 0.628807623046875 0.9513137265624999 0.63510842578125 0.9221040677083333 0.22941293359375 0.7413973255208334 0.22626137109375 0.75376575
0 0.634318798828125 0.9218415651041667 0.640026802734375 0.891316828125 0.232555224609375 0.7111376588541667 0.228475728515625 0.7374388203125001 0.634318798828125 0.9218415651041667
0 0.639832291015625 0.8968422161458333 0.6522347578125 0.8350026640625 0.218309458984375 0.6437932682291666 0.20674501953125 0.6966660989583334 0.639832291015625 0.8968422161458333
0 0.654793517578125 0.8213191588541666 0.662080779296875 0.7913194244791667 0.66483405078125 0.7721105338541667 0.6644357578125 0.7652700677083333 0.230318267578125 0.5840588723958333 0.219150365234375 0.6348111458333333 0.650257208984375 0.8276371901041667 0.654793517578125 0.8213191588541666
0 0.223202447265625 0.5189524765625 0.2126067421875 0.5711299973958334 0.6670247578125 0.7648804713541667 0.67962405078125 0.7019883411458333 0.22734278125 0.5102667890625 0.223202447265625 0.5189524765625
0 0.68021221484375 0.6943577994791666 0.690838595703125 0.6330458203125 0.237770017578125 0.4455345755208333 0.2246162109375 0.5069068645833333 0.68021221484375 0.6943577994791666
0 0.693205162109375 0.6293605156250001 0.704621171875 0.5683110390625 0.24839639453125 0.3842225963541666 0.237415310546875 0.44294623437499997 0.693205162109375 0.6293605156250001
0 0.26178531640625 0.3215929713541667 0.250214408203125 0.3789856015625 0.7034355703125 0.5656808828125001 0.706591767578125 0.5622580781250001 0.71879740234375 0.5014711041666667 0.26178531640625 0.3215929713541667
0 0.7162270546875 0.49279055208333333 0.724500771484375 0.4620007447916667 0.3190136953125 0.3026054765625 0.312959111328125 0.3349836197916667 0.7162270546875 0.49279055208333333
0 0.72686733984375 0.45831543750000003 0.735138740234375 0.4230528177083333 0.3156374921875 0.26235274999999997 0.309387740234375 0.2957745911458333 0.72686733984375 0.45831543750000003
0 0.738095791015625 0.41620978125 0.741835517578125 0.3962108151041666 0.253833404296875 0.21162048958333335 0.251128748046875 0.2260841953125 0.738095791015625 0.41620978125
0 0.255996189453125 0.19556933072916668 0.25565903125 0.20634277083333333 0.744989396484375 0.3883152005208333 0.74793949609375 0.36805373437500005 0.256783501953125 0.19135902083333334 0.255996189453125 0.19556933072916668
0 0.743002578125 0.3630584895833333 0.7471359609375 0.3409543671875 0.381139587890625 0.2125754479166667 0.37720071484375 0.2291541796875 0.743002578125 0.3630584895833333
0 0.747731568359375 0.33776922395833336 0.754226884765625 0.30303417447916664 0.3872389296875 0.17547274479166666 0.380938126953125 0.20468240104166668 0.747731568359375 0.33776922395833336
0 0.754815048828125 0.2954036328125 0.7670253203125 0.24356227864583332 0.31081676953125 0.09078351562499999 0.299840033203125 0.14051349479166667 0.754815048828125 0.2954036328125
0 0.783359705078125 0.15172556510416665 0.784540671875 0.1454101015625 0.360908359375 0.011286963541666667 0.345217150390625 0.09968417708333333 0.76425814453125 0.23593430729166667 0.768792134765625 0.22514346614583333 0.783359705078125 0.15172556510416665
0 0.35966411328125 0 0.3595785234375 0.00045770833333333335 0.78276226953125 0.14146486458333332 0.794583521484375 0.10067428385416667 0.79742630078125 0.08356879166666666 0.546044208984375 0 0.35966411328125 0