0 0.0894873125 0.9184734921875001 0.14106416796875 0.911102796875 0.112530212890625 0.3305493854166667 0.0605538515625 0.3356128151041667 0.0894873125 0.9184734921875001
0 0.14918251171875 0.9000978619791667 0.19603410546875 0.8917514661458333 0.16535969140625 0.31910028385416667 0.120516298828125 0.3293062005208333 0.14918251171875 0.9000978619791667
0 0.206365654296875 0.3040948125 0.16557010546875 0.3105770286458333 0.19503533203125 0.8859832526041668 0.237295267578125 0.8826956927083334 0.206365654296875 0.3040948125
0 0.238825796875 0.8810093958333334 0.27789105859375 0.8750598177083333 0.24582769140625 0.2688600234375 0.207427853515625 0.2733896614583333 0.238825796875 0.8810093958333334
0 0.285424720703125 0.25545597395833336 0.251949833984375 0.2621149635416667 0.279487751953125 0.8684926588541666 0.320682810546875 0.8643177265625 0.285424720703125 0.25545597395833336
0 0.33246014453125 0.8376049036458334 0.388096845703125 0.8326298984374999 0.36429355078125 0.3162371484375 0.311585669921875 0.32760139843749997 0.33246014453125 0.8376049036458334
0 0.4225918125 0.30558231510416667 0.3712147109375 0.31410664843749997 0.391290169921875 0.81949559375 0.443614341796875 0.8147518151041666 0.4225918125 0.30558231510416667
0 0.504493607421875 0.8101665546875 0.52871772265625 0.8027097838541667 0.440620826171875 0.23077026302083334 0.419491892578125 0.23552689583333333 0.504493607421875 0.8101665546875
0 0.4702356796875 0.22286921875 0.446477115234375 0.2277524296875 0.536304236328125 0.7991593046875001 0.559555763671875 0.7897529010416666 0.4702356796875 0.22286921875
0 0.563455837890625 0.7822955572916667 0.617960224609375 0.7655177838541666 0.536023205078125 0.27181773958333333 0.486412953125 0.28472149739583336 0.563455837890625 0.7822955572916667
0 0.591495306640625 0.25480484895833333 0.538521513671875 0.26989634114583333 0.61882533984375 0.7652514817708332 0.672861041015625 0.7495294557291667 0.591495306640625 0.25480484895833333
0 0.672730345703125 0.7450128020833334 0.704740791015625 0.7351592109374999 0.622979271484375 0.25306855208333334 0.59162895703125 0.26083932552083333 0.672730345703125 0.7450128020833334
0 0.657979458984375 0.24406040364583334 0.62749948828125 0.25222775520833335 0.708401119140625 0.7352475572916667 0.73902901171875 0.7264886822916666 0.657979458984375 0.24406040364583334
0 0.74207582421875 0.7297422421875001 0.765434763671875 0.7225517942708333 0.67774016015625 0.18451198697916668 0.65510805078125 0.18972519531249998 0.74207582421875 0.7297422421875001
0 0.705890521484375 0.17341637760416664 0.681466591796875 0.1797195078125 0.77295517578125 0.7238821588541667 0.796487546875 0.7168195520833334 0.705890521484375 0.17341637760416664
0 0.795914609375 0.7143844401041667 0.823599361328125 0.7058624010416666 0.737159591796875 0.16580407552083334 0.70435992578125 0.17510265364583333 0.795914609375 0.7143844401041667
0 0.824930201171875 0.7030224895833334 0.8545449453125 0.6951215182291667 0.768560189453125 0.1561382109375 0.736570126953125 0.1664026953125 0.824930201171875 0.7030224895833334
0 0.802786978515625 0.143589296875 0.775967458984375 0.15184499739583332 0.86106659765625 0.6906837473958333 0.943455369140625 0.6665375677083333 0.852514794921875 0.13163127864583332 0.820689134765625 0.14172395052083334 0.810507150390625 0.1460733359375 0.802786978515625 0.143589296875
0 1 0.47571519270833335 0.936618953125 0.10603794010416667 0.856825638671875 0.1293851328125 0.943455369140625 0.6665375677083333 1 0.6499402734375 1 0.47571519270833335