0 0 0.505933578125 0.1301136328125 0.9154556692708334 0.17584852734375 0.8957461276041667 0.037899529296875 0.44401799739583336 0 0.4567398203125 0 0.505933578125
0 0.09898734765625 0.4210700729166667 0.045126421875 0.4380660364583333 0.181139041015625 0.8927326640625001 0.224937556640625 0.8759616145833333 0.229442193359375 0.8732289140625 0.09898734765625 0.4210700729166667
0 0.233160955078125 0.870776984375 0.27239819921875 0.8522654791666667 0.148076380859375 0.40128555989583337 0.104362720703125 0.41802629166666666 0.233160955078125 0.870776984375
0 0.27439120703125 0.8538001380208334 0.320911978515625 0.833809828125 0.199733669921875 0.38170683854166665 0.151891884765625 0.39879906249999997 0.27439120703125 0.8538001380208334
0 0.3207013515625 0.8327617317708333 0.3668575 0.8151483828125 0.252022841796875 0.3652724114583333 0.2024111484375 0.3818736145833333 0.3207013515625 0.8327617317708333
0 0.373144517578125 0.8129022473958334 0.411441890625 0.7980965651041667 0.303890759765625 0.34674179166666663 0.2615772109375 0.36185896614583335 0.373144517578125 0.8129022473958334
0 0.41573590234375 0.7943157708333333 0.453401390625 0.7763658020833333 0.3518292890625 0.32961500260416665 0.309317001953125 0.34367983333333335 0.41573590234375 0.7943157708333333
0 0.45629354296875 0.786566 0.501031931640625 0.7660891276041667 0.40490433984375 0.3128998046875 0.35611653125 0.3292066640625 0.45629354296875 0.786566
0 0.506800333984375 0.7696450104166667 0.557825740234375 0.746922 0.453832400390625 0.23363543229166664 0.397409501953125 0.25379339322916666 0.506800333984375 0.7696450104166667
0 0.56232676171875 0.7396972083333333 0.5856924609375 0.7302261015624999 0.495066013671875 0.2750714114583333 0.468468455078125 0.2845738020833333 0.56232676171875 0.7396972083333333
0 0.519792837890625 0.26399067187499997 0.497131880859375 0.27208665364583334 0.5855791953125 0.7212797968750001 0.58935458984375 0.7233010182291667 0.611148533203125 0.7143914427083334 0.519792837890625 0.26399067187499997
0 0.612874283203125 0.7104048515625 0.6490246484375 0.6974895703125 0.564012609375 0.24931581770833333 0.524279599609375 0.26463440104166663 0.612874283203125 0.7104048515625
0 0.647817517578125 0.6956741458333333 0.687840638671875 0.676881875 0.607025244140625 0.23282553385416668 0.567092328125 0.24709219270833335 0.647817517578125 0.6956741458333333
0 0.692555904296875 0.6751972708333334 0.7247768828125 0.6636858255208333 0.645322619140625 0.21801985677083333 0.60932961328125 0.23087891927083334 0.692555904296875 0.6751972708333334
0 0.7277663984375 0.6659878124999999 0.7627096328125 0.6512571067708334 0.690117638671875 0.20201613802083332 0.650780826171875 0.21494647916666665 0.7277663984375 0.6659878124999999
0 0.765853142578125 0.6501340390625 0.8059328984375 0.635814921875 0.7369463984375 0.1751757135416667 0.699193814453125 0.18754006510416665 0.765853142578125 0.6501340390625
0 0.81116678125 0.6283282994791667 0.8443276328125 0.6131110286458333 0.780267025390625 0.15183531770833333 0.742792619140625 0.16971702083333332 0.81116678125 0.6283282994791667
0 0.84552491015625 0.6104365911458333 0.874181125 0.5979520182291667 0.8151686015625 0.09892571093750001 0.77875239453125 0.10968927604166667 0.84552491015625 0.6104365911458333
0 0.88167527734375 0.5975213098958333 0.907187982421875 0.5861598046875 0.854041224609375 0.08279116666666667 0.819206904296875 0.09298957552083333 0.88167527734375 0.5975213098958333
0 0.916099892578125 0.5885926171875 0.9473243671875 0.5763138411458334 0.897053861328125 0.06630088541666666 0.862230263671875 0.07649546614583333 0.916099892578125 0.5885926171875