0 0.280717466796875 0.014636640625 0.212558001953125 0.05373397135416667 0.216440142578125 0.1110360234375 0.417487533203125 0.0050795546875000005 0.280717466796875 0.014636640625
0 0.49018027734375 0 0.43546366796875 0.0038234348958333334 0.216993689453125 0.12511909895833334 0.212160150390625 0.12654314322916668 0.211943591796875 0.14176632291666666 0.217923150390625 0.1902315 0.567443341796875 0 0.49018027734375 0
0 0.56991234765625 0 0.204490701171875 0.20094672135416666 0.208333919921875 0.23652570833333333 0.631521162109375 0.014681466145833334 0.6304529921875 0.008238372395833334 0.628735771484375 0 0.56991234765625 0
0 0.202985755859375 0.24558973697916667 0.208280369140625 0.29736164322916664 0.7151281171875 0.08922465364583333 0.70428291796875 0.020634119791666666 0.202985755859375 0.24558973697916667
0 0.202119517578125 0.3064824583333333 0.209039505859375 0.35814078906249996 0.72084487890625 0.1724694453125 0.7115406875 0.10161885677083334 0.202119517578125 0.3064824583333333
0 0.207882517578125 0.37017081510416666 0.2165130390625 0.4238821953125 0.637247599609375 0.2847673098958333 0.627165681640625 0.21486301041666667 0.207882517578125 0.37017081510416666
0 0.213560357421875 0.4316925442708333 0.221293029296875 0.4832940833333333 0.643436404296875 0.35928880208333336 0.6326269609375 0.291607921875 0.213560357421875 0.4316925442708333
0 0.6572021875 0.39851958854166664 0.655969607421875 0.38789369791666667 0.65369961328125 0.37160710937499997 0.65324131640625 0.35994734375 0.220693248046875 0.4887674401041667 0.221200556640625 0.5224069531250001 0.6572021875 0.39851958854166664
0 0.603890876953125 0.49349310937499996 0.598607111328125 0.441997234375 0.21820529296875 0.5291339921875 0.22127840625 0.565853078125 0.26259769140625 0.5597069427083333 0.603890876953125 0.49349310937499996
0 0.200233708984375 0.5694961979166667 0.2043749921875 0.6126583828125 0.59814851953125 0.5547265598958333 0.59286534765625 0.5032457291666667 0.200233708984375 0.5694961979166667
0 0.20856616796875 0.6156243828125 0.2106988515625 0.6491503203125 0.619356224609375 0.5966961953125 0.615354662109375 0.5570887291666666 0.20856616796875 0.6156243828125
0 0.217665076171875 0.6812522161458333 0.625037720703125 0.6375781744791666 0.621922025390625 0.5997757708333333 0.220365931640625 0.646302234375 0.218311095703125 0.6562224244791667 0.217665076171875 0.6812522161458333
0 0.214549482421875 0.6849179192708333 0.213644322265625 0.7240875807291666 0.631109853515625 0.6883985911458333 0.6292842890625 0.6419534921875 0.214549482421875 0.6849179192708333
0 0.218605603515625 0.7259134791666666 0.219496140625 0.7693028151041666 0.649063154296875 0.751235125 0.645314703125 0.6973343776041667 0.218605603515625 0.7259134791666666
0 0.646664017578125 0.7731285520833334 0.644491650390625 0.7593257265625 0.217955927734375 0.7715830208333333 0.218076357421875 0.8161124583333333 0.6505923984375 0.8108741666666667 0.646664017578125 0.7731285520833334
0 0.663825275390625 0.9609436796874999 0.6637863515625 0.9392206171874999 0.66233495703125 0.9230277005208333 0.660542916015625 0.8981682734374999 0.659222919921875 0.864585546875 0.656831095703125 0.8451994765625 0.660213240234375 0.8275825182291667 0.1659755859375 0.8382200208333334 0.160797744140625 0.8516173020833334 0.15810054296875 0.8659275338541667 0.1580117265625 0.8844006536458333 0.159590861328125 0.9038435130208334 0.163352576171875 0.916616125 0.169382029296875 0.9248851171875 0.666391078125 0.9640232552083333 0.663825275390625 0.9609436796874999
0 0.5098197109375 1 0.516876935546875 0.9995068619791666 0.1536392578125 0.9390206432291667 0.151495607421875 0.967413953125 0.15093474609375 0.9946103723958334 0.150447859375 1 0.5098197109375 1