0 0.044950529296875 0.8336733463541667 0.08914762109375 0.8430068541666667 0.095154625 0.840979625 0.184475466796875 0.21386848958333335 0.176566939453125 0.21109977604166666 0.16020091015625 0.20324923177083332 0.14975432421875 0.20104313020833334 0.1383618203125 0.20083445833333333 0.044950529296875 0.8336733463541667
0 0.097438072265625 0.8425604348958333 0.143791302734375 0.8545464661458334 0.232945091796875 0.221907078125 0.18900013671875 0.21152822135416668 0.097438072265625 0.8425604348958333
0 0.19226092578125 0.8625850546875 0.19788601171875 0.8637729583333332 0.278622044921875 0.23265169791666665 0.235619541015625 0.22137327083333333 0.148867416015625 0.8534212473958332 0.151150859375 0.8550020546875 0.19226092578125 0.8625850546875
0 0.201776623046875 0.8656931666666666 0.249991634765625 0.8758751770833334 0.33153125390625 0.24492361979166666 0.285854296875 0.234179 0.201776623046875 0.8656931666666666
0 0.25079521875 0.8760448776041666 0.300362783203125 0.8887097109375 0.38296059765625 0.25578443229166664 0.33410291015625 0.24546670052083333 0.25079521875 0.8760448776041666
0 0.35179212890625 0.8995705208333334 0.432361111328125 0.26292101041666666 0.418954806640625 0.2578926875 0.387112634765625 0.2500696848958333 0.30518428515625 0.8897279114583333 0.343501681640625 0.9000169401041668 0.35179212890625 0.8995705208333334
0 0.39450936328125 0.9074929192708333 0.4003890625 0.9065374010416667 0.48032151171875 0.27524644010416666 0.476430900390625 0.2733262317708333 0.4573995078125 0.2671100026041667 0.434957685546875 0.2634693515625 0.355261078125 0.8981058984375 0.39450936328125 0.9074929192708333
0 0.42775064453125 0.9189071692708333 0.44259706640625 0.9187466406250001 0.510188845703125 0.3705399947916667 0.47749653515625 0.3614388671875 0.4099445 0.9162454739583333 0.41396241796875 0.9170939739583334 0.42775064453125 0.9189071692708333
0 0.453043654296875 0.9209527421875 0.46268665625 0.9229891458333334 0.472329658203125 0.925025546875 0.48049280078125 0.9256508359375001 0.546222796875 0.37924821354166666 0.51428759765625 0.3725041614583333 0.444586154296875 0.9158709088541667 0.453043654296875 0.9209527421875
0 0.58547108203125 0.3886352317708333 0.55033051953125 0.3812142734375 0.48451071875 0.9264993385416668 0.508490916015625 0.9326620546875 0.521730173828125 0.9321621250000001 0.58547108203125 0.3886352317708333
0 0.623239509765625 0.39661114062499997 0.59109616796875 0.38982313541666663 0.525748091796875 0.9330106276041666 0.5482484296875 0.9377622317708334 0.562163962890625 0.9385037109375 0.623239509765625 0.39661114062499997
0 0.603822998046875 0.9483998307291667 0.618414810546875 0.9503827239583332 0.6886564375 0.331327 0.6350521875 0.32000689583333336 0.56846532421875 0.9409330234375001 0.585467884765625 0.943425015625 0.603822998046875 0.9483998307291667
0 0.62416286328125 0.95159659375 0.67504323828125 0.9601442838541666 0.75052803125 0.34549159114583333 0.69855103125 0.33341653385416664 0.62416286328125 0.95159659375
0 0.73717378515625 0.9710677760416666 0.81240396484375 0.3585585052083333 0.768206869140625 0.34922499479166663 0.762471736328125 0.350211046875 0.68548982421875 0.9623503854166667 0.723258251953125 0.9703262942708334 0.73717378515625 0.9710677760416666
0 0.741621443359375 0.9544295104166666 0.75486069921875 0.9539295807291667 0.81630201171875 0.4505650755208333 0.802798212890625 0.4477133541666667 0.741621443359375 0.9544295104166666
0 0.7778621875 0.9752659427083333 0.793130275390625 0.9784902447916667 0.856910927734375 0.4415633151041667 0.841132654296875 0.4371326770833333 0.7778621875 0.9752659427083333
0 0.800107912109375 0.9821609661458334 0.81723778125 0.98358125 0.880469462890625 0.44434120052083337 0.86469696875 0.43991178124999997 0.800107912109375 0.9821609661458334