0 0.145744859375 0.9746476015625 0.1970473125 0.9686630885416667 0.183372029296875 0.24408082291666666 0.132567103515625 0.24406476302083333 0.145744859375 0.9746476015625
0 0.23586860546875 0.24271104947916666 0.18425658203125 0.24397763802083336 0.19977830078125 0.9695329791666666 0.251311392578125 0.9623587473958333 0.23586860546875 0.24271104947916666
0 0.2537343515625 0.9632389218749999 0.330035748046875 0.9579037916666667 0.315829279296875 0.24248652604166665 0.24309963671875 0.24424454427083334 0.2537343515625 0.9632389218749999
0 0.339721361328125 0.9425118359375001 0.370757150390625 0.9400800052083333 0.355082703125 0.3477003489583333 0.323945005859375 0.3489104479166667 0.339721361328125 0.9425118359375001
0 0.379139345703125 0.36148802864583335 0.3790951796875 0.3472311041666667 0.370172498046875 0.3470834479166667 0.353289138671875 0.3478644140625 0.3718738203125 0.9435152135416667 0.404680669921875 0.9392397552083334 0.388603783203125 0.36989204947916665 0.379139345703125 0.36148802864583335
0 0.404103734375 0.9456980989583333 0.449291951171875 0.9416153645833334 0.432542703125 0.31960323697916665 0.391544896484375 0.31963168229166666 0.404103734375 0.9456980989583333
0 0.453791986328125 0.9422788932291667 0.496403994140625 0.939685140625 0.4793883046875 0.314901109375 0.433195017578125 0.31596163541666666 0.453791986328125 0.9422788932291667
0 0.5280272578125 0.2942027395833333 0.49079983984375 0.29735687239583336 0.526164751953125 0.9381390182291667 0.561936328125 0.933229234375 0.5280272578125 0.2942027395833333
0 0.594011337890625 0.9330531848958333 0.632853072265625 0.9273336927083333 0.575019193359375 0.29328916145833334 0.535413015625 0.29809523177083336 0.594011337890625 0.9330531848958333
0 0.611305505859375 0.23219393489583331 0.580192265625 0.23344631510416666 0.639663908203125 0.9360472239583334 0.67673666015625 0.9305341640624999 0.611305505859375 0.23219393489583331
0 0.664343837890625 0.23908050260416666 0.61723173046875 0.24101067447916666 0.676968837890625 0.9340725520833333 0.72715455859375 0.9246528385416667 0.664343837890625 0.23908050260416666
0 0.718377220703125 0.23396592708333333 0.67053552734375 0.238358234375 0.7318868359375 0.9288548229166667 0.7784570703125 0.9186683203125 0.718377220703125 0.23396592708333333
0 0.753448453125 0.320201296875 0.728681810546875 0.32309036458333334 0.781188060546875 0.9195382109375 0.8024940078125 0.9182413828125 0.753448453125 0.320201296875
0 0.804495294921875 0.9215734765625 0.8283774453125 0.9187875885416666 0.782466115234375 0.31745126822916664 0.75433306640625 0.3200981041666667 0.804495294921875 0.9215734765625
0 0.808521236328125 0.31734247916666664 0.78383198828125 0.32141105989583335 0.829107265625 0.9163253671875 0.856810806640625 0.9126392161458333 0.808521236328125 0.31734247916666664
0 0.858141826171875 0.9105614348958334 0.88563946484375 0.9085423359374999 0.836398232421875 0.31769528645833334 0.81021294921875 0.3159566354166667 0.858141826171875 0.9105614348958334
0 0.88756323828125 0.9106949296875001 0.91498359765625 0.9074963020833334 0.872516703125 0.3146313619791667 0.83890465234375 0.3185522604166667 0.88756323828125 0.9106949296875001
0 0.9157133046875 0.9050341770833333 0.9413645625 0.9020419192708333 0.901834279296875 0.3139832421875 0.8744404765625 0.3167839557291667 0.9157133046875 0.9050341770833333