0 0.148496056640625 0.2087738203125 0.139266962890625 0.2091920833333333 0.050880751953125 0.6783602838541666 0.0584203515625 0.6834815286458333 0.077035140625 0.6887981588541666 0.089187666015625 0.6902233697916667 0.1781892578125 0.22125971874999997 0.165111267578125 0.2142973359375 0.148496056640625 0.2087738203125
0 0.208059865234375 0.28522855989583334 0.218581048828125 0.2348163203125 0.20557280078125 0.2286198515625 0.19480287109375 0.22329634375 0.18726490625 0.2216620338541667 0.178651208984375 0.22228487760416668 0.09134070703125 0.6891959427083334 0.09672725390625 0.6953445520833333 0.119034333984375 0.7018886979166666 0.127648029296875 0.7012658541666666 0.206212138671875 0.2811279479166667 0.208059865234375 0.28522855989583334
0 0.126880810546875 0.7053687213541666 0.150265162109375 0.7131425520833333 0.2284213828125 0.29368247135416664 0.20636716015625 0.28379425260416663 0.126880810546875 0.7053687213541666
0 0.15088055859375 0.7133471328125 0.17549570703125 0.7215301276041667 0.251939673828125 0.298625234375 0.227138171875 0.2950572942708333 0.15088055859375 0.7133471328125
0 0.23718697265625 0.7411670468749999 0.258415142578125 0.742994484375 0.284357203125 0.289674421875 0.2634384140625 0.28711133072916667 0.23718697265625 0.7411670468749999
0 0.25872521484375 0.7483271640625001 0.2870294375 0.7507637630208334 0.31895587109375 0.2654410260416667 0.29083252734375 0.2597939401041667 0.25872521484375 0.7483271640625001
0 0.288571880859375 0.7599924895833333 0.312414998046875 0.7618176718749999 0.349883197265625 0.27463192708333334 0.32111048828125 0.2679004817708333 0.288571880859375 0.7599924895833333
0 0.313036771484375 0.775969875 0.34257175 0.7788156223958334 0.383695345703125 0.2233365546875 0.354254357421875 0.21665608072916667 0.313036771484375 0.775969875
0 0.375803775390625 0.7933496067708333 0.4152331015625 0.23294929427083333 0.390294814453125 0.22767873958333332 0.343960751953125 0.7888648984375001 0.375803775390625 0.7933496067708333
0 0.37672925390625 0.7988868151041667 0.40826378125 0.8015257291666668 0.451538810546875 0.24153229166666668 0.4222743203125 0.237351390625 0.37672925390625 0.7988868151041667
0 0.40918926171875 0.8070629322916667 0.441185775390625 0.810727046875 0.484877865234375 0.25241195312500003 0.457078833984375 0.24686037760416668 0.40918926171875 0.8070629322916667
0 0.445186541015625 0.8138002317708333 0.4804149453125 0.8211534869791667 0.5344886015625 0.3292478125 0.502843734375 0.32164759375 0.445186541015625 0.8138002317708333
0 0.482416111328125 0.8244335494791667 0.5145692265625 0.8342508255208334 0.59033461328125 0.34868470052083333 0.55631287890625 0.33942273437500003 0.482416111328125 0.8244335494791667
0 0.518253494140625 0.8180437500000001 0.544868232421875 0.8260199244791666 0.59933944921875 0.4553307682291667 0.57299841796875 0.4483842369791667 0.518253494140625 0.8180437500000001
0 0.631457810546875 0.46433193229166664 0.60407722265625 0.4569057786458333 0.544102576171875 0.833609734375 0.55425715234375 0.8387286718750001 0.573640736328125 0.8434293203125001 0.631457810546875 0.46433193229166664
0 0.576413943359375 0.8530671380208333 0.6141055 0.8647256588541666 0.68804073046875 0.41341478645833335 0.6526052734375 0.4011484114583333 0.576413943359375 0.8530671380208333
0 0.61564476171875 0.8669805468749999 0.654567041015625 0.8790481458333333 0.73026953125 0.42409131770833336 0.69203983984375 0.41300105989583336 0.61564476171875 0.8669805468749999
0 0.670256748046875 0.8790344505208334 0.680408171875 0.8771796223958334 0.760880833984375 0.4026361015625 0.750484814453125 0.3975666432291667 0.73848575 0.3953208854166667 0.656563408203125 0.8718674713541666 0.670256748046875 0.8790344505208334
0 0.769561591796875 0.4039084765625 0.76433169140625 0.4039130416666667 0.681485443359375 0.8784093072916667 0.6899488828125 0.8855808515625 0.704254439453125 0.8859785729166667 0.7074816015625 0.8792070598958334 0.787254130859375 0.41066172656250005 0.779714509765625 0.4055405026041667 0.769561591796875 0.4039084765625
0 0.70871711328125 0.8900769296875 0.7421010234375 0.9003033697916667 0.8201808515625 0.43032371354166665 0.789819177734375 0.42088307291666666 0.70871711328125 0.8900769296875
0 0.743331818359375 0.90071253125 0.777792990234375 0.9121687109375 0.858025859375 0.44116162499999995 0.828227609375 0.4307758723958333 0.743331818359375 0.90071253125
0 0.791489568359375 0.9263094869791666 0.81010434765625 0.9316261744791667 0.895864404296875 0.43805190624999996 0.8770946015625 0.43006894010416663 0.791489568359375 0.9263094869791666