0 0.248447775390625 0.21760631249999998 0.250377408203125 0.25439968229166665 0.629479943359375 0.23427806510416668 0.628427138671875 0.19864853906250002 0.248447775390625 0.21760631249999998
0 0.24822571875 0.2600375442708333 0.250268857421875 0.2989952265625 0.63326023046875 0.27524868229166666 0.632151193359375 0.23854692708333333 0.24822571875 0.2600375442708333
0 0.24955328125 0.3164611328125 0.252084982421875 0.3336242786458334 0.634094275390625 0.306706953125 0.631872916015625 0.2799062005208333 0.251364447265625 0.30433032552083333 0.250779642578125 0.3087346458333333 0.24955328125 0.3164611328125
0 0.253503830078125 0.3606782265625 0.255524748046875 0.36810194791666667 0.633191169921875 0.33615228645833334 0.63388948046875 0.33391227864583334 0.63135778125 0.31674913541666666 0.631782013671875 0.3092830885416667 0.253123818359375 0.33787721875000004 0.253503830078125 0.3606782265625
0 0.253600072265625 0.37806844270833334 0.2568128203125 0.40821748177083333 0.618487130859375 0.36688435937499997 0.617890171875 0.3399467213541667 0.253600072265625 0.37806844270833334
0 0.2563415234375 0.4147861197916667 0.257817125 0.4429222239583333 0.621586373046875 0.3948690859375 0.617742501953125 0.36824118489583335 0.2563415234375 0.4147861197916667
0 0.62745019921875 0.39779221354166666 0.255665435546875 0.4485600859375 0.257328564453125 0.4647167630208333 0.258236626953125 0.48203128906250003 0.26210819921875 0.49363226302083335 0.630407837890625 0.43863203125 0.630237576171875 0.43538555729166667 0.629556529296875 0.4223996640625 0.6287619765625 0.407249453125 0.62745019921875 0.39779221354166666
0 0.256936244140625 0.5039015182291667 0.256635208984375 0.5137166302083334 0.257770287109375 0.5353597864583334 0.260131728515625 0.5492764583333333 0.63069656640625 0.4908026822916667 0.63012902734375 0.47998110416666667 0.63003278515625 0.46259088802083337 0.62675748046875 0.4468041588541667 0.256936244140625 0.5039015182291667
0 0.2582070546875 0.5592429505208333 0.260834998046875 0.5937963125 0.6780708359375 0.5385832760416667 0.67643728125 0.5074353697916667 0.2582070546875 0.5592429505208333
0 0.258683306640625 0.5994341744791667 0.262707875 0.6295075234374999 0.623002828125 0.5774285130208333 0.62235183203125 0.5494605130208333 0.258683306640625 0.5994341744791667
0 0.6217986875 0.6166889583333334 0.61847243359375 0.5843756041666667 0.265370349609375 0.6336090807291667 0.26316190625 0.6381647864583333 0.263995951171875 0.6696230546874999 0.6217986875 0.6166889583333334
0 0.26137296484375 0.6818295546875 0.262717791015625 0.7230272421875 0.67629180859375 0.675767765625 0.674262650390625 0.6370766927083333 0.26137296484375 0.6818295546875
0 0.263342083984375 0.7349309791666667 0.26387509375 0.776204359375 0.678204177734375 0.7277870338541667 0.677912869140625 0.6911223151041667 0.263342083984375 0.7349309791666667
0 0.26427237109375 0.7837794661458334 0.265844212890625 0.8293057890625 0.627575279296875 0.7890548229166666 0.6254339921875 0.7482257369791667 0.26427237109375 0.7837794661458334
0 0.266996556640625 0.8357230442708333 0.268454892578125 0.8790850494791668 0.63063998828125 0.8474913515625001 0.62815885546875 0.8001821979166667 0.266996556640625 0.8357230442708333
0 0.2604329375 0.8972321744791666 0.259660607421875 0.913615921875 0.743788919921875 0.8739151015625 0.742937611328125 0.857682734375 0.2604329375 0.8972321744791666
0 0.2614545078125 0.9167110156249999 0.262476078125 0.9361898567708334 0.744923998046875 0.8955582604166666 0.7442034296875 0.8818188177083334 0.2614545078125 0.9167110156249999
0 0.26746050390625 0.9379000286458333 0.2677270078125 0.95853671875 0.6898165 0.9180954375 0.689039390625 0.9032778645833334 0.26746050390625 0.9379000286458333
0 0.26859558203125 0.9595431848958333 0.27076949609375 0.9854392838541667 0.68717625 0.9455278385416667 0.688363123046875 0.9214932942708334 0.26859558203125 0.9595431848958333
0 0.513095287109375 1 0.6893215625 0.9835694114583333 0.68851697265625 0.9555370885416666 0.2704684609375 0.9952543958333333 0.27058989453125 1 0.513095287109375 1