0 0.33283046484375 0 0.656603828125 0.0216895390625 0.657311123046875 0.010306263020833333 0.509819712890625 0 0.33283046484375 0
0 0.31578112109375 0.0018255026041666667 0.31496790625 0.022514914062500002 0.65663675390625 0.04477220052083333 0.656448931640625 0.025630359374999998 0.31578112109375 0.0018255026041666667
0 0.72136905859375 0.07067131770833333 0.722143548828125 0.050967140625 0.309056068359375 0.022101812499999998 0.308281580078125 0.04180598697916666 0.72136905859375 0.07067131770833333
0 0.30656712109375 0.04583543489583333 0.30694269921875 0.058902145833333336 0.718033625 0.089344125 0.718075298828125 0.07340487239583333 0.30656712109375 0.04583543489583333
0 0.718594162109375 0.105449578125 0.718311494140625 0.09001836979166666 0.306849759765625 0.061266640625 0.307039517578125 0.07906234375 0.718594162109375 0.105449578125
0 0.30303770703125 0.0809561484375 0.3033958828125 0.1284010546875 0.716750265625 0.153282375 0.71911983203125 0.10904279166666668 0.30303770703125 0.0809561484375
0 0.711823580078125 0.20040900520833335 0.71500540234375 0.157163109375 0.302579482421875 0.13031983072916667 0.30190358984375 0.1753623671875 0.711823580078125 0.20040900520833335
0 0.303015056640625 0.17579432291666666 0.30197273046875 0.22116554166666666 0.710665056640625 0.24873580729166667 0.71318535546875 0.20346786197916666 0.303015056640625 0.17579432291666666
0 0.651088720703125 0.29396855729166665 0.6530249453125 0.24470808593750001 0.301156283203125 0.22308431510416668 0.299823537109375 0.2697476119791667 0.651088720703125 0.29396855729166665
0 0.3006980078125 0.2724479921875 0.29903285546875 0.3148119921875 0.650055865234375 0.33659659375 0.65093382421875 0.29790937760416664 0.3006980078125 0.2724479921875
0 0.723250134765625 0.381007859375 0.724337626953125 0.3721926119791667 0.725773640625 0.3545104895833333 0.7226983515625 0.33848894791666667 0.28421461328125 0.3147644140625 0.286160486328125 0.321815796875 0.283985498046875 0.3394462890625 0.284805130859375 0.35629808854166667 0.723250134765625 0.381007859375
0 0.285279474609375 0.40078741145833335 0.719213150390625 0.427157765625 0.72193350390625 0.41450490885416663 0.72278544140625 0.3928303229166667 0.72161727734375 0.38484540624999997 0.284027408203125 0.35723168749999995 0.283446541015625 0.37200980208333334 0.283059298828125 0.38186185677083334 0.283372326171875 0.3927507890625 0.285279474609375 0.40078741145833335
0 0.291852814453125 0.4032225598958334 0.29225289453125 0.4684528645833333 0.6653194921875 0.49748541927083334 0.669790583984375 0.43576586458333333 0.291852814453125 0.4032225598958334
0 0.6661003984375 0.5153224583333333 0.666758716796875 0.4985738697916667 0.2898810546875 0.4722387734375 0.2892183515625 0.5395596328125 0.66257005859375 0.567435171875 0.66202470703125 0.5624575390625001 0.6661003984375 0.5153224583333333
0 0.288532115234375 0.5442622760416667 0.287957669921875 0.5965815364583333 0.6928389765625 0.6268493333333334 0.695391384765625 0.5722880338541666 0.288532115234375 0.5442622760416667
0 0.688998841796875 0.6868436875 0.69186766015625 0.6327088619791666 0.28698637109375 0.6024411979166667 0.286243884765625 0.6567001067708333 0.688998841796875 0.6868436875
0 0.292985263671875 0.6571956770833333 0.292172048828125 0.6778850885416667 0.58450339453125 0.6981862083333333 0.58554221875 0.6796144453125 0.292985263671875 0.6571956770833333
0 0.582983197265625 0.7258676276041666 0.58391258203125 0.7022226979166667 0.289761482421875 0.6826561692708334 0.28883209375 0.7063012317708334 0.582983197265625 0.7258676276041666
0 0.682599654296875 0.7930913567708333 0.685313576171875 0.7428973515625 0.28300350390625 0.718407515625 0.283475287109375 0.767177484375 0.682599654296875 0.7930913567708333
0 0.28351401171875 0.7661923098958333 0.283168673828125 0.7938298307291666 0.62729908203125 0.823804046875 0.628499537109375 0.7932626458333334 0.28351401171875 0.7661923098958333
0 0.627031220703125 0.8494710937500001 0.6280380546875 0.8238556848958334 0.283791498046875 0.7968371197916667 0.2837056953125 0.8249393177083334 0.627031220703125 0.8494710937500001
0 0.28103564453125 0.8292457239583334 0.279409220703125 0.8706244192708333 0.677755890625 0.8974718255208334 0.680744091796875 0.859151921875 0.28103564453125 0.8292457239583334
0 0.279409220703125 0.8706244192708333 0.27789896484375 0.90904759375 0.67601329296875 0.9418061692708334 0.677600994140625 0.9014126484374999 0.279409220703125 0.8706244192708333
0 0.722619833984375 1 0.724202673828125 0.9795876145833334 0.261454294921875 0.9503787135416667 0.260095703125 0.9660904921875 0.261716505859375 0.9840356276041667 0.49018028515625 1 0.722619833984375 1