0 0.228096572265625 0.9136424088541667 0.253819025390625 0.9078555963541667 0.15876682421875 0.48039340625 0.132294095703125 0.486285359375 0.228096572265625 0.9136424088541667
0 0.256246455078125 0.9075154192708333 0.280265560546875 0.9008762682291667 0.187555720703125 0.4719947734375 0.160280873046875 0.4779991380208333 0.256246455078125 0.9075154192708333
0 0.283672263671875 0.9025809505208334 0.3118221484375 0.8964539609375 0.2233717109375 0.4593382369791667 0.189716208984375 0.46732782291666664 0.283672263671875 0.9025809505208334
0 0.3140794453125 0.8939555338541667 0.342399462890625 0.8899867942708334 0.25207554296875 0.4498604765625 0.2233717109375 0.4593382369791667 0.3140794453125 0.8939555338541667
0 0.344911958984375 0.8907257421875 0.381962419921875 0.8833514348958333 0.305559982421875 0.48491602864583333 0.262930583984375 0.4941632083333333 0.344911958984375 0.8907257421875
0 0.383665771484375 0.8842037760416667 0.42791345703125 0.8747298125 0.34789471484375 0.44079666145833335 0.30230008984375 0.4526414765625 0.383665771484375 0.8842037760416667
0 0.432299435546875 0.8784793515625 0.47582304296875 0.8701979036458334 0.39844541796875 0.42825730729166667 0.349711123046875 0.44163315885416665 0.432299435546875 0.8784793515625
0 0.478974552734375 0.8686652083333333 0.507933580078125 0.8624248255208333 0.4188502578125 0.36539024479166665 0.3890820859375 0.3717440182291667 0.478974552734375 0.8686652083333333
0 0.4360518671875 0.39680206510416666 0.42647487109375 0.39814417708333333 0.5098070625 0.8654354166666667 0.5163652734375 0.8656074036458333 0.529141435546875 0.8616348723958334 0.53966030078125 0.8601607708333333 0.548135548828125 0.8535178229166666 0.46403162109375 0.38851682552083333 0.460070970703125 0.39016291406250003 0.446485666015625 0.3942488359375 0.4360518671875 0.39680206510416666
0 0.555417837890625 0.8524972916666668 0.561422103515625 0.856020046875 0.570492810546875 0.8569309791666666 0.596470462890625 0.8543815442708333 0.60818228515625 0.8472850312500001 0.613506025390625 0.8421747812499999 0.54290233984375 0.372008734375 0.4773784765625 0.3899195494791667 0.555417837890625 0.8524972916666668
0 0.623767650390625 0.85819346875 0.640120646484375 0.8580838671875001 0.647956884765625 0.8537125677083334 0.5778656328125 0.36929110416666666 0.556103828125 0.373431828125 0.5500493046875 0.37755344270833335 0.618827724609375 0.8577946979166667 0.623767650390625 0.85819346875
0 0.67248637890625 0.8535481666666667 0.6770009765625 0.8485513098958334 0.61240359765625 0.3611778515625 0.5821678671875 0.36977924218749997 0.649660234375 0.8545649088541666 0.6539611484375 0.8572353203124999 0.67248637890625 0.8535481666666667
0 0.647321294921875 0.3890159088541667 0.632117703125 0.39332861718749995 0.62062991796875 0.3905743203125 0.682281166015625 0.8532665833333333 0.688200365234375 0.8557102109375 0.700337513671875 0.8540093229166666 0.71166551953125 0.8524218281249999 0.726145033203125 0.8493016380208332 0.729126412109375 0.8456106901041666 0.6754711796875 0.382888921875 0.666570603515625 0.38413623958333337 0.647321294921875 0.3890159088541667
0 0.680181111328125 0.3778646901041667 0.732448048828125 0.8462362473958334 0.74961019140625 0.8460132526041666 0.76247141796875 0.8431198463541666 0.77192594140625 0.8385217604166666 0.778228955078125 0.8354563723958334 0.726575828125 0.366998796875 0.71460880859375 0.3708579375 0.69859607421875 0.37528403645833336 0.680181111328125 0.3778646901041667
0 0.782189607421875 0.8338102838541667 0.811957779296875 0.8274565104166666 0.769798642578125 0.38603566145833335 0.7403253203125 0.3934391614583333 0.782189607421875 0.8338102838541667
0 0.815833365234375 0.824731296875 0.84964725390625 0.8178105598958334 0.812172845703125 0.3735511067708333 0.7820709453125 0.38322478645833336 0.815833365234375 0.824731296875