0 0.53280824609375 1 0.5664190859375 0.9920980026041667 0.7790009453125 0.8683825182291667 0.766762763671875 0.8303870989583334 0.446689193359375 1 0.53280824609375 1
0 0.442228974609375 1 0.7663002109375 0.82688940625 0.759015892578125 0.804864984375 0.40862124609375 0.9927258984375 0.409866998046875 1 0.442228974609375 1
0 0.753288712890625 0.8035014609375 0.7477357265625 0.7819664296875 0.39972686328125 0.9527422473958334 0.405330431640625 0.9814782578125 0.753288712890625 0.8035014609375
0 0.3855372578125 0.8863544427083333 0.398081462890625 0.9471184661458333 0.74943414453125 0.7743543385416666 0.737923048828125 0.7278494218749999 0.3855372578125 0.8863544427083333
0 0.73452422265625 0.70933796875 0.7285593125 0.6915061432291667 0.366406673828125 0.8439688229166666 0.37347747265625 0.8888952343750001 0.736528599609375 0.7244944921875001 0.735911869140625 0.7198309609375001 0.73452422265625 0.70933796875
0 0.358902306640625 0.7940412369791666 0.36594412109375 0.8404711302083333 0.729691572265625 0.6864314166666667 0.7236254609375 0.6541977994791667 0.358902306640625 0.7940412369791666
0 0.716270498046875 0.6463098333333334 0.706039048828125 0.6030341744791666 0.34985609765625 0.7324548255208333 0.35988037890625 0.7878005911458333 0.716270498046875 0.6463098333333334
0 0.715195966796875 0.597274921875 0.710054953125 0.5720366041666667 0.376970291015625 0.6852076380208333 0.382573845703125 0.7139435677083333 0.715195966796875 0.597274921875
0 0.7123701015625 0.5690880416666667 0.7072290859375 0.5438497213541666 0.37293647265625 0.6523539817708334 0.3794395859375 0.6834249270833334 0.7123701015625 0.5690880416666667
0 0.71026451171875 0.5395296484375 0.6982334921875 0.48946420052083334 0.379845177734375 0.5846212239583334 0.3911211953125 0.6422102447916667 0.71026451171875 0.5395296484375
0 0.36886108203125 0.5284321380208333 0.378268658203125 0.5791144453125 0.694015177734375 0.49165810937500004 0.682287279296875 0.4421191041666667 0.36886108203125 0.5284321380208333
0 0.68182996875 0.4404267395833333 0.6750965 0.39632870052083335 0.356059154296875 0.47253731250000003 0.367112091796875 0.528843328125 0.68182996875 0.4404267395833333
0 0.306424728515625 0.43131252604166664 0.314444625 0.47150184895833336 0.69428486328125 0.38460459114583334 0.68982090234375 0.3491181953125 0.306424728515625 0.43131252604166664
0 0.688734271484375 0.34263263541666666 0.681793646484375 0.3106046953125 0.3152780390625 0.38234773697916663 0.309207158203125 0.390987890625 0.304342921875 0.39611347395833335 0.30503708984375 0.42081961458333333 0.306836669921875 0.4276092421875 0.688734271484375 0.34263263541666666
0 0.289361939453125 0.2978284479166667 0.30098008984375 0.36286867447916665 0.303962552734375 0.37178454427083335 0.6732558515625 0.30059055208333335 0.659887755859375 0.24723302083333332 0.289361939453125 0.2978284479166667
0 0.274043904296875 0.20691309114583334 0.288284115234375 0.280501953125 0.66009491015625 0.23516291666666667 0.647467984375 0.17132732812499998 0.274043904296875 0.20691309114583334
0 0.641123267578125 0.15306953125 0.62760338671875 0.07810922395833333 0.301938525390625 0.08374790104166667 0.31540545703125 0.17194414843750003 0.641123267578125 0.15306953125
0 0.2894713984375 0.0417825234375 0.2719498515625 0.04590188541666667 0.27673468359375 0.07043927864583334 0.625083490234375 0.0726910390625 0.617576755859375 0.043200377604166666 0.2894713984375 0.0417825234375
0 0.46719175390625 0 0.396724986328125 0.016566921874999998 0.627969470703125 0.026331278645833334 0.62313683203125 0.003424802083333333 0.567036861328125 0 0.46719175390625 0