0 0.46719175 0 0.192011826171875 0.06469552604166666 0.13977069140625 0.07786975520833334 0.136012572265625 0.10399811458333334 0.13976354296875 0.13918037239583333 0.152168478515625 0.19089457291666667 0.57664614453125 0.08815991927083333 0.565668033203125 0 0.46719175 0
0 0.145106970703125 0.19322235416666667 0.1550253125 0.27504001041666665 0.623652298828125 0.17087526822916665 0.61498416015625 0.09134057552083334 0.145106970703125 0.19322235416666667
0 0.156928490234375 0.2757947421875 0.16653840625 0.3552806458333333 0.63233454296875 0.2525327135416667 0.623548712890625 0.17691024218749998 0.156928490234375 0.2757947421875
0 0.639012845703125 0.34157363802083335 0.63130609375 0.26284238541666666 0.169932828125 0.36049322916666665 0.178334583984375 0.44124384635416664 0.639012845703125 0.34157363802083335
0 0.176815685546875 0.44663097395833334 0.1843682578125 0.5241963802083334 0.64911809765625 0.42443547395833336 0.63993794140625 0.34856893489583335 0.176815685546875 0.44663097395833334
0 0.659312013671875 0.5087065755208333 0.6500104296875 0.4315524453125 0.18657978125 0.5272827213541667 0.193478099609375 0.6082435052083334 0.659312013671875 0.5087065755208333
0 0.194233625 0.619249984375 0.200191375 0.6983923515625 0.64294241796875 0.6099280911458334 0.6326455234375 0.5248266354166666 0.194233625 0.619249984375
0 0.645657587890625 0.7054606302083334 0.63645959375 0.6222715260416667 0.202453537109375 0.7086796588541667 0.2092999296875 0.7803723697916666 0.645657587890625 0.7054606302083334
0 0.206712880859375 0.7954342005208334 0.21441728515625 0.8946022890625001 0.682063814453125 0.8171149609375 0.66864991015625 0.7156829140625001 0.206712880859375 0.7954342005208334
0 0.247548505859375 1 0.695171216796875 0.9226437395833332 0.6828347421875 0.8229444947916668 0.217245556640625 0.9023523203125 0.224954216796875 1 0.247548505859375 1
0 0.532808248046875 1 0.676620626953125 0.9661893307291667 0.67320337109375 0.9273903619791667 0.25932817578125 1 0.532808248046875 1