0 0.462260775390625 1 0.79637866796875 0.8490048359375 0.790875744140625 0.8300066770833333 0.4214879296875 0.9986635234375 0.4217156015625 1 0.462260775390625 1
0 0.413757169921875 0.9490150416666667 0.416680017578125 0.9635593333333333 0.78469880078125 0.799269796875 0.785147865234375 0.7931196015625 0.78175071484375 0.7845999218749999 0.778634333984375 0.777477375 0.774853521484375 0.7698434895833333 0.414364947265625 0.9240901380208334 0.41003217578125 0.9248893671874999 0.411894673828125 0.9369522057291667 0.413757169921875 0.9490150416666667
0 0.409413978515625 0.896658859375 0.413916658203125 0.9218594192708333 0.783481572265625 0.7652635416666667 0.78158158203125 0.75021921875 0.77867098828125 0.7385308307291667 0.409413978515625 0.896658859375
0 0.759177470703125 0.7058130182291666 0.453152427734375 0.83760684375 0.452525486328125 0.8400769895833333 0.454210107421875 0.8484597760416667 0.456035111328125 0.857541125 0.4587388984375 0.8654054973958334 0.76646791015625 0.7309110442708334 0.759177470703125 0.7058130182291666
0 0.7602534765625 0.6971926770833333 0.760038109375 0.690531140625 0.757548669921875 0.6809384479166667 0.75387075 0.6710216380208333 0.445749513671875 0.8035643619791667 0.44617066796875 0.8056600598958333 0.449362033203125 0.8187455755208334 0.452242029296875 0.8302817239583334 0.7602534765625 0.6971926770833333
0 0.754600583984375 0.6662685755208334 0.754768876953125 0.6587212447916667 0.74912556640625 0.6390245208333333 0.74789959375 0.6357189166666667 0.441069732421875 0.7663028359375 0.4437745390625 0.7825570651041667 0.445599544921875 0.7916384140625 0.4471062890625 0.7963411484375 0.754600583984375 0.6662685755208334
0 0.742237955078125 0.6354954661458333 0.73644467578125 0.6038727942708334 0.44687091796875 0.7252968177083333 0.45192824609375 0.7532573619791667 0.742237955078125 0.6354954661458333
0 0.76694237109375 0.5907308567708334 0.761224076171875 0.5650711588541667 0.3583529921875 0.7292185807291666 0.3630254609375 0.7580589505208333 0.76694237109375 0.5907308567708334
0 0.762477958984375 0.5601308671874999 0.757667375 0.53339815625 0.352802990234375 0.6960115546875 0.3579979453125 0.7246569192708333 0.762477958984375 0.5601308671874999
0 0.432345814453125 0.6390442994791666 0.434711880859375 0.6508180104166666 0.735461099609375 0.5374901197916667 0.737136138671875 0.5346455260416666 0.736817876953125 0.5302669088541666 0.73503036328125 0.5241670442708334 0.733242849609375 0.5180671796874999 0.73040723828125 0.5123417630208333 0.42845252734375 0.622465953125 0.429856376953125 0.6294516067708333 0.432345814453125 0.6390442994791666
0 0.735816015625 0.5029221901041666 0.7286659609375 0.4785227317708333 0.423772744140625 0.5852044270833333 0.42952853125 0.613845609375 0.735816015625 0.5029221901041666
0 0.726981341796875 0.47013994791666663 0.7261015390625 0.46296706510416663 0.72445441015625 0.45756576822916667 0.72151590625 0.45412327343750003 0.39921662109375 0.5580389140625001 0.4047570390625 0.5800185625 0.725970736328125 0.4734958828125 0.726981341796875 0.47013994791666663
0 0.73792969921875 0.44077198697916664 0.732838345703125 0.41264214583333336 0.344946779296875 0.438914421875 0.34662063671875 0.46960303385416663 0.73792969921875 0.44077198697916664
0 0.68605682421875 0.3866785208333334 0.68216353515625 0.3701001744791667 0.402095955078125 0.41026106510416666 0.404667041015625 0.42864481249999997 0.68605682421875 0.3866785208333334
0 0.408544083984375 0.4311676979166667 0.410574876953125 0.43568320833333335 0.694956900390625 0.414196359375 0.692926109375 0.4096808489583333 0.408544083984375 0.4311676979166667