0 0.135162525390625 0.6492947604166667 0.148083099609375 0.6514100234375 0.13170837109375 0.19723018489583333 0.11809669921875 0.19500177864583335 0.135162525390625 0.6492947604166667
0 0.208367814453125 0.17479733333333333 0.1646897734375 0.16983311718750002 0.174519310546875 0.6491786588541667 0.212175962890625 0.6586231875 0.214896103515625 0.6557888567708333 0.208367814453125 0.17479733333333333
0 0.232562712890625 0.6597743203125 0.246999181640625 0.6632309739583333 0.2688026484375 0.6668004791666666 0.278691435546875 0.6662329635416667 0.279402736328125 0.1689351640625 0.22100431640625 0.16374747135416667 0.22620160546875 0.6576397109375 0.232562712890625 0.6597743203125
0 0.30817355078125 0.6754324348958334 0.309363681640625 0.66250865625 0.31652115625 0.15752043489583334 0.2907385234375 0.15439270572916666 0.282842408203125 0.6745650572916667 0.299092302734375 0.67613215625 0.30817355078125 0.6754324348958334
0 0.310709451171875 0.6835001197916667 0.348762814453125 0.6886367213541668 0.3682175625 0.1747295390625 0.3214468125 0.16816579166666668 0.310709451171875 0.6835001197916667
0 0.352701314453125 0.6903747239583334 0.38984796484375 0.6964561041666667 0.41202285546875 0.17971458854166666 0.372631720703125 0.1732657578125 0.352701314453125 0.6903747239583334
0 0.483112755859375 0.717190828125 0.487348791015625 0.7156978854166667 0.516975744140625 0.18924418750000002 0.4594561953125 0.18310715885416665 0.4365732109375 0.7062920572916668 0.44273596484375 0.7105806328125 0.483112755859375 0.717190828125
0 0.5245946171875 0.7207022838541667 0.52812229296875 0.71800015625 0.567397330078125 0.166888734375 0.525434939453125 0.16111217447916668 0.4934974296875 0.71123840625 0.4971383984375 0.7162073515624999 0.5245946171875 0.7207022838541667
0 0.5299498359375 0.72485865625 0.5677056640625 0.7332262057291666 0.614531939453125 0.17132561718749997 0.573388904296875 0.16568319791666666 0.5299498359375 0.72485865625
0 0.57154498828125 0.7360411875 0.61979878515625 0.7461273828125 0.679106576171875 0.1644058203125 0.621626083984375 0.15827518489583334 0.57154498828125 0.7360411875
0 0.625352357421875 0.7481297916666666 0.628384146484375 0.7508125703125 0.662102296875 0.7585190989583334 0.67602876171875 0.7586126015625 0.7448003984375 0.1631353359375 0.7139156796875 0.16026554947916666 0.69766578515625 0.158698453125 0.6846151875 0.15984155729166666 0.625352357421875 0.7481297916666666
0 0.6889493359375 0.7607278645833334 0.707522658203125 0.7637685546875 0.718629806640625 0.767773375 0.720740765625 0.7626528723958333 0.798012701171875 0.18168583072916666 0.7511613984375 0.17620211197916666 0.67965561328125 0.7548334921875001 0.6889493359375 0.7607278645833334
0 0.75770317578125 0.7796362708333334 0.764262640625 0.7796169218750001 0.850899240234375 0.18597116145833334 0.803054865234375 0.182511296875 0.725288447265625 0.7666770390625 0.7320603828125 0.7732517838541666 0.75770317578125 0.7796362708333334
0 0.77034033203125 0.7937305338541667 0.81152466015625 0.8004729348958333 0.907568275390625 0.22039261979166666 0.858420580078125 0.213439734375 0.77034033203125 0.7937305338541667
0 0.81778658984375 0.8036845286458334 0.858871740234375 0.8115039088541667 0.967014279296875 0.22465859895833332 0.914451904296875 0.21933312239583333 0.81778658984375 0.8036845286458334