0 0.748266083984375 0.9242005026041666 0.747253615234375 0.9090345468750001 0.39057860546875 0.8956362812499999 0.388358203125 0.9747194817708333 0.745007052734375 0.9861193932291666 0.7464924140625 0.9752351692708333 0.748266083984375 0.9242005026041666
0 0.75043733203125 0.9035356223958333 0.751482515625 0.8590277083333334 0.386755921875 0.8523266223958333 0.386450908203125 0.8912007968750001 0.75043733203125 0.9035356223958333
0 0.75058364453125 0.8525388333333334 0.7516572265625 0.8102001875 0.386888033203125 0.8002451979166666 0.387424935546875 0.8412573307291668 0.75058364453125 0.8525388333333334
0 0.752300513671875 0.7971656276041666 0.752887001953125 0.7797925260416667 0.751931333984375 0.7689651145833333 0.75181773828125 0.76028803125 0.378911763671875 0.7505224140625 0.377064279296875 0.7959185989583334 0.74997307421875 0.8058995208333334 0.752300513671875 0.7971656276041666
0 0.75363400390625 0.7125072708333334 0.751107775390625 0.7060562734375 0.376702236328125 0.7060902447916666 0.37806671484375 0.7481449427083334 0.750947263671875 0.7559684296875 0.75320370703125 0.7418113593750001 0.75363400390625 0.7125072708333334
0 0.38995259375 0.6612982734375 0.39041803125 0.6968514505208333 0.747782064453125 0.7007088463541667 0.74996751171875 0.6811286015625 0.748169765625 0.6681508541666666 0.38995259375 0.6612982734375
0 0.74894084375 0.6648780104166666 0.750170623046875 0.6344703515625 0.389526615234375 0.6287592161458333 0.38990673046875 0.6577949010416667 0.74894084375 0.6648780104166666
0 0.384308083984375 0.540998453125 0.385398052734375 0.6242575572916667 0.7558663671875 0.6343377916666667 0.756442978515625 0.5540369140625 0.754687828125 0.5443130729166666 0.384308083984375 0.540998453125
0 0.756986869140625 0.5334099088541667 0.7567028828125 0.5117172057291667 0.38386790625 0.5073747630208333 0.384990291015625 0.530936859375 0.756986869140625 0.5334099088541667
0 0.75747396484375 0.5084443619791666 0.7579752578125 0.4845634505208333 0.385197076171875 0.48455954947916663 0.385463099609375 0.5048802213541667 0.75747396484375 0.5084443619791666
0 0.383630837890625 0.42709282291666667 0.384966001953125 0.4669085755208333 0.756934390625 0.4672282265625 0.756295423828125 0.4184196432291667 0.383531443359375 0.41950037760416664 0.383630837890625 0.42709282291666667
0 0.759024763671875 0.3782123932291667 0.758258001953125 0.31964209375 0.380753943359375 0.33168280208333334 0.381530771484375 0.39102209374999997 0.759024763671875 0.3782123932291667
0 0.75990241796875 0.25873434375 0.758175666015625 0.2511797708333333 0.37987212890625 0.2643240520833333 0.379051248046875 0.3259657161458333 0.75817134765625 0.3130229140625 0.760470390625 0.30211974999999996 0.75990241796875 0.25873434375
0 0.760834009765625 0.20554934635416666 0.75906466015625 0.19474086718750003 0.33924933984375 0.20776630208333333 0.3398141796875 0.25091246875 0.76120319140625 0.23374986197916667 0.761874876953125 0.2228845703125 0.760834009765625 0.20554934635416666
0 0.76484004296875 0.07634520052083334 0.76151433203125 0.07099777343750001 0.3798850859375 0.078794625 0.380601623046875 0.1957014661458333 0.75900786328125 0.190402328125 0.76299105859375 0.18379983333333336 0.76484004296875 0.07634520052083334
0 0.496727423828125 0 0.37242780078125 0.0028928776041666666 0.37233105078125 0.061324846354166664 0.766197611328125 0.05569925781250001 0.7674415859375 0.02637623177083333 0.767096287109375 0 0.496727423828125 0