0 0.6360699140625 1 0.372253896484375 0.9591589348958333 0.37034382421875 0.9705786380208333 0.4472971875 1 0.6360699140625 1
0 0.721415908203125 1 0.72637233984375 0.9744326901041668 0.3867123671875 0.9215452604166666 0.3779425234375 0.9623240364583333 0.6435946953125 1 0.721415908203125 1
0 0.734604802734375 0.9755275546875 0.739305615234375 0.93935096875 0.389301779296875 0.8798882213541667 0.3851902421875 0.9178844010416666 0.734604802734375 0.9755275546875
0 0.73626137890625 0.9320291822916666 0.739743541015625 0.8943603958333334 0.3954845390625 0.8314561875 0.389085283203125 0.8711365937500001 0.73626137890625 0.9320291822916666
0 0.708659240234375 0.8670812578125 0.7135590390625 0.8371387109375 0.35206195703125 0.7605076692708334 0.3454301171875 0.7965158645833333 0.708659240234375 0.8670812578125
0 0.362050490234375 0.7212211796875 0.35490724609375 0.7615955 0.727686017578125 0.8394609270833334 0.733765341796875 0.8016297395833334 0.362050490234375 0.7212211796875
0 0.73716716015625 0.7989541015625 0.742066958984375 0.7690115520833333 0.340128923828125 0.6728135755208333 0.33409172265625 0.7075211015625 0.73716716015625 0.7989541015625
0 0.74532019140625 0.7682027213541667 0.750523388671875 0.7404288020833333 0.34599731640625 0.6285419479166666 0.3402333984375 0.6687482578125 0.74532019140625 0.7682027213541667
0 0.35665385546875 0.5888154947916667 0.35083378515625 0.62661671875 0.754085013671875 0.7346063359375 0.7596595234375 0.7009076692708334 0.35665385546875 0.5888154947916667
0 0.762954302734375 0.6969445625 0.766331951171875 0.6633411458333334 0.363718142578125 0.5461421276041667 0.357061751953125 0.5869188151041667 0.762954302734375 0.6969445625
0 0.485165064453125 0.5425012005208333 0.480364734375 0.5755607578125 0.769077794921875 0.6613119739583333 0.773239005859375 0.6259548802083333 0.485165064453125 0.5425012005208333
0 0.77276391015625 0.6226948125 0.77715629296875 0.5915320546875 0.49163066015625 0.5024851927083334 0.486080326171875 0.5418248515625 0.77276391015625 0.6226948125
0 0.77817605859375 0.5867902604166667 0.783891638671875 0.5530544140625 0.4373574140625 0.4462228072916667 0.432286958984375 0.483182875 0.77817605859375 0.5867902604166667
0 0.444605119140625 0.4017832369791667 0.438377150390625 0.44148114062500005 0.783996138671875 0.548989109375 0.789527197265625 0.5147873958333333 0.444605119140625 0.4017832369791667
0 0.791139349609375 0.5086147083333333 0.794621494140625 0.4709459817708333 0.426856998046875 0.3447080989583333 0.420425109375 0.3853543203125 0.791139349609375 0.5086147083333333
0 0.7967604921875 0.4645795390625 0.799200939453125 0.4304397526041666 0.435223962890625 0.29864361197916667 0.429503373046875 0.3395619192708333 0.79502940625 0.4690492369791666 0.7967604921875 0.4645795390625
0 0.4426706015625 0.26043805989583335 0.437362908203125 0.29227728645833334 0.81162381640625 0.4312620078125 0.814869060546875 0.40482378125 0.4426706015625 0.26043805989583335
0 0.816727541015625 0.40037121354166666 0.825601884765625 0.35552713281250004 0.46181690234375 0.2072053046875 0.45344495703125 0.2604519895833333 0.816727541015625 0.40037121354166666
0 0.8246916015625 0.3490211458333334 0.831327431640625 0.30742661458333337 0.469187421875 0.15413659635416668 0.461717408203125 0.204088421875 0.8246916015625 0.3490211458333334
0 0.476730212890625 0.10206475260416666 0.4693780078125 0.15056977083333334 0.8297058515625 0.30064867968750003 0.835988478515625 0.25938190104166664 0.476730212890625 0.10206475260416666
0 0.84061469140625 0.2535034635416667 0.843987333984375 0.22708236979166666 0.441601916015625 0.04347624479166667 0.436702103515625 0.07341885677083333 0.84061469140625 0.2535034635416667
0 0.448359908203125 0 0.44302956640625 0.036837833333333334 0.845211041015625 0.22139226822916666 0.849234310546875 0.18204395052083333 0.464016611328125 0 0.448359908203125 0
0 0.466270837890625 0 0.84767845703125 0.18128288281250002 0.855329044921875 0.14212888541666666 0.60017177734375 0.018148674479166665 0.552702814453125 0 0.466270837890625 0