0 0.351986501953125 0 0.35072317578125 0.020667981770833333 0.69386146484375 0.07140949218749999 0.696392392578125 0.04154140364583333 0.694265708984375 0.040990223958333336 0.39629516796875 0 0.351986501953125 0
0 0.35015843359375 0.024541776041666668 0.348081638671875 0.049129122395833336 0.69049353515625 0.09968236979166667 0.693437919921875 0.0743147578125 0.35015843359375 0.024541776041666668
0 0.3451760703125 0.04837607291666667 0.340175361328125 0.10336148697916665 0.66735041796875 0.15534484635416665 0.675400912109375 0.09979084895833333 0.3451760703125 0.04837607291666667
0 0.33698742578125 0.10454530208333333 0.3335806875 0.15893877604166667 0.66136180859375 0.21348318749999998 0.668665087890625 0.15633654427083335 0.33698742578125 0.10454530208333333
0 0.327790048828125 0.162463140625 0.323857361328125 0.19460973697916664 0.683553732421875 0.254606859375 0.687655861328125 0.22256506510416665 0.327790048828125 0.162463140625
0 0.3218603515625 0.2031373333333333 0.316515826171875 0.24496831249999998 0.677128525390625 0.3102889583333333 0.68247302734375 0.2684579739583333 0.3218603515625 0.2031373333333333
0 0.315083537109375 0.24962225000000002 0.309900705078125 0.29551515624999997 0.672019908203125 0.3621554322916667 0.677310666015625 0.31938133333333335 0.315083537109375 0.24962225000000002
0 0.31952595703125 0.30705500520833334 0.316884419921875 0.3355161432291667 0.631048837890625 0.39884883854166664 0.635340134765625 0.36922967187500005 0.31952595703125 0.30705500520833334
0 0.29989496484375 0.33312296874999997 0.29725342578125 0.36158410677083336 0.662903234375 0.436063734375 0.666056955078125 0.4069170338541667 0.29989496484375 0.33312296874999997
0 0.296991556640625 0.36855142968750004 0.295217630859375 0.39623230468750004 0.660153076171875 0.4663015625 0.663718263671875 0.4384716979166667 0.296991556640625 0.36855142968750004
0 0.66957252734375 0.48622014062499996 0.67071585546875 0.47346066927083336 0.29126448828125 0.42334852083333335 0.28882341796875 0.4297510494791667 0.28670566796875 0.4442775572916667 0.28632305859375 0.4572437890625 0.28926958984375 0.4680576119791667 0.664631107421875 0.5201153463541667 0.665760572265625 0.5123678932291666 0.667878322265625 0.4978413854166666 0.66957252734375 0.48622014062499996
0 0.2839024453125 0.4686767005208334 0.27886080078125 0.5136011458333333 0.628113087890625 0.5689423463541666 0.632129666015625 0.5220451953124999 0.2839024453125 0.4686767005208334
0 0.27742850390625 0.5182551432291667 0.271519244140625 0.5639598489583334 0.621527525390625 0.6232029661458334 0.62567201953125 0.575344875 0.27742850390625 0.5182551432291667
0 0.27749206640625 0.5695279375 0.2756588515625 0.6182990260416666 0.634092384765625 0.6830548177083333 0.638969396484375 0.6343557109375 0.27749206640625 0.5695279375
0 0.269726974609375 0.6227918385416666 0.264705818359375 0.6727468046874999 0.6244178984375 0.7455436927083333 0.630339685546875 0.688112421875 0.269726974609375 0.6227918385416666
0 0.260650298828125 0.6747106901041667 0.25504390234375 0.7235089895833333 0.617453203125 0.8023605911458334 0.622865091796875 0.75619503125 0.260650298828125 0.6747106901041667
0 0.254035158203125 0.7252576614583334 0.24798472265625 0.7719307656250001 0.6113088203125 0.858210890625 0.61545616796875 0.8108881848958333 0.254035158203125 0.7252576614583334
0 0.24481723828125 0.7781450286458332 0.240078453125 0.8261630677083334 0.6097803046875 0.9141890364583333 0.614228619140625 0.8658464453125 0.24481723828125 0.7781450286458332
0 0.237052166015625 0.8314088020833333 0.232172185546875 0.8803953671875 0.607142375 0.97209040625 0.611265908203125 0.9223651119791666 0.237052166015625 0.8314088020833333
0 0.60177569140625 1 0.6042272109375 0.9758172734375 0.231748630859375 0.8833006953125001 0.22715102734375 0.9303503359374999 0.49588837890625 1 0.60177569140625 1