0 0.282577572265625 0 0.280770853515625 0.037159223958333334 0.7111513671875 0.044332828125 0.712366361328125 0.027006666666666665 0.51965291015625 0 0.282577572265625 0
0 0.671623265625 0.09669444010416667 0.674266966796875 0.051830026041666664 0.2791452109375 0.04645460677083333 0.27854620703125 0.08803443229166667 0.671623265625 0.09669444010416667
0 0.2784533984375 0.08921177864583334 0.275719673828125 0.15787153906249998 0.665061140625 0.18058264843750002 0.671252015625 0.10140405468750001 0.2784533984375 0.08921177864583334
0 0.262813251953125 0.2762925989583333 0.268112037109375 0.27703516666666667 0.682713130859375 0.31847140104166666 0.6952933125 0.19286228125000002 0.270142515625 0.160661171875 0.263969181640625 0.22764847916666667 0.262813251953125 0.2762925989583333
0 0.260675767578125 0.2807546171875 0.25821488671875 0.300646421875 0.64841646875 0.3419070260416666 0.651246943359375 0.32120418229166664 0.260675767578125 0.2807546171875
0 0.640702939453125 0.3756750078125 0.643301654296875 0.3427081875 0.25979550390625 0.30324870833333334 0.254271787109375 0.3619943619791666 0.6388945625 0.40994301562499996 0.640702939453125 0.3756750078125
0 0.253295888671875 0.36304795052083333 0.2485174921875 0.43499230208333334 0.6318213671875 0.490145796875 0.6381042265625 0.408641828125 0.253295888671875 0.36304795052083333
0 0.2552112734375 0.44069192447916666 0.250753443359375 0.47458863802083334 0.614957875 0.5296787421875 0.618082154296875 0.49273478645833335 0.2552112734375 0.44069192447916666
0 0.61214223828125 0.5680874973958333 0.6150193828125 0.5315885651041666 0.25145096484375 0.47706724739583334 0.252188044921875 0.5102626822916666 0.61214223828125 0.5680874973958333
0 0.242299126953125 0.513877359375 0.237847013671875 0.5930097786458334 0.659470982421875 0.6699516197916666 0.666233859375 0.5892347291666666 0.242299126953125 0.513877359375
0 0.23649987109375 0.5987729010416667 0.230374326171875 0.6764804557291666 0.651686197265625 0.7613270260416667 0.659006931640625 0.6758385026041666 0.23649987109375 0.5987729010416667
0 0.610218708984375 0.7963734635416667 0.61318866015625 0.7586971875 0.230700544921875 0.6836685911458332 0.226940310546875 0.7200437682291666 0.610218708984375 0.7963734635416667
0 0.22656906640625 0.7247533020833333 0.223877537109375 0.758897546875 0.60901413671875 0.841757875 0.61082339453125 0.8000294114583334 0.22656906640625 0.7247533020833333
0 0.641983142578125 0.9484337421875 0.650524623046875 0.862731984375 0.222344708984375 0.7670155078124999 0.21680462109375 0.8470197890625001 0.641983142578125 0.9484337421875
0 0.637224291015625 1 0.64184533984375 0.9615087604166667 0.21742853125 0.8520349609375 0.211601544921875 0.9379385260416666 0.4110367265625 0.9902869166666667 0.480347083984375 1 0.637224291015625 1