0 0.469658576171875 1 0.15645558203125 0.8920562291666667 0.151620173828125 0.91243640625 0.46058591015625 1 0.469658576171875 1
0 0.66633780078125 1 0.671161375 0.9669500833333333 0.2355502109375 0.8290766093749999 0.220751078125 0.8801580416666667 0.57681770703125 1 0.66633780078125 1
0 0.240286607421875 0.7993659505208334 0.23710196484375 0.8193427057291666 0.67374849609375 0.9455025859375 0.6789028828125 0.88707546875 0.25098321484375 0.7635812187500001 0.240286607421875 0.7993659505208334
0 0.680833234375 0.8854044765625 0.688763755859375 0.8200008906249999 0.27461518359375 0.7092817760416666 0.26425871484375 0.7638084661458334 0.680833234375 0.8854044765625
0 0.285122775390625 0.659026015625 0.278559943359375 0.7001936145833333 0.690694109375 0.8183298984374999 0.69845547265625 0.7539874088541666 0.290555658203125 0.6406031041666667 0.285122775390625 0.659026015625
0 0.697997767578125 0.7516396223958334 0.70638599609375 0.6885838255208333 0.316794607421875 0.5803882890625 0.30497065234375 0.6389013880208333 0.697997767578125 0.7516396223958334
0 0.709112365234375 0.6871384296874999 0.715739396484375 0.6246925286458334 0.33109327734375 0.5167894921875 0.319102681640625 0.5763478958333333 0.709112365234375 0.6871384296874999
0 0.725084203125 0.5817307447916666 0.72784048046875 0.5592221536458334 0.30464715625 0.44261257031249995 0.2917017421875 0.497722609375 0.71899455078125 0.6199301614583334 0.72278562890625 0.606587125 0.725084203125 0.5817307447916666
0 0.728517109375 0.5549777760416666 0.736517255859375 0.4995752421875 0.316508005859375 0.3838680520833333 0.305346958984375 0.438222828125 0.728517109375 0.5549777760416666
0 0.739581939453125 0.49600765885416664 0.744756181640625 0.4531126640625 0.370577697265625 0.3526123828125 0.361761673828125 0.39225719531250003 0.739581939453125 0.49600765885416664
0 0.74304475390625 0.4481914869791667 0.75669670703125 0.367773875 0.342548134765625 0.2570547604166667 0.3281773828125 0.33154349479166667 0.74304475390625 0.4481914869791667
0 0.348369095703125 0.23097858333333332 0.345862591796875 0.24670148437499997 0.7577116484375 0.3614073046875 0.769264091796875 0.2837217786458333 0.3605184921875 0.17564294791666668 0.348369095703125 0.23097858333333332
0 0.37418025 0.14735278125 0.37116958984375 0.16623817447916667 0.768010369140625 0.281148390625 0.77359255078125 0.24613226041666666 0.378767345703125 0.13423534374999999 0.37418025 0.14735278125
0 0.3867873515625 0.09436493229166666 0.385483861328125 0.09732261979166668 0.379762431640625 0.1123366484375 0.379818005859375 0.12764472395833334 0.773811474609375 0.23954009114583333 0.778090166015625 0.2074816458333333 0.3867873515625 0.09436493229166666
0 0.395822296875 0.048127953125000004 0.391623279296875 0.05359213020833333 0.38795159375 0.07140514583333334 0.387381984375 0.08541599739583333 0.779901126953125 0.20134067447916668 0.784179818359375 0.16928222916666666 0.395822296875 0.048127953125000004
0 0.77928431640625 0.16345865885416666 0.78102565234375 0.14731663802083333 0.442528751953125 0.03696619270833333 0.435662130859375 0.05916383333333333 0.77928431640625 0.16345865885416666
0 0.440101978515625 0 0.43782317578125 0.014294562500000002 0.789692375 0.12426504427083333 0.79387153515625 0.10326874479166666 0.47252950390625 0 0.440101978515625 0