0 0.21450081640625 0.9528319401041667 0.231642904296875 0.9503851822916666 0.242050708984375 0.9471212005208334 0.255857494140625 0.9386499166666668 0.263774390625 0.9289955130208334 0.116522642578125 0.4051892890625 0.0734558203125 0.42384696614583334 0.06485562109375 0.42776628645833337 0.21450081640625 0.9528319401041667
0 0.121842453125 0.4078642708333333 0.262676779296875 0.9244913854166666 0.269432396484375 0.9215646770833333 0.287165763671875 0.9138821171874999 0.30012812890625 0.90577665625 0.310008330078125 0.8965166510416666 0.172509306640625 0.38591405989583333 0.121842453125 0.4078642708333333
0 0.2284110234375 0.381614578125 0.17749103515625 0.3986948125 0.31496879296875 0.9130413489583334 0.36242351171875 0.8861922890625 0.2284110234375 0.381614578125
0 0.39723952734375 0.8637054479166667 0.40317192578125 0.8574006041666666 0.278275931640625 0.3525423072916667 0.272998541015625 0.34237948437500004 0.22938290625 0.35878508072916665 0.22484378125 0.3669761223958334 0.362912876953125 0.8760868333333334 0.369351568359375 0.8795220182291666 0.383411544921875 0.8759206875 0.389048216796875 0.87223378125 0.39723952734375 0.8637054479166667
0 0.444824212890625 0.8406006927083333 0.44763196875 0.8406291666666666 0.32795132421875 0.3233699583333333 0.319147470703125 0.324876375 0.31042862109375 0.3274087005208333 0.303673064453125 0.3303353854166667 0.293265267578125 0.33359940625 0.282287458984375 0.33835528125 0.279184083984375 0.3409446536458333 0.4082173359375 0.8589495729166666 0.424536265625 0.8531246536458333 0.43384640234375 0.8453565677083333 0.444824212890625 0.8406006927083333
0 0.46245143359375 0.8516378177083334 0.469755853515625 0.8509631744791667 0.477925904296875 0.8461788203124999 0.494888408203125 0.8356504739583334 0.34583503125 0.2236807890625 0.3103895 0.23530197135416667 0.46245143359375 0.8516378177083334
0 0.4874059609375 0.8084591015624999 0.546010912109375 0.77311053125 0.4391219453125 0.32449521875000004 0.37798275 0.34793904687500005 0.4874059609375 0.8084591015624999
0 0.507710755859375 0.29796202083333334 0.4415693828125 0.3253712916666667 0.549093099609375 0.7742651510416666 0.6096401328125 0.7430548593749999 0.507710755859375 0.29796202083333334
0 0.57273319921875 0.2697925911458333 0.5080063671875 0.2953441328125 0.611603376953125 0.7434492812500001 0.6713100703125 0.7126708671875001 0.57273319921875 0.2697925911458333
0 0.67101040234375 0.7152227786458334 0.69606938671875 0.7031216145833333 0.60184625 0.23601653385416665 0.571750943359375 0.245131390625 0.67101040234375 0.7152227786458334
0 0.644681078125 0.20874494270833333 0.610903173828125 0.22337841666666666 0.714540966796875 0.7137929427083334 0.74458882421875 0.6973536848958334 0.644681078125 0.20874494270833333
0 0.746651255859375 0.696147234375 0.772259046875 0.6862981328125 0.67549441796875 0.19471062760416666 0.64805885546875 0.2072816015625 0.746651255859375 0.696147234375
0 0.692518900390625 0.1905101640625 0.67563000390625 0.19782687499999999 0.768966216796875 0.6727857473958333 0.786699640625 0.6651031640625 0.692518900390625 0.1905101640625
0 0.802427306640625 0.6645141197916666 0.818492984375 0.6538192708333334 0.731174068359375 0.15757987239583335 0.69446528515625 0.1714319427083333 0.78781844921875 0.6658633333333334 0.792863974609375 0.6674122552083334 0.802427306640625 0.6645141197916666
0 0.767400388671875 0.15682462760416668 0.7325035546875 0.17069794010416664 0.822440767578125 0.6508640364583334 0.845832140625 0.6357506354166667 0.767400388671875 0.15682462760416668
0 0.80343713671875 0.1399676484375 0.7713481796875 0.15386942708333332 0.853685421875 0.6373280312499999 0.881211216796875 0.6217361796875 0.80343713671875 0.1399676484375