0 0.220465740234375 0.9325958645833333 0.25009532421875 0.9230582578125 0.094373427734375 0.4381221953125 0.05739489453125 0.4489804453125 0.220465740234375 0.9325958645833333
0 0.25009532421875 0.9230582578125 0.282026021484375 0.9140857630208333 0.133160888671875 0.4271126927083333 0.09667458984375 0.4386873333333334 0.25009532421875 0.9230582578125
0 0.17603789453125 0.41185942708333334 0.142217982421875 0.4241749791666667 0.28957184375 0.8974574583333333 0.316075478515625 0.8897710026041666 0.17603789453125 0.41185942708333334
0 0.3197273046875 0.8960611536458334 0.34129692578125 0.8880338854166667 0.217247083984375 0.45299382031249996 0.191651296875 0.460743859375 0.3197273046875 0.8960611536458334
0 0.34307132421875 0.8906904583333333 0.35888219140625 0.8847386223958332 0.243248765625 0.4579830208333333 0.2439833046875 0.45392652083333335 0.2432623984375 0.44708718229166666 0.21813215234375 0.4567780182291667 0.34307132421875 0.8906904583333333
0 0.365338228515625 0.9034558385416666 0.387640591796875 0.8952912604166667 0.267198712890625 0.45130362760416665 0.24156737109375 0.4593610026041666 0.365338228515625 0.9034558385416666
0 0.3927578046875 0.9013068177083333 0.420715974609375 0.8900896510416666 0.289609439453125 0.3905775078125 0.2554805703125 0.39996191666666664 0.3927578046875 0.9013068177083333
0 0.43798044140625 0.8908398880208334 0.45578351953125 0.882522109375 0.331271462890625 0.3817742083333333 0.29588312890625 0.3933873151041667 0.425948009765625 0.8901056145833333 0.43798044140625 0.8908398880208334
0 0.378650044921875 0.4249403463541667 0.3508573828125 0.4329032760416667 0.4572607890625 0.875270828125 0.47557874609375 0.8718382682291667 0.477570947265625 0.8694722578124999 0.378650044921875 0.4249403463541667
0 0.48298528125 0.8853956067708334 0.50602038671875 0.8770937213541666 0.408580947265625 0.42042739322916667 0.381104837890625 0.42922796875 0.48298528125 0.8853956067708334
0 0.439666671875 0.38936007552083335 0.40846871484375 0.3981952317708333 0.511767349609375 0.881994890625 0.535100203125 0.8722673723958333 0.439666671875 0.38936007552083335
0 0.5385690078125 0.8739835807291666 0.5624397890625 0.8665214140624999 0.47297746484375 0.38425414583333334 0.442173759765625 0.39187931770833334 0.5385690078125 0.8739835807291666
0 0.507282880859375 0.3786823177083333 0.47828305078125 0.3871055703125 0.56796899609375 0.8764451536458333 0.594609162109375 0.8676905182291667 0.507282880859375 0.3786823177083333
0 0.597495541015625 0.8659304739583332 0.620530548828125 0.857628609375 0.5381837109375 0.35993933854166665 0.510019560546875 0.36920234375 0.597495541015625 0.8659304739583332
0 0.62189304296875 0.8563769140624999 0.64513412109375 0.8500291276041666 0.57062860546875 0.35171098697916664 0.54069075 0.36245859375 0.62189304296875 0.8563769140624999
0 0.58908569140625 0.3324666223958333 0.570343953125 0.33896763802083335 0.6473204140625 0.8565939036458333 0.661963490234375 0.8517819427083334 0.58908569140625 0.3324666223958333
0 0.614513064453125 0.33268361458333334 0.593573248046875 0.3395965182291667 0.666347544921875 0.8669773723958333 0.6817346796875 0.8640940104166667 0.614513064453125 0.33268361458333334
0 0.685259798828125 0.8833604453125 0.7334015234375 0.8793209739583333 0.680215521484375 0.3388458697916667 0.673004083984375 0.3346756484375 0.659609150390625 0.3351930026041667 0.62275537890625 0.3470806848958334 0.685259798828125 0.8833604453125
0 0.789282322265625 0.87781675 0.752343716796875 0.3218010651041667 0.744283802734375 0.32331139583333335 0.74039059765625 0.33599712760416667 0.73473483203125 0.33904964062500004 0.73379616796875 0.33723284375 0.731094841796875 0.32578284635416666 0.693199419921875 0.33487667708333335 0.741654361328125 0.8905397630208333 0.789282322265625 0.87781675
0 0.789809138671875 0.8757253359375 0.818591111328125 0.872324640625 0.791100556640625 0.30711003645833335 0.75423293359375 0.31845801041666666 0.789809138671875 0.8757253359375
0 0.829443125 0.2966379088541667 0.79997051171875 0.3128763854166667 0.794429521484375 0.3099293125 0.821624970703125 0.8727525130208332 0.850098076171875 0.8664206197916666 0.829443125 0.2966379088541667
0 0.878609529296875 0.3429761276041667 0.8380921953125 0.3555503151041666 0.852914177734375 0.8718710651041667 0.889130806640625 0.8629044791666667 0.878609529296875 0.3429761276041667
0 0.889664958984375 0.8590062708333334 0.922740298828125 0.8538047369791667 0.924219240234375 0.3303774765625 0.880704720703125 0.3415871692708334 0.889664958984375 0.8590062708333334