0 0.22826379296875 0.8292717786458333 0.246094888671875 0.8271917526041667 0.11690666015625 0.3270634296875 0.0886099375 0.3314535 0.22826379296875 0.8292717786458333
0 0.25198119921875 0.8297727473958334 0.27055187109375 0.8265172369791666 0.139671708984375 0.32549706510416665 0.116977587890625 0.32814436979166667 0.25198119921875 0.8297727473958334
0 0.28182800390625 0.8241126458333333 0.2915540546875 0.8229780859375001 0.304451197265625 0.8203843984375 0.31403539453125 0.8170879609375 0.19136150390625 0.30421836979166667 0.148759412109375 0.3146340416666667 0.277420845703125 0.8191806770833333 0.28182800390625 0.8241126458333333
0 0.2374893203125 0.29774827604166665 0.232413513671875 0.295072734375 0.217966291015625 0.298936453125 0.194745375 0.30600206510416667 0.316537833984375 0.8178852604166668 0.3522000234375 0.8137252109375 0.2374893203125 0.29774827604166665
0 0.35572575 0.8176707864583334 0.3874772734375 0.8161453515625 0.281398408203125 0.294804640625 0.244996642578125 0.30014017708333335 0.35572575 0.8176707864583334
0 0.3891692109375 0.8170371953125 0.4185601484375 0.8168763411458334 0.320971263671875 0.2880099765625 0.28462947265625 0.293338515625 0.3891692109375 0.8170371953125
0 0.42430460546875 0.8172954557291666 0.4350539453125 0.819309171875 0.34233841015625 0.31492625 0.327009755859375 0.3178035755208333 0.42430460546875 0.8172954557291666
0 0.443300841796875 0.8205255859374999 0.45545840625 0.8191073880208334 0.367322189453125 0.3098334244791667 0.34963767578125 0.3129855651041667 0.443300841796875 0.8205255859374999
0 0.456623548828125 0.8244175442708334 0.47769666015625 0.8219593333333334 0.395618912109375 0.3054433541666667 0.369905310546875 0.3106213151041667 0.456623548828125 0.8244175442708334
0 0.424726140625 0.3009587369791667 0.3990197734375 0.3061358515625 0.481151458984375 0.82482396875 0.4909484375 0.8247703489583333 0.5029641484375 0.8211902682291666 0.424726140625 0.3009587369791667
0 0.452212359375 0.2966632109375 0.428944943359375 0.30155582291666666 0.5058212265625 0.8273922708333333 0.51649963671875 0.828325046875 0.524320970703125 0.8230558203124999 0.452212359375 0.2966632109375
0 0.4805800078125 0.29335408072916663 0.45569821875 0.2984350104166667 0.5253442578125 0.8262040963541667 0.536022669921875 0.8271368697916667 0.545748720703125 0.8260023098958333 0.4805800078125 0.29335408072916663
0 0.49671916796875 0.2903822109375 0.4840019765625 0.2940441171875 0.549345375 0.8310288255208333 0.5509663828125 0.8308397317708334 0.559881931640625 0.82979971875 0.49671916796875 0.2903822109375
0 0.562242515625 0.828435140625 0.568128828125 0.8310161380208334 0.505705642578125 0.29042313802083336 0.50014515625 0.2910717760416667 0.562242515625 0.828435140625
0 0.6052501953125 0.8615407265625 0.532106626953125 0.13267500260416668 0.506980994140625 0.1356059453125 0.48940459765625 0.1398346875 0.571806736328125 0.8621743151041666 0.588229603515625 0.8635262057291667 0.6052501953125 0.8615407265625
0 0.610031966796875 0.8348417838541667 0.631388791015625 0.8367073359375 0.651722326171875 0.835424609375 0.6603541640625 0.8300608359375 0.617433357421875 0.23817821354166668 0.556915109375 0.24741619010416668 0.608198177734375 0.8317880546875 0.610031966796875 0.8348417838541667
0 0.66504503125 0.8393165677083334 0.7165323671875 0.8398457760416668 0.684350578125 0.22492614583333334 0.622440384765625 0.23759413541666666 0.66504503125 0.8393165677083334
0 0.718822025390625 0.8374002526041666 0.74313715625 0.8345638541666666 0.717226615234375 0.21564503385416667 0.68981132421875 0.22102149739583332 0.718822025390625 0.8374002526041666
0 0.748071109375 0.8350775182291666 0.769954724609375 0.8325247604166667 0.74876535546875 0.21087677604166666 0.720539560546875 0.21634778645833333 0.748071109375 0.8350775182291666
0 0.77636783203125 0.8306874453124999 0.78926497265625 0.8280937604166666 0.770750201171875 0.19742006770833334 0.75062944921875 0.20194561458333335 0.77636783203125 0.8306874453124999
0 0.792704744140625 0.19594825000000002 0.77195487890625 0.20054718229166668 0.773465423828125 0.2014601901041667 0.795647779296875 0.8382413385416667 0.811047359375 0.836444953125 0.792704744140625 0.19594825000000002
0 0.81827097265625 0.83451309375 0.82274905859375 0.8405260052083333 0.881460005859375 0.8391233515625 0.88044166796875 0.16392931770833333 0.861131419921875 0.16836031510416669 0.840058306640625 0.17081852864583333 0.82170041796875 0.17731686197916666 0.80677478125 0.18341481510416668 0.81827097265625 0.83451309375
0 0.888270880859375 0.18044345572916667 0.8866473671875 0.8559456666666666 0.957272796875 0.8618668828125 0.97953465625 0.1589994375 0.979390951171875 0.15680935677083332 0.97245421875 0.15973119791666665 0.948210017578125 0.16364853385416667 0.934431443359375 0.16525582552083332 0.888270880859375 0.18044345572916667