0 0.1770132734375 0.20703125 0.126327755859375 0.20833333333333334 0.127220935546875 0.21223958333333334 0.156510544921875 0.8294270833333334 0.204350244140625 0.82421875 0.1770132734375 0.20703125
0 0.229734572265625 0.203125 0.181991578125 0.20442708333333334 0.181894875 0.2109375 0.208255525390625 0.8255208333333334 0.25707154296875 0.8203125 0.229734572265625 0.203125
0 0.24340305859375 0.18229166666666666 0.232772828125 0.18489583333333334 0.232663533203125 0.1875 0.26000050390625 0.8229166666666666 0.27074002734375 0.82421875 0.28343219140625 0.8268229166666666 0.28831379296875 0.82421875 0.300029638671875 0.8190104166666666 0.26976370703125 0.18229166666666666 0.25511890234375 0.18229166666666666 0.24340305859375 0.18229166666666666
0 0.303934919921875 0.1796875 0.293195396484375 0.1796875 0.278671265625 0.1796875 0.27757426953125 0.18229166666666666 0.305887560546875 0.8229166666666666 0.314674443359375 0.8229166666666666 0.3263902890625 0.82421875 0.3361534921875 0.8229166666666666 0.3459166953125 0.8190104166666666 0.318579724609375 0.17838541666666666 0.315650763671875 0.17838541666666666 0.303934919921875 0.1796875
0 0.3381061328125 0.203125 0.324569703125 0.20182291666666666 0.322485005859375 0.20442708333333334 0.3517746171875 0.8177083333333334 0.3654431015625 0.81640625 0.3381061328125 0.203125
0 0.35665621875 0.20052083333333334 0.342147828125 0.20182291666666666 0.34103509375 0.203125 0.3683720625 0.8125 0.387898470703125 0.8125 0.35665621875 0.20052083333333334
0 0.3587504140625 0.20312496614583334 0.391803751953125 0.8111979166666666 0.42792760546875 0.80859375 0.398637994140625 0.20182291666666666 0.3587504140625 0.20312496614583334
0 0.43671448828125 0.20182291666666666 0.402694703125 0.203125 0.399614314453125 0.20442708333333334 0.43280920703125 0.8098958333333334 0.468933060546875 0.8059895833333334 0.43671448828125 0.20182291666666666
0 0.472838341796875 0.80859375 0.507985875 0.8059895833333334 0.476743623046875 0.20052083333333334 0.438827515625 0.203125 0.472838341796875 0.80859375
0 0.51189115625 0.8072916666666666 0.5382518046875 0.8059895833333334 0.5070095546875 0.20833333333333334 0.483749390625 0.2109375 0.51189115625 0.8072916666666666
0 0.541180765625 0.8033854166666666 0.567541416015625 0.8020833333333334 0.541180765625 0.20833333333333334 0.516952515625 0.20833333333333334 0.541180765625 0.8033854166666666
0 0.571446697265625 0.8046875 0.60952319140625 0.7994791666666666 0.59097310546875 0.2421875 0.551920291015625 0.2421875 0.549967650390625 0.24609375 0.546062369140625 0.24609375 0.571446697265625 0.8046875
0 0.63393119921875 0.23828125 0.593124390625 0.24088541666666666 0.59097310546875 0.24088541666666666 0.61049951171875 0.7942708333333334 0.649552326171875 0.79296875 0.63393119921875 0.23828125
0 0.6759129765625 0.18619791666666666 0.639999390625 0.18619791666666666 0.638812802734375 0.1875 0.653457607421875 0.7955729166666666 0.6866525 0.7890625 0.6759129765625 0.18619791666666666
0 0.6954393828125 0.7903645833333334 0.723752673828125 0.7890625 0.717894751953125 0.1875 0.682968140625 0.18880208333333334 0.6778656171875 0.19010416666666666 0.6876288203125 0.7864583333333334 0.6954393828125 0.7903645833333334
0 0.747184361328125 0.7890625 0.76475812890625 0.7877604166666666 0.76671076953125 0.19140625 0.728866578125 0.19140625 0.726681634765625 0.19791666666666666 0.727657955078125 0.7877604166666666 0.747184361328125 0.7890625
0 0.811621505859375 0.19140625 0.772811890625 0.19140625 0.76573444921875 0.7838541666666666 0.78623717578125 0.7877604166666666 0.80381094140625 0.7838541666666666 0.811621505859375 0.19140625