0 0.470805220703125 0 0.2359675078125 0.07105025260416667 0.244569458984375 0.12072911458333334 0.636770892578125 0 0.470805220703125 0
0 0.658651234375 0 0.244935498046875 0.12284310677083334 0.2533544296875 0.1714649713541667 0.6765428515625 0.04453731770833333 0.6688311640625 0 0.658651234375 0
0 0.253903490234375 0.17463596354166666 0.2617125 0.22455890885416666 0.685876884765625 0.09844416666666667 0.67730358984375 0.048930815104166664 0.253903490234375 0.17463596354166666
0 0.262627599609375 0.22984389583333334 0.27086351171875 0.27740876302083334 0.693258986328125 0.1507251953125 0.684870982421875 0.10228195052083333 0.262627599609375 0.22984389583333334
0 0.273547521484375 0.2832625703125 0.281905587890625 0.3363565078125 0.702898197265625 0.21121811197916665 0.694390396484375 0.1572594296875 0.273547521484375 0.2832625703125
0 0.28324759375 0.33928341145833335 0.293557591796875 0.3940031692708333 0.711134537109375 0.273256203125 0.7024463046875 0.21825546614583333 0.28324759375 0.33928341145833335
0 0.293496728515625 0.39847524739583334 0.302708603515625 0.44685302343750005 0.721505396484375 0.3235038854166667 0.7141008046875 0.27591654427083334 0.293496728515625 0.39847524739583334
0 0.730107349609375 0.37318274739583335 0.721302064453125 0.32715316145833334 0.71949260546875 0.32635014322916667 0.30539261328125 0.4527068307291667 0.311676595703125 0.4986458776041667 0.730107349609375 0.37318274739583335
0 0.3240606796875 0.5605205260416667 0.710163732421875 0.44612198177083334 0.709858556640625 0.4395359114583333 0.70796705859375 0.4189647916666666 0.7063807421875 0.4049797447916667 0.7038614140625 0.390429875 0.313750681640625 0.5058007682291666 0.3240606796875 0.5605205260416667
0 0.325779166015625 0.56562171875 0.335540099609375 0.6171704869791667 0.338651013671875 0.6206662135416666 0.7190204375 0.50691928125 0.719935109375 0.49773104427083337 0.717189806640625 0.48187608854166664 0.714444501953125 0.46602113281249996 0.71112433203125 0.4516697369791667 0.325779166015625 0.56562171875
0 0.34194580859375 0.6541653802083334 0.724145005859375 0.5365151979166667 0.721155818359375 0.5240753229166667 0.71979012109375 0.5113644270833334 0.337187283203125 0.6266834583333333 0.340481646484375 0.6457094062500001 0.34194580859375 0.6541653802083334
0 0.34768030078125 0.6824602161458334 0.730062515625 0.5658670286458333 0.727683251953125 0.5521260651041667 0.724306078125 0.54226903125 0.342067966796875 0.659694453125 0.345606212890625 0.6753053229166667 0.34768030078125 0.6824602161458334
0 0.347009513671875 0.6882333749999999 0.35652656640625 0.7431972213541668 0.73988474609375 0.6274169453125 0.731383935546875 0.5734986328125 0.347009513671875 0.6882333749999999
0 0.73964086328125 0.6308320234375 0.356282681640625 0.7466122994791666 0.360430853515625 0.7609220833333333 0.36274925390625 0.7791351197916666 0.366348365234375 0.7902739114583334 0.74714469140625 0.6741689010416666 0.74366730859375 0.6540859583333333 0.74084266796875 0.632949234375 0.73964086328125 0.6308320234375
0 0.749402228515625 0.696854015625 0.747311666015625 0.6799568125 0.736958572265625 0.6828711119791667 0.3659214609375 0.7926319921874999 0.368056841796875 0.8097880338541666 0.749402228515625 0.696854015625
0 0.36781295703125 0.8132031119791666 0.37055826171875 0.8290580651041667 0.752330552734375 0.7137659661458334 0.7507899140625 0.7000447369791667 0.36781295703125 0.8132031119791666
0 0.37324226953125 0.8349118723958333 0.3820272421875 0.8856477317708333 0.76300658984375 0.7705997187500001 0.7621523515625 0.7608426588541667 0.75885798828125 0.7418167135416667 0.754085095703125 0.7190754036458333 0.74055854296875 0.7229563515624999 0.37324226953125 0.8349118723958333
0 0.382576302734375 0.8888187213541667 0.38989711328125 0.9310986067708332 0.769290572265625 0.8165387656249999 0.76378757421875 0.7751101380208333 0.382576302734375 0.8888187213541667
0 0.392474490234375 0.9315129947916666 0.39704999609375 0.9579379192708334 0.73624717578125 0.8524114661458334 0.73323193359375 0.83017396875 0.392474490234375 0.9315129947916666
0 0.740456640625 0.8767223984375 0.73603962109375 0.8560363619791667 0.73563725 0.8537125520833334 0.401380759765625 0.9588314765625 0.406627052734375 0.9794832421874999 0.740456640625 0.8767223984375
0 0.41976030078125 1 0.74326323828125 0.9025785052083334 0.742958060546875 0.8959924322916667 0.740944837890625 0.8843654635416667 0.408945021484375 0.9832230546875 0.408823296875 0.9921672057291667 0.40957459765625 1 0.41976030078125 1
0 0.5135820078125 1 0.74924161328125 0.9274582578125 0.74674019140625 0.9081882213541667 0.735638970703125 0.9116054453125 0.441936396484375 1 0.5135820078125 1