0 0.0659301875 0.6224753072916667 0.080568119140625 0.6346188645833334 0.090276712890625 0.6405903932291667 0.1050681875 0.6452486692708334 0.115764669921875 0.644139734375 0.2415941953125 0.1104984921875 0.199041966796875 0.08984816666666667 0.1904551875 0.08587688541666666 0.0659301875 0.6224753072916667
0 0.244551099609375 0.11697334375 0.116979505859375 0.6396894270833333 0.123654400390625 0.6429287109375 0.141175876953125 0.6514317708333334 0.155133025390625 0.6556851536458334 0.167194501953125 0.6564986510416667 0.29461255078125 0.14126784895833333 0.244551099609375 0.11697334375
0 0.340648974609375 0.1837685208333333 0.292636744140625 0.15542862760416667 0.16347318359375 0.6735922447916667 0.213265462890625 0.6913896197916666 0.340648974609375 0.1837685208333333
0 0.251084068359375 0.7022495859375 0.25867009765625 0.7021510989583333 0.39336706640625 0.20179246354166666 0.393901068359375 0.18945193489583334 0.351956259765625 0.16657643229166666 0.34459719921875 0.1693049765625 0.218317240234375 0.6838281223958332 0.22180481640625 0.6918204895833333 0.23454712890625 0.7005241848958333 0.240691302734375 0.7022459036458333 0.251084068359375 0.7022495859375
0 0.299249841796875 0.7231042005208334 0.30144923828125 0.7254314739583334 0.44598202734375 0.21958197395833334 0.4383489140625 0.21354211979166668 0.430309076171875 0.20838047395833334 0.42363423828125 0.20514121875 0.413925634765625 0.19916972916666667 0.40307899609375 0.19390592447916666 0.399437869140625 0.19339887239583334 0.26193070703125 0.707513390625 0.27747983203125 0.7163192057291666 0.288403203125 0.7178403958333334 0.299249841796875 0.7231042005208334
0 0.308043931640625 0.7462714401041667 0.314111408203125 0.7517358802083334 0.32275865234375 0.75467240625 0.3409867109375 0.7603001692708333 0.506105666015625 0.15570624739583333 0.472808169921875 0.13576726822916665 0.308043931640625 0.7462714401041667
0 0.34764597265625 0.7327308697916667 0.410149369140625 0.7529835625 0.533066087890625 0.31172664843750003 0.4740626484375 0.28001257291666665 0.34764597265625 0.7327308697916667
0 0.59936641015625 0.34712152083333336 0.534590171875 0.31442605989583333 0.412045025390625 0.7564235286458333 0.47416796875 0.7815314505208333 0.59936641015625 0.34712152083333336
0 0.66361191796875 0.3782994583333333 0.600808154296875 0.34530125781250004 0.47553290234375 0.7834538515624999 0.536794232421875 0.8082122786458333 0.66361191796875 0.3782994583333333
0 0.535379755859375 0.8099772213541666 0.560714169921875 0.8210118411458334 0.70214927734375 0.3755819375 0.6742251015625 0.3580598489583333 0.535379755859375 0.8099772213541666
0 0.7484961328125 0.3892539713541667 0.71512183203125 0.3730576328125 0.57034253125 0.8445839505208333 0.601611328125 0.8562953802083334 0.7484961328125 0.3892539713541667
0 0.60379362109375 0.8570376979166667 0.628520619140625 0.8702974739583333 0.77925766796875 0.4034888932291667 0.75183355078125 0.3908735963541667 0.60379362109375 0.8570376979166667
0 0.794612689453125 0.4141539739583333 0.777925595703125 0.40605583333333334 0.632165125 0.8569465442708334 0.64968665625 0.8654496328125 0.794612689453125 0.4141539739583333
0 0.662352216796875 0.8778960182291667 0.679950447265625 0.8826563880208332 0.840278814453125 0.41993588020833333 0.8049557578125 0.40071788541666664 0.65021728515625 0.8669670651041667 0.65347800390625 0.8723294114583333 0.662352216796875 0.8778960182291667
0 0.8691742734375 0.44907827083333335 0.83526924609375 0.4313644114583333 0.684425912109375 0.8835682942708334 0.7098371171875 0.890860328125 0.8691742734375 0.44907827083333335
0 0.905355263671875 0.46537670833333333 0.873649728515625 0.4499902135416667 0.71529723046875 0.8985499505208333 0.744187330078125 0.9088588307291667 0.905355263671875 0.46537670833333333