0 0.1341280078125 0.6398110364583333 0.1564369609375 0.6500531562499999 0.155187296875 0.16175288020833334 0.1275404296875 0.14906010677083334 0.1341280078125 0.6398110364583333
0 0.187129587890625 0.191336390625 0.18898422265625 0.18415471875 0.18855660546875 0.17248247656250001 0.159618392578125 0.16149202604166665 0.16232620703125 0.6539045208333333 0.18691741015625 0.668637203125 0.187129587890625 0.191336390625
0 0.197157353515625 0.6756335807291666 0.212542837890625 0.6826971093749999 0.224611845703125 0.6859428515625 0.230789978515625 0.20220029166666667 0.196386447265625 0.19214347135416665 0.190535041015625 0.19175225520833336 0.19179800390625 0.6697303098958334 0.197157353515625 0.6756335807291666
0 0.229201921875 0.6914929453125 0.261776384765625 0.7053004036458334 0.2777412734375 0.22031302083333335 0.23485015625 0.20980229427083333 0.229201921875 0.6914929453125
0 0.3024440078125 0.25460596875 0.280109484375 0.24779488802083335 0.269469126953125 0.7088321692708334 0.279734640625 0.7123975078125001 0.28718800390625 0.7135241901041667 0.3024440078125 0.25460596875
0 0.3250434765625 0.26039109895833334 0.3066481171875 0.2553885 0.29079499609375 0.7128849895833334 0.2951456953125 0.7160300026041666 0.306949755859375 0.7203016953125 0.3250434765625 0.26039109895833334
0 0.310505609375 0.7265245677083333 0.3302417890625 0.7367331093749999 0.357292603515625 0.24880216927083332 0.333517478515625 0.24132970052083333 0.310505609375 0.7265245677083333
0 0.3577218515625 0.74361134375 0.39604683203125 0.26200400520833333 0.392969732421875 0.260591296875 0.365355869140625 0.251356453125 0.338225048828125 0.7358078828125 0.352841259765625 0.7425182369791666 0.3577218515625 0.74361134375
0 0.359688017578125 0.7559899322916667 0.38252686328125 0.7641801432291667 0.43119406640625 0.2758450364583333 0.39947727734375 0.26587411718750004 0.359688017578125 0.7559899322916667
0 0.38666375390625 0.7614890364583333 0.414597001953125 0.7766084739583333 0.469443966796875 0.2876677395833333 0.43619740625 0.2769944973958333 0.38666375390625 0.7614890364583333
0 0.442581390625 0.7848658359375 0.445154162109375 0.7848994114583333 0.507163974609375 0.30154235156250003 0.4754655 0.29157984114583335 0.4195031640625 0.7742705416666666 0.422315314453125 0.7767092031249999 0.442581390625 0.7848658359375
0 0.537934939453125 0.31566940885416667 0.50831292578125 0.3043650234375 0.4466927109375 0.7856057630208334 0.45897552734375 0.794687625 0.468976091796875 0.7992789166666667 0.537934939453125 0.31566940885416667
0 0.47330121875 0.8058549661458333 0.49945654296875 0.8178629661458333 0.575415568359375 0.3271389375 0.545272625 0.31789057291666667 0.47330121875 0.8058549661458333
0 0.502559208984375 0.8158446354166666 0.53821076953125 0.8310647994791666 0.62520458203125 0.34425928645833337 0.581304814453125 0.3309903020833333 0.502559208984375 0.8158446354166666
0 0.542561466796875 0.8342098125 0.56768256640625 0.8468905911458333 0.6699503359375 0.34758834114583337 0.637016611328125 0.33591112760416664 0.542561466796875 0.8342098125
0 0.704730341796875 0.37617947395833334 0.7078330078125 0.37416114322916666 0.710243111328125 0.3614965286458333 0.674301033203125 0.3507333515625 0.57073409375 0.8517343333333334 0.59715436328125 0.8627163776041668 0.704730341796875 0.37617947395833334
0 0.59866734375 0.8668537682291667 0.625856888671875 0.8781889895833334 0.74401446484375 0.38732940104166663 0.7078330078125 0.37416114322916666 0.59866734375 0.8668537682291667
0 0.63153232421875 0.8762042369791666 0.642780921875 0.8859588723958334 0.65739712890625 0.8926692239583334 0.669731087890625 0.8948890104166667 0.807043810546875 0.42315194531250006 0.805026505859375 0.4176354244791667 0.795530267578125 0.41442326041666666 0.756207548828125 0.4009604296875 0.63153232421875 0.8762042369791666
0 0.66838077734375 0.9034498151041667 0.75650565234375 0.9553841692708334 0.94251277734375 0.47501789322916665 0.823227138671875 0.42140103125 0.66838077734375 0.9034498151041667
0 0.767352201171875 0.9500355312500001 0.7788657421875 0.9587642135416666 0.793721330078125 0.9678796510416667 0.80093531640625 0.96660125 0.999464638671875 0.4977219140625 0.948940259765625 0.4745259947916667 0.763292021484375 0.94243353125 0.767352201171875 0.9500355312500001