0 0.79704121484375 0.06528527604166666 0.800444310546875 0.028623200520833333 0.798848318359375 0.027378260416666664 0.3296273515625 0.0033599296875000003 0.327006939453125 0.04122907552083333 0.79704121484375 0.06528527604166666
0 0.726234916015625 0.12603069791666668 0.728465404296875 0.07195821354166666 0.730907853515625 0.07197519270833333 0.329162916015625 0.05218407552083334 0.328613298828125 0.10426064322916667 0.726234916015625 0.12603069791666668
0 0.72257404296875 0.17253509375 0.723735310546875 0.12819598177083333 0.326787927734375 0.11177388541666666 0.326266703125 0.16276631249999998 0.720748671875 0.1800483359375 0.72257404296875 0.17253509375
0 0.320147646484375 0.17876332812499998 0.31878472265625 0.23080202604166666 0.7599658828125 0.23723287239583335 0.76141075390625 0.18206526822916666 0.320147646484375 0.17876332812499998
0 0.79343316015625 0.296320609375 0.7956844453125 0.2725452760416667 0.79541062890625 0.25190875520833333 0.7940643515625 0.24112939062500002 0.312306666015625 0.22941494010416666 0.307927796875 0.2411511328125 0.305818482421875 0.25950576822916666 0.3068772109375 0.281264296875 0.307236208984375 0.2986483984375 0.309505763671875 0.3052668411458333 0.79196678515625 0.321217953125 0.7921087578125 0.31579725520833335 0.79343316015625 0.296320609375
0 0.822426259765625 0.401874875 0.8274073203125 0.33605472395833336 0.304285193359375 0.3180493046875 0.301778359375 0.3515818958333334 0.302780298828125 0.375508703125 0.822426259765625 0.401874875
0 0.301825021484375 0.38089153125 0.29947842578125 0.43939719791666665 0.81561561328125 0.4753691536458333 0.820596193359375 0.40956728645833335 0.301825021484375 0.38089153125
0 0.80922075390625 0.5640792578125 0.8151560703125 0.492915265625 0.813506298828125 0.4937237890625 0.295856076171875 0.4533395416666666 0.296563947265625 0.5195856588541666 0.80922075390625 0.5640792578125
0 0.7149340078125 0.5575182473958333 0.32099153125 0.5196375703125 0.31986588671875 0.5315252369791666 0.3201964921875 0.5499934791666666 0.325605693359375 0.5610999531249999 0.71312690234375 0.5954252630208333 0.7161063125 0.5749402161458333 0.716526533203125 0.5588954765624999 0.7149340078125 0.5575182473958333
0 0.70124778515625 0.6448033932291667 0.70406099609375 0.5995728411458333 0.7023835546875 0.6014378125000001 0.314890740234375 0.5660283619791667 0.312884875 0.6115243567708334 0.70124778515625 0.6448033932291667
0 0.307209998046875 0.6416530546875 0.305459681640625 0.6773917916666666 0.3066603828125 0.6937296223958334 0.715828525390625 0.7410029114583333 0.720302701171875 0.6945363854166667 0.7203064609375 0.6633016354166666 0.31100271484375 0.621205875 0.307209998046875 0.6416530546875
0 0.308088234375 0.7013943333333333 0.304267123046875 0.7229256510416667 0.304228603515625 0.7554877083333333 0.304559208984375 0.7739559479166668 0.706379201171875 0.8219725651041667 0.71242641796875 0.7465360078125 0.71405994140625 0.7463478723958333 0.308088234375 0.7013943333333333
0 0.3052021484375 0.7804986536458333 0.30271358203125 0.8444250208333334 0.713924125 0.9069898697916666 0.7181737734375 0.838005 0.3052021484375 0.7804986536458333
0 0.604401583984375 0.9225141588541667 0.605896353515625 0.8965326770833334 0.6042697421875 0.8964569401041667 0.303356521484375 0.8509677265625001 0.30197533203125 0.8726126484375 0.604401583984375 0.9225141588541667
0 0.303403185546875 0.8802773619791666 0.301123505859375 0.9051368385416666 0.604476640625 0.95073965625 0.605849703125 0.9294051223958334 0.303403185546875 0.8802773619791666
0 0.603010267578125 0.9756369973958333 0.60348465625 0.9575240052083333 0.605204765625 0.9540299453125001 0.302693328125 0.9073808515625 0.30134053125 0.9279416354166666 0.603010267578125 0.9756369973958333
0 0.600879837890625 1 0.6020465234375 0.981343125 0.301141771484375 0.9355306119791668 0.301443982421875 0.9550829947916667 0.577596955078125 1 0.600879837890625 1
0 0.550363794921875 1 0.30267307421875 0.9703366848958334 0.300592154296875 0.9876071796875 0.300320216796875 0.9910074765625 0.49345434375 1 0.550363794921875 1