0 0.34331959375 0.022818757812500003 0.334853685546875 0.06360676562499999 0.705564650390625 0.14883259114583333 0.714209333984375 0.10260334635416667 0.34331959375 0.022818757812500003
0 0.331891998046875 0.0615041796875 0.32460937109375 0.1004495390625 0.69611228515625 0.19041067447916668 0.7043633828125 0.15077140364583333 0.331891998046875 0.0615041796875
0 0.322835603515625 0.10544991927083334 0.316342607421875 0.14465777864583332 0.67600340625 0.2351541953125 0.68446931640625 0.19436618489583335 0.322835603515625 0.10544991927083334
0 0.31022472265625 0.14597799479166665 0.301564302734375 0.19229139322916666 0.715512654296875 0.30195302864583334 0.725924806640625 0.250757078125 0.31022472265625 0.14597799479166665
0 0.29899858984375 0.1925564609375 0.290734142578125 0.24123751562499998 0.704687130859375 0.35984477343750004 0.71627998046875 0.30682000520833336 0.29899858984375 0.1925564609375
0 0.28994683203125 0.24544782552083333 0.276164255859375 0.31018260416666665 0.689135421875 0.4385255598958333 0.70367563671875 0.3652539427083333 0.28994683203125 0.24544782552083333
0 0.274195978515625 0.32070837760416665 0.26120303125 0.38570566145833335 0.67358603125 0.5216791562499999 0.68930576953125 0.44658499218750003 0.274195978515625 0.32070837760416665
0 0.260814009765625 0.3967564348958333 0.254909177734375 0.4283337526041667 0.581025826171875 0.5367471015624999 0.58748612109375 0.5021993255208334 0.260814009765625 0.3967564348958333
0 0.254559560546875 0.5154223151041667 0.256935400390625 0.5296282526041667 0.6351466796875 0.6151114401041667 0.638302876953125 0.6116886380208334 0.64262381640625 0.5706406953125 0.64297823046875 0.5642601822916666 0.261054876953125 0.480687265625 0.254559560546875 0.5154223151041667
0 0.6513630390625 0.6764028671875 0.655250375 0.6376737161458333 0.22753158203125 0.5388594973958333 0.224572212890625 0.5412297213541667 0.220049810546875 0.5743846197916667 0.6513630390625 0.6764028671875
0 0.21217206640625 0.6075420833333333 0.21158390234375 0.6151726276041667 0.6423066484375 0.7203486067708332 0.6463909296875 0.6850514375 0.21551350390625 0.5807026510416667 0.2153189921875 0.5862280390625 0.21217206640625 0.6075420833333333
0 0.202326044921875 0.6512253229166667 0.202136169921875 0.6656963333333333 0.629309064453125 0.7764002682291666 0.6347646015625 0.7247996197916667 0.206850765625 0.622543234375 0.205472970703125 0.6299112760416666 0.202326044921875 0.6512253229166667
0 0.188916263671875 0.6735996510416666 0.184991298828125 0.7170152500000001 0.617302572265625 0.8406074765625 0.6235468828125 0.7937591119791666 0.188916263671875 0.6735996510416666
0 0.1761294140625 0.7554356015625 0.613377607421875 0.8840230755208333 0.614750765625 0.8677094140625 0.617257447265625 0.8498192083333334 0.177692447265625 0.7246509296875 0.174742349609375 0.7449123984375 0.1761294140625 0.7554356015625
0 0.175538931640625 0.7585933333333333 0.170817384765625 0.7883279947916666 0.607873384765625 0.9269136692708333 0.611158517578125 0.8914049036458334 0.175538931640625 0.7585933333333333