0 0.264812892578125 0 0.264250365234375 0.0144236953125 0.680713873046875 0.053252984375 0.684213939453125 0.015954375 0.513095296875 0 0.264812892578125 0
0 0.259265939453125 0.01613386979166667 0.258994478515625 0.08353041666666666 0.725904314453125 0.12488820833333332 0.73173540234375 0.060368947916666665 0.259265939453125 0.01613386979166667
0 0.726318857421875 0.13253900260416665 0.72496851171875 0.12717661197916666 0.2573140859375 0.0844611953125 0.253795345703125 0.151554984375 0.720761935546875 0.19183061718750002 0.726318857421875 0.13253900260416665
0 0.256815607421875 0.15618637760416668 0.2525985546875 0.22104015885416664 0.71544929296875 0.26201949739583336 0.720353236328125 0.199623484375 0.256815607421875 0.15618637760416668
0 0.25242829296875 0.22428663281250003 0.251122953125 0.24917626302083332 0.715654083984375 0.28922482552083334 0.71522227734375 0.26634812760416665 0.25242829296875 0.22428663281250003
0 0.712781861328125 0.3128809166666667 0.71362048046875 0.2968904661458333 0.2510094453125 0.25134058072916665 0.250459171875 0.2773880625 0.712554845703125 0.31720954947916663 0.712781861328125 0.3128809166666667
0 0.249306830078125 0.28380531770833334 0.246145875 0.35963205989583336 0.67646707421875 0.3986659296875 0.680370009765625 0.32424646875 0.249306830078125 0.28380531770833334
0 0.247372240234375 0.367358546875 0.243456220703125 0.4420274375 0.668792990234375 0.48277148177083334 0.672694830078125 0.40837295572916665 0.247372240234375 0.367358546875
0 0.242303876953125 0.44844469531250003 0.240408775390625 0.5156898645833333 0.663366841796875 0.5551246770833334 0.666870361328125 0.4883211171875 0.242303876953125 0.44844469531250003
0 0.658110951171875 0.6242314010416666 0.6612161953125 0.5650220026041667 0.24221994140625 0.5278206744791667 0.238099130859375 0.5752842369791666 0.240324841796875 0.5950658437499999 0.658110951171875 0.6242314010416666
0 0.650867611328125 0.6845686614583334 0.65769658203125 0.6321324296875 0.23412529296875 0.6043903020833333 0.2315541015625 0.6378615078125 0.2336663046875 0.6598074270833333 0.650867611328125 0.6845686614583334
0 0.6538088984375 0.721816171875 0.653535453125 0.6959198880208333 0.22926668359375 0.665921921875 0.228977955078125 0.7180925703125 0.650124853515625 0.7453965729166666 0.6538088984375 0.721816171875
0 0.22620197265625 0.7243584453124999 0.226725064453125 0.7766047864583333 0.646078060546875 0.8070038828125 0.650469982421875 0.7543709088541667 0.22620197265625 0.7243584453124999
0 0.22551596875 0.7841042005208334 0.224472173828125 0.8351170026041667 0.64284308984375 0.8686868802083333 0.645567275390625 0.8167433020833333 0.22551596875 0.7841042005208334
0 0.223149568359375 0.8447807317708333 0.22210577734375 0.8957935364583333 0.639721625 0.9282055625 0.64231802734375 0.8786985468749999 0.223149568359375 0.8447807317708333
0 0.63741501953125 1 0.639894072265625 0.9404725364583334 0.21985784375 0.9075458880208332 0.2178375703125 0.9749133229166667 0.48690471484375 1 0.63741501953125 1