0 0.5620060078125 0.9953940677083333 0.57899230859375 0.9374952578125 0.305446265625 0.7847637630208334 0.287928123046875 0.8332517708333333 0.5620060078125 0.9953940677083333
0 0.57837676953125 0.9332594921875 0.593512931640625 0.8799746510416666 0.322466697265625 0.7326894947916666 0.305482115234375 0.7819276901041667 0.57837676953125 0.9332594921875
0 0.6170020859375 0.7874360911458332 0.338264609375 0.6899620807291668 0.327620427734375 0.7297064583333334 0.609928142578125 0.8328223828125 0.6170020859375 0.7874360911458332
0 0.622123259765625 0.7859843151041667 0.628817591796875 0.7419886640625001 0.350363970703125 0.6478020260416667 0.339497443359375 0.6897729895833334 0.622123259765625 0.7859843151041667
0 0.6408212109375 0.7045065703125001 0.33998829296875 0.6057586354166666 0.33165629296875 0.6364017265625 0.6351716484375 0.740347765625 0.6408212109375 0.7045065703125001
0 0.646274115234375 0.7040032135416667 0.65140215625 0.6679088697916667 0.348409208984375 0.5726513125 0.3423120546875 0.6037367239583333 0.646274115234375 0.7040032135416667
0 0.658609447265625 0.6674694713541666 0.66235755859375 0.6559025078125 0.6645428515625 0.6349156380208333 0.339480509765625 0.5362204635416666 0.333976296875 0.5563840598958333 0.334070638671875 0.5656928958333333 0.33615470703125 0.5700397526041666 0.658609447265625 0.6674694713541666
0 0.350013595703125 0.5019617291666667 0.345316458984375 0.5170051875 0.344034013671875 0.5281939140624999 0.34502917578125 0.5310391015625 0.3472571875 0.5336951510416666 0.34882175 0.534454421875 0.668620984375 0.6329576822916666 0.6735079453125 0.6172189140625001 0.67412693359375 0.6041334036458333 0.671757009765625 0.5998336744791667 0.350013595703125 0.5019617291666667
0 0.3637556796875 0.5021561510416667 0.6740328984375 0.6001507213541667 0.67635840625 0.5894681796875 0.678304275390625 0.5801762161458334 0.679634595703125 0.5666485338541667 0.372827251953125 0.4681508645833334 0.36998195703125 0.4699196822916667 0.3666134140625 0.48009609375 0.36514118359375 0.49198009895833333 0.3637556796875 0.5021561510416667
0 0.37909067578125 0.44520603906249995 0.37576000390625 0.4534218776041667 0.377950158203125 0.4580384583333333 0.68319123828125 0.5644374453125 0.687081287109375 0.5545141718750001 0.6893127109375 0.5398489791666666 0.688982716796875 0.5302398776041667 0.3839314453125 0.4231456744791667 0.3818915234375 0.4284549453125 0.37956603515625 0.43913749479166664 0.37909067578125 0.44520603906249995
0 0.69600365234375 0.5131745260416667 0.696526880859375 0.5047669713541666 0.428508826171875 0.38966032552083335 0.421343994140625 0.414921390625 0.68917251171875 0.5295446041666666 0.6928248984375 0.5226556119791667 0.69600365234375 0.5131745260416667
0 0.698329123046875 0.50249196875 0.70188746484375 0.49162033854166665 0.70392909375 0.47765041927083335 0.70430870703125 0.47625978125 0.437365224609375 0.3586101666666666 0.433349623046875 0.3675998671875 0.43040683984375 0.3827073255208333 0.698329123046875 0.50249196875
0 0.709050279296875 0.47619859895833333 0.715409451171875 0.4485758645833333 0.426162154296875 0.3211302734375 0.420125208984375 0.34464657031249996 0.709050279296875 0.47619859895833333
0 0.715409484375 0.4485758828125 0.72183969921875 0.42312991666666666 0.723475119140625 0.42335603906249997 0.43398066796875 0.2938899375 0.4271478359375 0.31892066927083335 0.715409484375 0.4485758828125
0 0.44114520703125 0.26980755729166667 0.433648939453125 0.29294146614583333 0.723475119140625 0.42335603906249997 0.7296865 0.3965482135416667 0.44114520703125 0.26980755729166667
0 0.740316083984375 0.38113476041666666 0.75284293359375 0.3352451119791667 0.405908890625 0.17879889062499998 0.393833736328125 0.2224380390625 0.740316083984375 0.38113476041666666
0 0.767599517578125 0.28335092447916665 0.42320326953125 0.12566646875 0.410239978515625 0.16531219791666665 0.75440923828125 0.3273437552083333 0.767599517578125 0.28335092447916665
0 0.758543818359375 0.2797436328125 0.763572716796875 0.2656485520833333 0.49503363671875 0.14497388541666667 0.49033771484375 0.1566716328125 0.758543818359375 0.2797436328125
0 0.7645217109375 0.26217209635416666 0.774057875 0.23372890104166666 0.504618943359375 0.11084588802083334 0.4963388671875 0.13781303385416668 0.7645217109375 0.26217209635416666
0 0.497798154296875 0.07525214322916667 0.49139416015625 0.096442046875 0.775814001953125 0.22513217708333333 0.7793244375 0.21659953906249999 0.78150801953125 0.20427326302083335 0.497798154296875 0.07525214322916667
0 0.783641970703125 0.20294661718749998 0.78900427734375 0.1811393489583333 0.504440138671875 0.05340946093749999 0.4979400625 0.07689587239583333 0.783641970703125 0.20294661718749998
0 0.7878193125 0.17898943229166667 0.795221525390625 0.15187287760416665 0.511902515625 0.028451911458333336 0.505957869140625 0.05401495572916667 0.7878193125 0.17898943229166667
0 0.795188478515625 0.15177819270833334 0.802922400390625 0.1256099921875 0.5203017578125 0.0034167005208333334 0.513279130859375 0.029142708333333333 0.795188478515625 0.15177819270833334