0 0.295962419921875 0 0.297110375 0.0164764609375 0.300312982421875 0.0299173828125 0.77702674609375 0.035435348958333335 0.779600984375 0.030705968750000003 0.51637286328125 0 0.295962419921875 0
0 0.773582857421875 0.100370265625 0.775457208984375 0.08425474739583333 0.776733587890625 0.06480264583333332 0.777189056640625 0.04541152083333333 0.296573791015625 0.037103807291666666 0.29033157421875 0.04508719791666666 0.2875046953125 0.06326948697916666 0.2865828671875 0.0773182265625 0.28854930859375 0.09714861197916667 0.290130505859375 0.110400390625 0.772093748046875 0.12306438541666666 0.7725901171875 0.11549967708333332 0.773582857421875 0.100370265625
0 0.73580784375 0.25277170833333334 0.74362673828125 0.1460609921875 0.291995341796875 0.11932948177083334 0.28700094921875 0.18299458333333332 0.281843560546875 0.21179445572916666 0.73580784375 0.25277170833333334
0 0.273381958984375 0.21625211979166667 0.268782328125 0.26145121875 0.710656943359375 0.29992925 0.71377698046875 0.2523796640625 0.273381958984375 0.21625211979166667
0 0.24904176171875 0.26350422916666666 0.24797811328125 0.2797143125 0.754323908203125 0.31917934114583335 0.756127349609375 0.3041444973958333 0.24904176171875 0.26350422916666666
0 0.2512018984375 0.3301818072916667 0.24737276171875 0.3885381171875 0.784180326171875 0.4119555598958333 0.78864765234375 0.34387320052083337 0.2512018984375 0.3301818072916667
0 0.241870341796875 0.3976967473958333 0.24142584375 0.45426999218749997 0.775588564453125 0.48064574218749995 0.77961419140625 0.41929490104166667 0.241870341796875 0.3976967473958333
0 0.230279181640625 0.4747485989583333 0.23029084375 0.5368197760416666 0.7717192109375 0.5520646927083334 0.771902935546875 0.4870158671875 0.230279181640625 0.4747485989583333
0 0.76072603125 0.6324531328124999 0.761778017578125 0.5541718697916667 0.2205221640625 0.5487475755208333 0.2207465546875 0.6075767369791667 0.22268230078125 0.6154251510416667 0.76072603125 0.6324531328124999
0 0.712286921875 0.6485815182291667 0.714952171875 0.6328624635416666 0.23942347265625 0.6217338124999999 0.230749140625 0.6294334895833333 0.229543671875 0.647804921875 0.228480021484375 0.6640150104166667 0.232037177734375 0.6720525651041668 0.712733560546875 0.6791240572916667 0.71389881640625 0.6738152630208334 0.71330083984375 0.6704786770833334 0.712286921875 0.6485815182291667
0 0.202559828125 0.6730975078125 0.190502998046875 0.7696960364583334 0.679509642578125 0.7995158151041667 0.6795879296875 0.6862747526041666 0.202559828125 0.6730975078125
0 0.7244288984375 0.8245804322916667 0.18023794921875 0.7891885390625001 0.176356939453125 0.7985363098958334 0.17271935546875 0.8166240338541666 0.171584796875 0.8339147916666666 0.17492922265625 0.8451943645833334 0.725265833984375 0.88652415625 0.725235138671875 0.8745421901041667 0.72626808984375 0.8463501380208333 0.7244288984375 0.8245804322916667
0 0.6876305 0.9496484739583333 0.68721455859375 0.9310879036458334 0.686869525390625 0.9114466614583333 0.68827203125 0.8900723854166667 0.174361943359375 0.8538397421875 0.170480931640625 0.863187515625 0.16870818359375 0.8902043281249999 0.168242509765625 0.909751 0.1721849140625 0.9243671588541668 0.68797553125 0.9692897161458333 0.687235736328125 0.9681144765625 0.69099165625 0.9544481901041667 0.6876305 0.9496484739583333
0 0.726421560546875 1 0.726477345703125 0.9925583750000001 0.171303296875 0.9253532630208333 0.16557862890625 0.962798515625 0.17421262109375 0.9639063151041666 0.483627154296875 1 0.726421560546875 1