0 0.134302361328125 0.2171885546875 0.119902873046875 0.222540984375 0.1191206875 0.22476875781250003 0.141428666015625 0.8545004505208333 0.146559125 0.8606612994791667 0.162851421875 0.8606094010416667 0.17837382421875 0.861697859375 0.1911606328125 0.8553715624999999 0.16774203125 0.21811156510416665 0.1521770390625 0.21593952604166666 0.134302361328125 0.2171885546875
0 0.172983060546875 0.22535125 0.1714178828125 0.22872029427083332 0.196762849609375 0.8528069791666667 0.2091204921875 0.8562896979166666 0.222890150390625 0.8542409583333334 0.23263997265625 0.8535596692708333 0.20618438671875 0.2219446796875 0.202079369140625 0.22114496614583334 0.18420469140625 0.22239399739583332 0.172983060546875 0.22535125
0 0.245924 0.1344162265625 0.20447871484375 0.13513918489583335 0.20286228125 0.13742525260416666 0.23426169140625 0.8740909583333334 0.274885955078125 0.8712522552083333 0.245924 0.1344162265625
0 0.323549890625 0.8656786458333333 0.291508357421875 0.13340404427083333 0.2759007734375 0.130148421875 0.253282513671875 0.1328154765625 0.251611396484375 0.13401880989583334 0.28134324609375 0.8697144817708334 0.323549890625 0.8656786458333333
0 0.33329971484375 0.8649973567708332 0.348779525390625 0.865002234375 0.37306890234375 0.8611318463541666 0.34102737109375 0.12885724479166666 0.311650126953125 0.12765036458333334 0.3003757578125 0.12843818489583333 0.298692951171875 0.12964233072916667 0.33329971484375 0.8649973567708332
0 0.37790122265625 0.8597076197916667 0.411983013671875 0.8562395260416666 0.3871163125 0.18213772916666668 0.35229216015625 0.18457113541666667 0.37790122265625 0.8597076197916667
0 0.450042046875 0.8503203984375 0.422180953125 0.18294719010416668 0.396096244140625 0.182596796875 0.38899083984375 0.18526641666666666 0.38895423828125 0.18744209374999998 0.4151051796875 0.8527616822916667 0.450042046875 0.8503203984375
0 0.453717900390625 0.8609291276041667 0.48942466015625 0.857347484375 0.461864958984375 0.17691451302083336 0.424621287109375 0.17951699218749997 0.453717900390625 0.8609291276041667
0 0.50167673828125 0.1741325859375 0.465298216796875 0.17776116666666666 0.46532785546875 0.18210533072916668 0.49340190625 0.8548964505208333 0.52919384765625 0.8534819713541667 0.50167673828125 0.1741325859375
0 0.559235419921875 0.16685088020833336 0.51465915625 0.1688791796875 0.51288116796875 0.16900341927083332 0.54287832421875 0.8492660651041667 0.58833491015625 0.8450031380208333 0.559235419921875 0.16685088020833336
0 0.5698403203125 0.1671963984375 0.59551950390625 0.8412414244791666 0.60381472265625 0.8450080104166666 0.622501884765625 0.8437022083333333 0.6393937109375 0.838175625 0.6145696015625 0.16515740885416666 0.588442298828125 0.16372343229166667 0.5716324140625 0.167071171875 0.5698403203125 0.1671963984375
0 0.642902453125 0.8238051822916667 0.684296611328125 0.8198261223958333 0.65835537109375 0.18056928385416668 0.617011646484375 0.18128514322916667 0.642902453125 0.8238051822916667
0 0.6941316171875 0.8213119999999999 0.73869053515625 0.8149386770833332 0.71274929296875 0.17568183854166666 0.704581849609375 0.17516599739583336 0.68585209765625 0.17538821875 0.6666281328125 0.1789046484375 0.66652281640625 0.18108512499999999 0.6941316171875 0.8213119999999999
0 0.737467837890625 0.16200243489583332 0.722277609375 0.16415044270833332 0.745960310546875 0.8133441276041666 0.770207095703125 0.8083901588541668 0.748885220703125 0.16229118229166667 0.737467837890625 0.16200243489583332
0 0.8051865546875 0.8070324583333334 0.780699919921875 0.16332774218749999 0.783736904296875 0.15768273177083333 0.757137958984375 0.15954138541666665 0.755299919921875 0.15966982291666668 0.77927220703125 0.811016390625 0.8051865546875 0.8070324583333334
0 0.819348712890625 0.8093025234375001 0.8457682265625 0.8031101718749999 0.824859248046875 0.25042637500000003 0.7995444296875 0.248935625 0.81664653125 0.8084047838541667 0.819348712890625 0.8093025234375001
0 0.841534865234375 0.26012671875 0.827824431640625 0.2578250885416667 0.8258846875 0.2557875130208333 0.846154802734375 0.7922175729166666 0.85915456640625 0.7913091875 0.841534865234375 0.26012671875
0 0.85180554296875 0.21051390104166667 0.84391471484375 0.2110652890625 0.84115805078125 0.209084796875 0.8607369453125 0.7901120572916667 0.87215433203125 0.7904008020833334 0.85180554296875 0.21051390104166667
0 0.87293016015625 0.2090377734375 0.853624365234375 0.20930024739583333 0.87463437890625 0.7913140625 0.889386888671875 0.7935428776041666 0.896486296875 0.787614 0.87293016015625 0.2090377734375
0 0.9071337890625 0.7890431015625 0.916968794921875 0.7905289765625 0.897176947265625 0.2040838046875 0.887672029296875 0.20474798177083334 0.9071337890625 0.7890431015625
0 0.938820716796875 0.7868289114583332 0.91757426171875 0.2048316171875 0.91269934765625 0.20517226302083333 0.89904964453125 0.20395294791666665 0.91688361328125 0.7883618124999999 0.930738453125 0.788480234375 0.938820716796875 0.7868289114583332