0 0.081213208984375 0.670244109375 0.1314999375 0.6857907213541666 0.23534632421875 0.0830819453125 0.178002861328125 0.05768215625 0.081213208984375 0.670244109375
0 0.294783818359375 0.10731109895833334 0.238153234375 0.08298805729166667 0.138882279296875 0.6900381822916667 0.187419900390625 0.7069088072916667 0.294783818359375 0.10731109895833334
0 0.25964490625 0.7343135755208333 0.265258779296875 0.7341258619791667 0.3723121640625 0.1376767265625 0.319927185546875 0.11508438541666667 0.3086993828125 0.11545980989583333 0.296952392578125 0.11809974739583333 0.19492335546875 0.7128828177083334 0.25964490625 0.7343135755208333
0 0.34021523046875 0.7664712786458333 0.450170451171875 0.17065304687500002 0.375708642578125 0.13906126822916667 0.360931474609375 0.21970327343749999 0.363478759765625 0.22074165104166665 0.36701571484375 0.22961193229166665 0.364938732421875 0.23866993489583332 0.35776707421875 0.2456511015625 0.268016802734375 0.7463928958333333 0.34021523046875 0.7664712786458333
0 0.338752298828125 0.7739895390624999 0.37068855859375 0.7845319062499999 0.487329087890625 0.17832986979166665 0.4540158515625 0.16603017708333334 0.338752298828125 0.7739895390624999
0 0.5230531484375 0.1929345260416667 0.49163619140625 0.1801276875 0.37434460546875 0.7847841432291666 0.406521517578125 0.7935004348958333 0.5230531484375 0.1929345260416667
0 0.406210546875 0.7915835677083334 0.4491851953125 0.8066256354166667 0.571379310546875 0.21259217708333333 0.52593037890625 0.19658355989583332 0.406210546875 0.7915835677083334
0 0.622398703125 0.2334318385416667 0.57484873046875 0.2140485234375 0.45147290625 0.8087963203125 0.497254412109375 0.8237444583333334 0.622398703125 0.2334318385416667
0 0.49673516796875 0.8260089505208333 0.52808190625 0.83507296875 0.665339484375 0.24817103385416664 0.627753015625 0.23437637239583334 0.49673516796875 0.8260089505208333
0 0.699597275390625 0.26118687760416665 0.665113732421875 0.24960613020833333 0.527562662109375 0.8373374609374999 0.5616783359375 0.8472176562499999 0.699597275390625 0.26118687760416665
0 0.764010251953125 0.2961108098958333 0.701765791015625 0.2719755 0.564074302734375 0.8522210989583333 0.62230394140625 0.8678464010416667 0.764010251953125 0.2961108098958333
0 0.622922240234375 0.8749718046875 0.654598810546875 0.8866464348958334 0.79852309765625 0.29973896614583334 0.76752576171875 0.28887730729166666 0.622922240234375 0.8749718046875
0 0.83415624609375 0.32222903124999996 0.80104113671875 0.30872995833333333 0.65389026953125 0.8937860755208332 0.684172771484375 0.9053208671875 0.83415624609375 0.32222903124999996
0 0.69191065234375 0.9142370546874999 0.74795173046875 0.9370816901041666 0.92702370703125 0.30189573177083334 0.860463541015625 0.2722869270833333 0.69191065234375 0.9142370546874999
0 1 0.3328566640625 0.9383217734375 0.30526320833333337 0.755334126953125 0.9413291744791666 0.813003154296875 0.9611231536458332 1 0.33527146614583336 1 0.3328566640625