0 0.731755498046875 0.6218466015625 0.72401203125 0.6040550364583334 0.508273408203125 0.7464631015625001 0.5167365546875 0.7753511536458334 0.731755498046875 0.6218466015625
0 0.70301057421875 0.5757658072916666 0.701619916015625 0.5749014401041667 0.489866369140625 0.7107578411458334 0.498400005859375 0.7420191354166666 0.711311970703125 0.6040613177083333 0.7117750625 0.60152771875 0.70301057421875 0.5757658072916666
0 0.482166849609375 0.6783221302083334 0.489512033203125 0.7031147395833334 0.7035657265625 0.5693394166666667 0.70078301953125 0.559145515625 0.695728810546875 0.5469754713541667 0.482166849609375 0.6783221302083334
0 0.67162312109375 0.5263496822916667 0.463622412109375 0.6526886354166667 0.470392970703125 0.6732612109375 0.471289873046875 0.6765468333333334 0.680108642578125 0.5468596197916666 0.675378734375 0.5337625729166667 0.67162312109375 0.5263496822916667
0 0.6695371328125 0.5250531328125 0.664574984375 0.5089903020833334 0.476687943359375 0.6201808619791667 0.481293142578125 0.6370511067708333 0.6695371328125 0.5250531328125
0 0.6629520859375 0.5051601510416667 0.65836096484375 0.4904565078125 0.469731869140625 0.5989286953125 0.475031033203125 0.616226125 0.6629520859375 0.5051601510416667
0 0.670874123046875 0.4813054635416667 0.663408232421875 0.4603007083333333 0.460551017578125 0.5779865755208333 0.466590962890625 0.5979977083333333 0.670874123046875 0.4813054635416667
0 0.662109634765625 0.45554355468749996 0.6551535625 0.43429138281249996 0.451554291015625 0.5492588802083334 0.457639203125 0.5715497578125001 0.662109634765625 0.45554355468749996
0 0.65209327734375 0.4273106770833333 0.64805869921875 0.4146458151041667 0.64458205078125 0.4124848984375 0.438988853515625 0.5222630598958333 0.438943517578125 0.5284420364583333 0.44493317578125 0.5461539270833333 0.652743271484375 0.4339218411458334 0.65209327734375 0.4273106770833333
0 0.6557512734375 0.40475567968750004 0.649119501953125 0.38257650520833336 0.43416410546875 0.4961284609375 0.44005994140625 0.5177266953125 0.6557512734375 0.40475567968750004
0 0.30824068359375 0.5424377135416667 0.724246560546875 0.33842160156249995 0.724014322265625 0.3354558177083333 0.72290123828125 0.3313782578125 0.72141712890625 0.3259415104166667 0.71946992578125 0.32303836458333335 0.718542357421875 0.3196403958333333 0.716595158203125 0.3167372526041667 0.300214375 0.5172649557291666 0.30824068359375 0.5424377135416667
0 0.714646568359375 0.3053689375 0.7113993828125 0.28924346875 0.706809650390625 0.2830049921875 0.2893143984375 0.4709899661458334 0.28968542578125 0.4723491536458333 0.29107747265625 0.48167868750000004 0.29436999609375 0.4916251770833333 0.298311123046875 0.49971766145833335 0.714646568359375 0.3053689375
0 0.7044446953125 0.27645646875 0.69836946484375 0.256316078125 0.2786933828125 0.42996695312500005 0.285508916015625 0.45493431770833337 0.7044446953125 0.27645646875
0 0.691137203125 0.2467422734375 0.689930669921875 0.23809233072916666 0.68682366015625 0.22882543229166666 0.6838101015625 0.2241309192708333 0.262928875 0.3975970208333333 0.266174671875 0.40525731770833334 0.269513921875 0.41748999999999997 0.271503984375 0.42478020312500003 0.691137203125 0.2467422734375
0 0.6765750625 0.19762677604166667 0.673004962890625 0.19089348177083332 0.248600361328125 0.3599124739583333 0.256987361328125 0.3864065625 0.681212908203125 0.21461660937500002 0.67861571484375 0.20510230208333333 0.6765750625 0.19762677604166667
0 0.6642858125 0.15895258854166666 0.66039141015625 0.153146296875 0.22977140234375 0.295166328125 0.237644365234375 0.321892359375 0.669896564453125 0.1731614140625 0.666975068359375 0.16457410677083334 0.6642858125 0.15895258854166666