0 0.0356917421875 0.6366249713541666 0.046743802734375 0.6402990885416667 0.09839709765625 0.07260628385416666 0.08898466796875 0.06947723958333334 0.0356917421875 0.6366249713541666
0 0.047336359375 0.6416143619791667 0.074964583984375 0.6463258671875 0.133315533203125 0.05178414322916666 0.1045021953125 0.044442085937499994 0.047336359375 0.6416143619791667
0 0.0828589140625 0.6489502369791667 0.093712169921875 0.6492034036458333 0.1491176796875 0.08834940885416666 0.139520904296875 0.08627737239583333 0.0828589140625 0.6489502369791667
0 0.093712169921875 0.6492034036458333 0.11877521875 0.6541804348958333 0.180484630859375 0.06858319791666666 0.15529862109375 0.06021042708333333 0.093712169921875 0.6492034036458333
0 0.120749763671875 0.657073421875 0.135353310546875 0.6596916119791667 0.187641548828125 0.19173745833333333 0.171656013671875 0.18754155729166666 0.120749763671875 0.657073421875
0 0.1381172890625 0.6628470338541667 0.152327080078125 0.6675708984375 0.205798505859375 0.1977735078125 0.19020672265625 0.19147193229166667 0.1381172890625 0.6628470338541667
0 0.155325134765625 0.6696858541666666 0.17229698046875 0.6730913515625 0.238741060546875 0.08459494791666666 0.220245048828125 0.08068275781249999 0.155325134765625 0.6696858541666666
0 0.176047267578125 0.675456375 0.200320884765625 0.68017096875 0.262263779296875 0.17852290625 0.235485197265625 0.16962070572916665 0.176047267578125 0.675456375
0 0.20189975 0.68069584375 0.22360819140625 0.6856759661458334 0.29775165234375 0.10533055989583334 0.27466122265625 0.09877272656250001 0.20189975 0.68069584375
0 0.323210380859375 0.11267570312500001 0.30098405078125 0.10640513020833332 0.22538393359375 0.685148 0.233870818359375 0.6890876458333333 0.246895498046875 0.6911809609375 0.323210380859375 0.11267570312500001
0 0.2496594765625 0.6943363854166668 0.2798548046875 0.7032561510416667 0.358732935546875 0.120011578125 0.326053169921875 0.11138417968749999 0.2496594765625 0.6943363854166668
0 0.28143366796875 0.7037810260416667 0.31360161328125 0.7111199895833332 0.39978151953125 0.12918451041666668 0.366322109375 0.12029792708333333 0.28143366796875 0.7037810260416667
0 0.31557616015625 0.7140129765625001 0.335705734375 0.7184682239583333 0.422082517578125 0.13547990625 0.40165640234375 0.12868950260416667 0.31557616015625 0.7140129765625001
0 0.33689084765625 0.7210987734375 0.356626671875 0.7276596979166667 0.44280657421875 0.14572421875 0.42346450390625 0.13705761979166667 0.33689084765625 0.7210987734375
0 0.358796166015625 0.7250260572916667 0.379321419921875 0.7318494192708332 0.4684621796875 0.15201652604166668 0.4480476171875 0.14522996354166667 0.358796166015625 0.7250260572916667
0 0.3812940390625 0.7302686171875 0.39945099609375 0.7363046666666667 0.493525228515625 0.15699355729166667 0.4713406015625 0.15073684635416668 0.3812940390625 0.7302686171875
0 0.40024235546875 0.7410408958333333 0.419978177734375 0.7476018203125 0.514247361328125 0.16276408072916668 0.49542321484375 0.15650623177083334 0.40024235546875 0.7410408958333333
0 0.522149396484375 0.183283609375 0.517541310546875 0.1817517109375 0.427085 0.7544375416666668 0.45668584375 0.7575682421875 0.547214373046875 0.19273443229166667 0.522149396484375 0.183283609375
0 0.457869029296875 0.7557250026041666 0.53108555859375 0.7722368984375 0.6342430859375 0.2071282890625 0.552871357421875 0.18119557552083332 0.457869029296875 0.7557250026041666
0 0.535428404296875 0.7759171979166667 0.6068711171875 0.7974308489583333 0.72088190234375 0.23257540364583332 0.64111076953125 0.2071747890625 0.535428404296875 0.7759171979166667
0 0.610028849609375 0.7984805963541667 0.635684453125 0.8047729036458334 0.754630640625 0.24491303385416666 0.728562677734375 0.23736535416666668 0.610028849609375 0.7984805963541667
0 0.638448431640625 0.8079283255208334 0.664893470703125 0.8144830703125 0.7875899453125 0.2569882239583333 0.759555072265625 0.24655009895833332 0.638448431640625 0.8079283255208334
0 0.669236314453125 0.8181633671875 0.6933130546875 0.8239308020833334 0.824516220703125 0.2659090338541667 0.7957028828125 0.25856697916666666 0.669236314453125 0.8181633671875
0 0.69589996484375 0.8236724973958333 0.722740681640625 0.8325953567708333 0.855500978515625 0.27509123697916665 0.828053767578125 0.26596676041666667 0.69589996484375 0.8236724973958333
0 0.725305857421875 0.8323298307291668 0.75175089453125 0.8388845703125 0.88668454296875 0.2876943932291667 0.8592451640625 0.2785725182291667 0.725305857421875 0.8323298307291668
0 0.7529360078125 0.8415151223958333 0.780959912109375 0.8485947395833334 0.917076744140625 0.29556132291666665 0.89161781640625 0.28486124739583335 0.7529360078125 0.8415151223958333
0 0.785300830078125 0.8478012473958333 0.81194274609375 0.8533031536458333 0.952599298828125 0.3028971953125 0.92833448828125 0.29483066666666663 0.785300830078125 0.8478012473958333
0 0.81529928125 0.8577738541666666 0.83977169921875 0.8659093984375 0.986741791015625 0.31312914583333334 0.960906140625 0.3045404114583333 0.81529928125 0.8577738541666666
0 1 0.3130635234375 0.992489166015625 0.310566640625 0.842780916015625 0.8680280625 0.871989931640625 0.8777382317708334 1 0.4085705755208333 1 0.3130635234375
0 1 0.43204623697916666 0.877122208984375 0.8816809661458334 0.905935544921875 0.8890230208333333 1 0.5441687734375 1 0.43204623697916666