0 0.400006134765625 0 0.395896646484375 0.01591309375 0.39606080078125 0.028608835937499997 0.836825267578125 0.2149030390625 0.858649685546875 0.13584697916666666 0.5800562265625 0.007943752604166666 0.559651 0 0.400006134765625 0
0 0.8323348984375 0.22562530729166666 0.394446326171875 0.03819339322916667 0.389753990234375 0.046364890624999995 0.38188306640625 0.06684477604166666 0.3747312421875 0.0945386484375 0.367793935546875 0.12806753906249999 0.80569505859375 0.31878370572916664 0.82225673828125 0.2713164791666667 0.83046808984375 0.23951980989583332 0.8323348984375 0.22562530729166666
0 0.36488023046875 0.13935022916666667 0.343765189453125 0.21111505989583335 0.78180528515625 0.41795732812499997 0.805524388671875 0.33610884114583334 0.36488023046875 0.13935022916666667
0 0.342150712890625 0.22069961458333334 0.32045554296875 0.30137656510416666 0.7588994921875 0.5233192421875 0.78292766796875 0.43360824479166665 0.342150712890625 0.22069961458333334
0 0.318626546875 0.30512609635416665 0.2951023828125 0.38955258072916665 0.728324232421875 0.6217181536458333 0.755184259765625 0.5310399713541667 0.318626546875 0.30512609635416665
0 0.295581783203125 0.3943619036458333 0.271288154296875 0.47843512239583336 0.70032225 0.72015115625 0.727175904296875 0.6294976510416667 0.295581783203125 0.3943619036458333
0 0.270493505859375 0.48151221875 0.258914228515625 0.5163518880208333 0.6717391953125 0.7575101015625 0.682743837890625 0.7215627369791666 0.270493505859375 0.48151221875
0 0.25629058984375 0.5231785182291667 0.248344119140625 0.553949484375 0.659844673828125 0.8002361901041667 0.6708465546875 0.7642995130208333 0.25629058984375 0.5231785182291667
0 0.24855863671875 0.5597845078125 0.240586984375 0.5939858359375 0.6261654296875 0.8306662265625001 0.6379341484375 0.7950929895833333 0.24855863671875 0.5597845078125
0 0.23613434765625 0.6045619973958333 0.22919704296875 0.638090890625 0.612946494140625 0.8785208125 0.624712125 0.8429595286458333 0.23613434765625 0.6045619973958333
0 0.228137513671875 0.6421936874999999 0.2143888125 0.6920996692708333 0.61573523046875 0.9543761067708334 0.630675966796875 0.9065199192708334 0.228137513671875 0.6421936874999999
0 0.603339595703125 1 0.615069412109375 0.9636200442708334 0.212320119140625 0.6934445416666667 0.19984546484375 0.74508275 0.572535169921875 1 0.603339595703125 1
0 0.53387691796875 1 0.538195986328125 0.9880019609375 0.201328994140625 0.7493366588541667 0.19648556640625 0.7780903203124999 0.51014426953125 1 0.53387691796875 1
0 0.506079484375 1 0.1982641953125 0.7812015104166666 0.1903177265625 0.8119724765625 0.4542860859375 1 0.506079484375 1
0 0.44888045703125 1 0.192336056640625 0.8174883307291667 0.183645302734375 0.8444756744791667 0.334036521484375 0.9526159296875 0.43724651953125 1 0.44888045703125 1