0 0.06751353515625 0.7995917760416668 0.069626533203125 0.800931796875 0.079727859375 0.8045736302083334 0.085693267578125 0.8045561510416667 0.09844868359375 0.8036622291666666 0.100651916015625 0.8040229270833333 0.0968597109375 0.2785368984375 0.06013138671875 0.27247265364583334 0.06751353515625 0.7995917760416668
0 0.109477724609375 0.8134203020833333 0.116911984375 0.8136432942708334 0.131046029296875 0.8139690963541667 0.137372158203125 0.8100345 0.141004177734375 0.28461934375000003 0.096769529296875 0.2795161953125 0.102494421875 0.8083008072916668 0.109477724609375 0.8134203020833333
0 0.14040000390625 0.8095361015625001 0.170600779296875 0.8134862604166666 0.180215169921875 0.3129030442708333 0.14325626171875 0.308996046875 0.14040000390625 0.8095361015625001
0 0.173087478515625 0.8188636979166667 0.203932498046875 0.8239134218749999 0.215047001953125 0.31751223958333336 0.1793323046875 0.31390809635416667 0.173087478515625 0.8188636979166667
0 0.205491482421875 0.8231746197916667 0.227185630859375 0.8267527005208333 0.2422076328125 0.3192312578125 0.223757306640625 0.3172047604166667 0.21494447265625 0.31576198697916663 0.205491482421875 0.8231746197916667
0 0.235692259765625 0.8271247760416666 0.24092328125 0.8269871380208333 0.2487311953125 0.8312475390624999 0.25433591796875 0.8351473177083334 0.27027058984375 0.323273390625 0.242942013671875 0.319351484375 0.230190736328125 0.8302003463541667 0.235692259765625 0.8271247760416666
0 0.254516283203125 0.8331887239583334 0.279949916015625 0.8403346796875 0.30655223046875 0.38145656510416664 0.2705663671875 0.3755652213541667 0.254516283203125 0.8331887239583334
0 0.34391671875 0.38856766666666664 0.3071964765625 0.38255609375000005 0.280439634765625 0.8593020885416666 0.315271814453125 0.8674107682291666 0.34391671875 0.38856766666666664
0 0.335107513671875 0.8404181119791666 0.366957453125 0.8426502031249999 0.383497361328125 0.40399409375 0.344393521484375 0.3995804192708334 0.335107513671875 0.8404181119791666
0 0.367537408203125 0.8606382942708333 0.401139673828125 0.8681275338541666 0.42463698828125 0.4186816901041666 0.3888314921875 0.4108317213541666 0.367537408203125 0.8606382942708333
0 0.40280181640625 0.8743640078125 0.434561578125 0.8775753645833334 0.476573044921875 0.35660580208333337 0.4415106484375 0.35130757291666664 0.40280181640625 0.8743640078125
0 0.436442947265625 0.9057171119791666 0.469027314453125 0.9080694401041667 0.518854962890625 0.36615626041666666 0.4820875390625 0.36148483333333337 0.436442947265625 0.9057171119791666
0 0.47220953515625 0.8897031744791667 0.49350729296875 0.893189890625 0.547269201171875 0.3741440572916667 0.52174544140625 0.3679773385416667 0.47220953515625 0.8897031744791667
0 0.577379791015625 0.37907354427083334 0.545710263671875 0.3748828958333333 0.495723443359375 0.9015052473958334 0.521556375 0.9066482708333333 0.577379791015625 0.37907354427083334
0 0.609500333984375 0.3783676927083333 0.57865536328125 0.3733179791666667 0.52325715625 0.9020365625000001 0.5513449765625 0.9046467734375 0.609500333984375 0.3783676927083333
0 0.64475176953125 0.38413880208333334 0.61455099609375 0.38018861197916665 0.5540120390625 0.9080656197916667 0.58334103125 0.9123903333333333 0.64475176953125 0.38413880208333334
0 0.584406095703125 0.9180118463541667 0.6125841015625 0.919642734375 0.680798896484375 0.38829567447916663 0.649982794921875 0.38400112760416666 0.584406095703125 0.9180118463541667
0 0.7126777578125 0.3912829140625 0.683765474609375 0.3895317838541667 0.6158051796875 0.9251403984375001 0.64324870703125 0.9266510390625 0.7126777578125 0.3912829140625
0 0.645735408203125 0.9320284765625 0.68025246484375 0.937679359375 0.746906484375 0.4450334895833334 0.708168654296875 0.4402478411458333 0.645735408203125 0.9320284765625
0 0.681257392578125 0.9348616640624999 0.712836837890625 0.9400316223958334 0.789206294921875 0.44867885416666664 0.750210154296875 0.4451424505208333 0.681257392578125 0.9348616640624999
0 0.840747767578125 0.41721990625 0.799621107421875 0.4104869479166667 0.717526771484375 0.9457697578125001 0.7559863671875 0.9490838723958334 0.840747767578125 0.41721990625
0 0.8899528828125 0.4252754114583333 0.844419755859375 0.4178210572916667 0.75764850390625 0.9553204088541666 0.797816447265625 0.9606213098958333 0.8899528828125 0.4252754114583333
0 0.799329177734375 0.9641321875000001 0.82843484765625 0.9718793020833334 0.930389359375 0.4291568151041667 0.897567505859375 0.4235398411458333 0.799329177734375 0.9641321875000001
0 0.96586714453125 0.4347213619791667 0.93281894140625 0.4293109505208333 0.83054789453125 0.9732193307291667 0.85911953125 0.9804963697916667 0.96586714453125 0.4347213619791667