0 0.6212676640625 1 0.62155728125 0.9985588411458334 0.213852482421875 0.8472846093749999 0.1990619296875 0.9101232734375001 0.450630310546875 1 0.6212676640625 1
0 0.621627845703125 0.9772457630208334 0.63504843359375 0.9146563958333332 0.205487955078125 0.7589430807291667 0.191882140625 0.8224541510416666 0.621627845703125 0.9772457630208334
0 0.6365224609375 0.9073215390625 0.652203146484375 0.8376781510416667 0.221646021484375 0.6827318359375 0.207833390625 0.74727203125 0.6365224609375 0.9073215390625
0 0.270060609375 0.6472445052083333 0.26088423828125 0.6887143619791667 0.6541545546875 0.8237754375 0.66194583984375 0.7850054791666666 0.66100541796875 0.7813002942708334 0.270060609375 0.6472445052083333
0 0.66577808203125 0.7785131328125 0.67477658984375 0.7379283359375001 0.279901416015625 0.6024683645833333 0.270937919921875 0.6428789453125 0.66577808203125 0.7785131328125
0 0.27771301171875 0.5253178984375 0.263066125 0.5940094166666666 0.67525396875 0.7313604791666667 0.681135736328125 0.7188619479166666 0.6906678515625 0.6672371145833332 0.27771301171875 0.5253178984375
0 0.23818673046875 0.4033819895833333 0.218124978515625 0.49482584635416665 0.706656103515625 0.6673338255208333 0.7088599765625 0.6647519895833334 0.72566410546875 0.5685563359375 0.23818673046875 0.4033819895833333
0 0.74934665234375 0.45909515364583336 0.261083203125 0.29363996875000004 0.259342373046875 0.3064948463541667 0.253025115234375 0.3379299505208333 0.248546806640625 0.364406703125 0.24374997265625 0.3882760807291667 0.73033865234375 0.5578726432291666 0.74934665234375 0.45909515364583336
0 0.75668442578125 0.4267742864583333 0.756165154296875 0.42097343229166667 0.33817084765625 0.2873614010416667 0.333355212890625 0.31132433333333337 0.749328630859375 0.44660767447916666 0.752107998046875 0.44535451302083334 0.75668442578125 0.4267742864583333
0 0.346635748046875 0.2578166432291667 0.34260769921875 0.28205288020833336 0.756221384765625 0.41650124739583333 0.76006796875 0.3931680026041667 0.760334771484375 0.3876479817708333 0.346635748046875 0.2578166432291667
0 0.341232486328125 0.2008559140625 0.331787119140625 0.24785670052083333 0.76018042578125 0.38422363541666665 0.76380209375 0.3787791276041667 0.7720707578125 0.3334413098958333 0.341232486328125 0.2008559140625
0 0.771972638671875 0.32554478125 0.784452806640625 0.2592502291666667 0.355818408203125 0.12408299479166666 0.342431369140625 0.18650542447916665 0.771972638671875 0.32554478125
0 0.7964412578125 0.21636443489583335 0.80076521875 0.18646333333333334 0.37387165234375 0.038441221354166666 0.371878357421875 0.039975221354166666 0.3649856015625 0.07008164843749999 0.3594921953125 0.1016096015625 0.789492275390625 0.2509430442708333 0.7964412578125 0.21636443489583335
0 0.3799118515625 0 0.377395529296875 0.012521390625000002 0.80360081640625 0.18073798697916665 0.805594111328125 0.17920398437499999 0.812163833984375 0.15908976041666667 0.8162209921875 0.1347086796875 0.82106422265625 0.11060843489583333 0.53644622265625 0 0.3799118515625 0