0 0.6774012109375 0.8715682109374999 0.6895753828125 0.8105425442708333 0.242963044921875 0.63713115625 0.229351556640625 0.6982174791666668 0.6774012109375 0.8715682109374999
0 0.2572919921875 0.5814273958333334 0.246012802734375 0.6376667578125 0.688499396484375 0.8122183645833333 0.700729580078125 0.7456966380208333 0.2572919921875 0.5814273958333334
0 0.70228458203125 0.7425774557291667 0.711592744140625 0.6928001328125001 0.261033083984375 0.5247155390625 0.25200875390625 0.5663313229166667 0.70228458203125 0.7425774557291667
0 0.271417244140625 0.47326246875 0.262644099609375 0.516100296875 0.713026783203125 0.6892098229166667 0.720614111328125 0.6393599739583333 0.271417244140625 0.47326246875
0 0.71174179296875 0.6308271770833334 0.71872094140625 0.5894264765625 0.32655968359375 0.4457374791666667 0.31898084765625 0.47992358333333335 0.71174179296875 0.6308271770833334
0 0.7188999375 0.5884692578125 0.7271380546875 0.5525709791666666 0.33455610546875 0.40071003125 0.324883962890625 0.44019861718750003 0.7188999375 0.5884692578125
0 0.293782611328125 0.33326703645833333 0.284830482421875 0.37706202604166666 0.73503615625 0.5551966041666666 0.746011185546875 0.5035438411458334 0.293782611328125 0.33326703645833333
0 0.7461363125 0.49991445052083333 0.75652248046875 0.45252901822916664 0.309115685546875 0.287851359375 0.300063705078125 0.3323047942708333 0.7461363125 0.49991445052083333
0 0.31904201171875 0.23897111197916665 0.309371853515625 0.28252753645833334 0.754547482421875 0.45085572916666666 0.764911333984375 0.40247136979166664 0.31904201171875 0.23897111197916665
0 0.76600765234375 0.3977268463541667 0.773885755859375 0.35967530208333337 0.3292034609375 0.19388342447916665 0.322266064453125 0.22580820572916668 0.76600765234375 0.3977268463541667
0 0.33658830078125 0.15329545052083335 0.32942618359375 0.1875179765625 0.772089775390625 0.35704466145833336 0.779281197265625 0.32114032291666667 0.33658830078125 0.15329545052083335
0 0.78032587109375 0.3170786770833333 0.789282041015625 0.2814189739583333 0.344362955078125 0.11281488020833334 0.33676530078125 0.14827052864583332 0.78032587109375 0.3170786770833333
0 0.353058552734375 0.06929579947916667 0.34482042578125 0.1051940703125 0.785510990234375 0.27711515885416665 0.7942416953125 0.23665076041666666 0.353058552734375 0.06929579947916667
0 0.795181150390625 0.2335587395833333 0.80234126953125 0.19526850781250002 0.358339068359375 0.03358951041666667 0.35054453125 0.06642645833333334 0.795181150390625 0.2335587395833333
0 0.442781744140625 0.042184330729166664 0.4406356875 0.05773919010416667 0.802516271484375 0.1861758828125 0.806445916015625 0.16690093229166666 0.442781744140625 0.042184330729166664