0 0.54272585546875 1 0.8445038828125 0.9071054036458334 0.837981732421875 0.8659067473958334 0.45222059765625 1 0.54272585546875 1
0 0.811967466796875 0.8384766875 0.80381162890625 0.7913742604166667 0.47695935546875 0.9035785494791666 0.485843642578125 0.9550657083333333 0.811967466796875 0.8384766875
0 0.78994211328125 0.7288179010416668 0.782231046875 0.7018287213541666 0.473357705078125 0.8634836093749999 0.4804047109375 0.8929517682291667 0.78994211328125 0.7288179010416668
0 0.46797723828125 0.829951515625 0.47618761328125 0.8598244869791666 0.7853921015625 0.6937680833333334 0.77906786328125 0.6704020364583334 0.46797723828125 0.829951515625
0 0.789383884765625 0.6641890260416666 0.779176177734375 0.6227807161458333 0.4054031328125 0.808676109375 0.41556489453125 0.8562103854166666 0.789383884765625 0.6641890260416666
0 0.781560923828125 0.6190090755208334 0.770132890625 0.5749389244791666 0.397591994140625 0.7587408411458334 0.40851819921875 0.806741453125 0.781560923828125 0.6190090755208334
0 0.393759044921875 0.7039585598958333 0.40385626953125 0.7535009401041667 0.772351185546875 0.5702059817708334 0.762365146484375 0.5256919453125 0.393759044921875 0.7039585598958333
0 0.76569259375 0.5185925625 0.753543515625 0.4747443671875 0.3806275703125 0.6559426119791667 0.392871572265625 0.7032192031250001 0.76569259375 0.5185925625
0 0.374452044921875 0.60561309375 0.386545896484375 0.6535283229166667 0.7583130078125 0.4672010833333333 0.747051423828125 0.4240922395833333 0.374452044921875 0.60561309375
0 0.750545310546875 0.41795409375 0.739062025390625 0.37795105208333335 0.368726263671875 0.5582675026041667 0.378999880859375 0.6011756041666666 0.750545310546875 0.41795409375
0 0.7425006484375 0.3758799479166666 0.73207128515625 0.3375774296875 0.361403638671875 0.5159771354166667 0.37223084375 0.5576963151041666 0.7425006484375 0.3758799479166666
0 0.750540240234375 0.32581726041666664 0.738224708984375 0.2810077604166667 0.342219681640625 0.467708359375 0.3542054375 0.5081704140625 0.750540240234375 0.32581726041666664
0 0.33411909375 0.416538890625 0.343772216796875 0.4591303854166667 0.742772544921875 0.2765702682291667 0.7290131640625 0.23688993229166666 0.33411909375 0.416538890625
0 0.725853197265625 0.22710281510416666 0.70627141796875 0.17541737239583333 0.334225951171875 0.34259267708333335 0.34942630078125 0.3996767291666667 0.725853197265625 0.22710281510416666
0 0.324682568359375 0.2787046302083333 0.340770412109375 0.33652810156249996 0.7077687265625 0.1709064296875 0.69338216796875 0.11311105989583332 0.324682568359375 0.2787046302083333
0 0.693676095703125 0.08513103645833332 0.691512310546875 0.07263453125000001 0.686519634765625 0.05695866145833334 0.682692080078125 0.048011726562499996 0.298833271484375 0.22591091927083332 0.313870314453125 0.28004651822916665 0.694231349609375 0.0971102109375 0.693676095703125 0.08513103645833332
0 0.6682996796875 0 0.289401111328125 0.16705127864583333 0.30426859375 0.22221284895833335 0.687960962890625 0.043352281250000006 0.68967918359375 0.0225732109375 0.683799068359375 0.006158041666666667 0.679982736328125 0 0.6682996796875 0
0 0.533156884765625 0 0.27927294921875 0.109177796875 0.293394353515625 0.1637969765625 0.65504128515625 0 0.533156884765625 0
0 0.457274150390625 0 0.406568515625 0.015608424479166667 0.309401775390625 0.05647257552083334 0.317073337890625 0.08563225000000001 0.317018095703125 0.08969928645833335 0.3175174375 0.09258313541666667 0.531483744140625 0 0.457274150390625 0