0 0.5493696875 1 0.828371064453125 0.9003224088541667 0.816712580078125 0.8423090000000001 0.427877431640625 1 0.5493696875 1
0 0.411043220703125 1 0.817376107421875 0.8379865078125 0.803255962890625 0.7715357135416667 0.336554560546875 0.9538522552083334 0.34484019921875 1 0.411043220703125 1
0 0.804111001953125 0.7681661953125 0.789888365234375 0.693581140625 0.319579615234375 0.876926703125 0.3327044921875 0.9498612265625 0.804111001953125 0.7681661953125
0 0.301184265625 0.7946168229166667 0.31019585546875 0.8302324791666668 0.3174730546875 0.8664443151041666 0.78893084765625 0.6888164687499999 0.77418492578125 0.6154397604166667 0.301184265625 0.7946168229166667
0 0.7768525078125 0.6134653307291666 0.770775560546875 0.5870382838541667 0.365408919921875 0.7390113828125 0.371868853515625 0.7673443255208333 0.7768525078125 0.6134653307291666
0 0.766025701171875 0.5519661666666666 0.758813212890625 0.535137078125 0.265108400390625 0.7278625703125 0.27372615234375 0.7707450885416667 0.769626517578125 0.5813205703125001 0.769230021484375 0.5640990807291667 0.766025701171875 0.5519661666666666
0 0.742219626953125 0.5288090104166666 0.731406322265625 0.4826255182291667 0.333902201171875 0.6317896119791667 0.344000732421875 0.6782284713541666 0.742219626953125 0.5288090104166666
0 0.7351717109375 0.48230160156249996 0.726553970703125 0.4394191432291667 0.3235608984375 0.5803305885416666 0.3323781875 0.6228337473958333 0.7351717109375 0.48230160156249996
0 0.316192001953125 0.4941046614583333 0.33079766015625 0.5705955911458334 0.72678320703125 0.42912358333333334 0.709369689453125 0.35772123958333335 0.316192001953125 0.4941046614583333
0 0.2988162578125 0.41145397135416667 0.315234482421875 0.48933998697916664 0.70970148828125 0.35556004947916664 0.692048587890625 0.27865335416666664 0.2988162578125 0.41145397135416667
0 0.6854206953125 0.2804829244791667 0.6792925390625 0.24998880208333332 0.3196719453125 0.3667568515625 0.327215759765625 0.40028634635416666 0.6854206953125 0.2804829244791667
0 0.31065729296875 0.325514546875 0.31683672265625 0.36007592708333336 0.677428748046875 0.2445264453125 0.6699216328125 0.21466437239583333 0.31065729296875 0.325514546875
0 0.669296525390625 0.21168419270833336 0.663168341796875 0.18118994270833333 0.302723994140625 0.29080747395833334 0.308512951171875 0.3262806484375 0.669296525390625 0.21168419270833336
0 0.294864798828125 0.25455439583333334 0.300278208984375 0.2853040104166667 0.662734048828125 0.17521687500000002 0.656988888671875 0.1466285703125 0.294864798828125 0.25455439583333334
0 0.29593564453125 0.22557375520833334 0.30091478515625 0.25035029427083333 0.650364408203125 0.1479739453125 0.642991560546875 0.11419759895833333 0.29593564453125 0.22557375520833334
0 0.64165763671875 0.11227270833333335 0.63289966796875 0.07250446614583334 0.28770090234375 0.18459711718750002 0.2944548515625 0.22201735416666668 0.64165763671875 0.11227270833333335
0 0.6237596796875 0 0.282770330078125 0.1066923984375 0.295026669921875 0.16768077343749999 0.63813233984375 0.060421348958333336 0.62823863671875 0 0.6237596796875 0
0 0.4506303125 0 0.243274658203125 0.0740810390625 0.249928435546875 0.10719068749999999 0.579454337890625 0 0.4506303125 0