0 0.043761484375 0.7754315572916667 0.135084720703125 0.7942755807291667 0.226944904296875 0.21380510677083334 0.13663833984375 0.18798773437500002 0.043761484375 0.7754315572916667
0 0.318994703125 0.24007427864583333 0.231302876953125 0.21493457812500003 0.13980594921875 0.7991175807291667 0.23008818359375 0.8188979843749999 0.318994703125 0.24007427864583333
0 0.401095138671875 0.3035675963541667 0.31567923828125 0.28143003645833337 0.23355010546875 0.8137644791666667 0.319837626953125 0.8361279401041667 0.401095138671875 0.3035675963541667
0 0.352255916015625 0.8433238098958333 0.37455402734375 0.8454844348958334 0.45317237109375 0.30620934114583337 0.40613391796875 0.29334524218749997 0.329061880859375 0.8349001640624999 0.337438884765625 0.8394836250000001 0.352255916015625 0.8433238098958333
0 0.371988056640625 0.8568808072916667 0.433168853515625 0.8715311640625 0.516934263671875 0.3180824192708333 0.4557627265625 0.3008499921875 0.371988056640625 0.8568808072916667
0 0.582676181640625 0.33615490625 0.52026044921875 0.317566109375 0.43822901171875 0.8740487239583333 0.4995193203125 0.8879235208333333 0.582676181640625 0.33615490625
0 0.507592947265625 0.8884076536458334 0.542287173828125 0.8986055859375001 0.6232776171875 0.34305931250000005 0.590496072265625 0.332150875 0.507592947265625 0.8884076536458334
0 0.6598845078125 0.35254685677083336 0.627635646484375 0.34418879947916664 0.545604087890625 0.9006714244791666 0.577852947265625 0.9090294817708333 0.6598845078125 0.35254685677083336
0 0.580104494140625 0.9059945598958333 0.609036431640625 0.912286859375 0.68685647265625 0.390897015625 0.655479171875 0.38276484375 0.580104494140625 0.9059945598958333
0 0.634845275390625 0.9213881145833334 0.64615151953125 0.9182876536458333 0.729269765625 0.3969903802083334 0.691553255859375 0.38970201822916667 0.61286165625 0.9108659765625 0.622642978515625 0.9182255989583333 0.634845275390625 0.9213881145833334
0 0.665012146484375 0.9316188567708333 0.679127001953125 0.9340708750000001 0.685930267578125 0.9370402864583333 0.702127232421875 0.9376196510416667 0.79246394140625 0.41103081510416667 0.78740390625 0.40851324739583333 0.77362780859375 0.40373670312500004 0.760553951171875 0.4003483046875 0.742250505859375 0.39560453125 0.731622009765625 0.39405604427083335 0.650170677734375 0.9217415937500001 0.654891837890625 0.9265836588541667 0.665012146484375 0.9316188567708333
0 0.825877142578125 0.41672265885416665 0.796991408203125 0.410998078125 0.707720068359375 0.9426876302083333 0.72306984765625 0.949078171875 0.732124662109375 0.9490126588541666 0.825877142578125 0.41672265885416665
0 0.862863724609375 0.42232925 0.822945302734375 0.41290008333333333 0.8105735703125 0.4108997942708333 0.81405992578125 0.4118033645833334 0.818417837890625 0.41293282291666666 0.824180115234375 0.4168385338541667 0.73711156640625 0.9334190859375 0.746529626953125 0.9370661822916667 0.76168547265625 0.9385818958333334 0.7763087578125 0.9375472265624999 0.862863724609375 0.42232925