0 0.10001226171875 0.7610785130208333 0.148028103515625 0.7619947317708333 0.085729984375 0.3206031328125 0.027271044921875 0.315152671875 0.10001226171875 0.7610785130208333
0 0.1545329453125 0.29853303125 0.09341681640625 0.2928348229166667 0.15258071875 0.7600453776041666 0.201911041015625 0.7587719895833334 0.1545329453125 0.29853303125
0 0.202429982421875 0.759945625 0.250260056640625 0.7644050963541668 0.212115015625 0.30288135416666667 0.155356771484375 0.2997967161458333 0.202429982421875 0.759945625
0 0.283436138671875 0.33547579947916667 0.215295984375 0.32793583072916666 0.249126517578125 0.7690468958333333 0.306714146484375 0.7763749609375 0.283436138671875 0.33547579947916667
0 0.311952240234375 0.7760914114583333 0.3640251484375 0.7845071223958334 0.355905947265625 0.34239306510416667 0.287926806640625 0.3347076197916667 0.311952240234375 0.7760914114583333
0 0.444498689453125 0.3362500911458333 0.3673152578125 0.33142757552083335 0.37236848828125 0.7781637109375 0.43188650390625 0.7789086588541667 0.444498689453125 0.3362500911458333
0 0.4345562109375 0.7804012552083334 0.49383898046875 0.787115359375 0.51941207421875 0.34197452864583333 0.44367486328125 0.3349864088541667 0.4345562109375 0.7804012552083334
0 0.554906599609375 0.3524784114583333 0.5256153046875 0.35093428645833336 0.49663862109375 0.8016189244791666 0.523616490234375 0.803124328125 0.554906599609375 0.3524784114583333
0 0.524158498046875 0.8029978489583334 0.5624931875 0.8018245260416667 0.6062176875 0.3584493098958333 0.557439958984375 0.3550883541666667 0.524158498046875 0.8029978489583334
0 0.571926630859375 0.8086384583333334 0.610961201171875 0.8110909635416667 0.66311440234375 0.36450956250000005 0.60887493359375 0.3586970598958333 0.571926630859375 0.8086384583333334
0 0.622928001953125 0.8205148359375 0.6426001484375 0.8187883307291667 0.6488622890625 0.8181853567708334 0.72299317578125 0.3550944635416667 0.7162974296875 0.36396519010416667 0.708468205078125 0.3774777265625 0.69518209375 0.37623898437500003 0.677529140625 0.37340622916666666 0.668671810546875 0.37258040885416666 0.66820107421875 0.3476121380208333 0.614689982421875 0.8078780442708333 0.622928001953125 0.8205148359375
0 0.78394833984375 0.3299189270833333 0.73700409375 0.32554204427083333 0.660067150390625 0.8251644453125001 0.696568361328125 0.8250070104166666 0.78394833984375 0.3299189270833333
0 0.819353208984375 0.3676392760416667 0.78120434375 0.3652693515625 0.700049490234375 0.8265184843750001 0.72715275 0.8234064479166667 0.819353208984375 0.3676392760416667
0 0.734345564453125 0.8344635911458332 0.760403740234375 0.8297718385416667 0.863298900390625 0.37403707291666666 0.8272628828125 0.3695636536458333 0.734345564453125 0.8344635911458332
0 0.92413696875 0.389277625 0.868397216796875 0.3828938151041667 0.76547045703125 0.8349918020833332 0.809057580078125 0.8354950260416666 0.92413696875 0.389277625
0 0.9824720234375 0.3970903203125 0.92926562890625 0.39331645312499997 0.81216693359375 0.8440930703124999 0.856106080078125 0.847176875 0.9824720234375 0.3970903203125