0 0.171995501953125 0.1525268046875 0.41151930859375 0.0135735234375 0.164517693359375 0.077589859375 0.15468751171875 0.08344472916666668 0.15413011328125 0.092031421875 0.1666206015625 0.14668367708333332 0.171995501953125 0.1525268046875
0 0.46539809765625 0 0.173689708984375 0.1641480625 0.18889098046875 0.23739427083333334 0.54667008984375 0.048184828124999995 0.537574892578125 0 0.46539809765625 0
0 0.218984349609375 0.28869030729166667 0.22353416015625 0.32610414322916664 0.5753721796875 0.12678464583333335 0.563617265625 0.07756140104166666 0.218984349609375 0.28869030729166667
0 0.580971837890625 0.1779882734375 0.569328412109375 0.129146578125 0.213582310546875 0.3323014401041667 0.22349801953125 0.374502765625 0.580971837890625 0.1779882734375
0 0.22188390234375 0.3892454166666666 0.234035609375 0.441573421875 0.558398865234375 0.2899693020833333 0.544722404296875 0.2271821927083333 0.22188390234375 0.3892454166666666
0 0.261609693359375 0.5128189869791667 0.268001109375 0.5256348229166666 0.59232219921875 0.3863559973958333 0.572321072265625 0.29239112500000003 0.2528244453125 0.4463521458333333 0.254663458984375 0.465171953125 0.261609693359375 0.5128189869791667
0 0.5851478359375 0.3927854192708333 0.251923 0.5394500624999999 0.2555519765625 0.58916290625 0.266856580078125 0.63568028125 0.609377521484375 0.5155510625 0.5851478359375 0.3927854192708333
0 0.28331746484375 0.6989517317708334 0.291258203125 0.7161901328125001 0.622906560546875 0.6145572734375 0.6043169140625 0.5180686250000001 0.279035416015625 0.6385539427083333 0.280267900390625 0.67803353125 0.28331746484375 0.6989517317708334
0 0.278013703125 0.7184167760416668 0.281546984375 0.7488578255208332 0.64140309765625 0.6483564869791667 0.634771125 0.6090701588541666 0.278013703125 0.7184167760416668
0 0.64665511328125 0.6843821822916666 0.64087025390625 0.6509065598958333 0.280675283203125 0.7490837473958334 0.28389811328125 0.7819874817708333 0.64665511328125 0.6843821822916666
0 0.27895395703125 0.7869169140625 0.282268609375 0.828268828125 0.64508248046875 0.7414361380208333 0.63653388671875 0.6894174739583333 0.27895395703125 0.7869169140625
0 0.655243845703125 0.79914128125 0.645174318359375 0.7486856848958333 0.2826074609375 0.830593140625 0.285389322265625 0.8744952786458334 0.655243845703125 0.79914128125
0 0.287810341796875 0.8786919244791668 0.293740056640625 0.9193662473958333 0.654210775390625 0.8518189166666666 0.645291982421875 0.8053385026041666 0.287810341796875 0.8786919244791668
0 0.696133552734375 0.8934682994791667 0.70748990625 0.8844949348958333 0.70477919140625 0.8659010494791667 0.275385734375 0.9361833984375 0.274320072265625 0.9412836953125 0.2730113125 0.9633314609375 0.279378146484375 0.9821839244791667 0.68504237109375 0.9228755208333334 0.687851375 0.917323390625 0.690684984375 0.9057347890625 0.691750646484375 0.9006344895833333 0.696133552734375 0.8934682994791667
0 0.536108392578125 1 0.712876546875 0.9541863359375 0.70678505859375 0.9293007369791666 0.696882380859375 0.9234250208333333 0.686083453125 0.9238116848958334 0.678940646484375 0.9244569270833334 0.295407099609375 0.9804416145833333 0.29892599609375 1 0.536108392578125 1