0 0.428589962890625 0.08537476302083334 0.731937564453125 0.1508531796875 0.72972734765625 0.15531625000000002 0.735242896484375 0.15611044010416666 0.74925079296875 0.07141064062500001 0.7436740234375 0.06941825260416666 0.445605833984375 0.01704041145833333 0.43636040625 0.0303709375 0.433197662109375 0.049376395833333336 0.428589962890625 0.08537476302083334
0 0.44616875 0 0.445737640625 0.006582033854166666 0.445037107421875 0.013335361979166667 0.73964175390625 0.06797766145833332 0.5493696875 0 0.44616875 0
0 0.412142189453125 0.13350917447916666 0.41122202734375 0.15769317447916667 0.7148424296875 0.23815174739583334 0.731068076171875 0.15173031770833334 0.42399315625 0.08434045833333333 0.41755905859375 0.10655446354166666 0.412142189453125 0.13350917447916666
0 0.41077349609375 0.15665745052083332 0.405597111328125 0.18895078125 0.690344296875 0.26813122135416667 0.696910994140625 0.2326209453125 0.41077349609375 0.15665745052083332
0 0.3932975625 0.23708380989583333 0.687880583984375 0.32657001041666667 0.68874525 0.31899983854166664 0.689161396484375 0.310394 0.692028203125 0.30266364583333333 0.698742314453125 0.27305728385416667 0.400980158203125 0.189052203125 0.3932975625 0.23708380989583333
0 0.393253658203125 0.24056992708333333 0.385166478515625 0.284079703125 0.674836638671875 0.3849425026041667 0.6864657421875 0.33414634114583336 0.393253658203125 0.24056992708333333
0 0.67528286328125 0.43500283333333334 0.684885802734375 0.39231686197916665 0.37887569921875 0.282707703125 0.3758008046875 0.29474094270833334 0.3709527109375 0.32540066145833335 0.67528286328125 0.43500283333333334
0 0.3683147890625 0.35159728906250004 0.61746119921875 0.44498601302083335 0.623436515625 0.42139517447916663 0.3750771796875 0.327749671875 0.3683147890625 0.35159728906250004
0 0.3683147890625 0.35159728906250004 0.363554517578125 0.3752847161458333 0.611076154296875 0.47571421875000003 0.61647631640625 0.4498868541666667 0.3683147890625 0.35159728906250004
0 0.3526467421875 0.374014125 0.34833500390625 0.3987372760416667 0.6556290859375 0.5295338203125001 0.6617769609375 0.5073080286458334 0.3526467421875 0.374014125
0 0.650004150390625 0.5607914192708333 0.654784359375 0.5385102109375001 0.3489476875 0.3989561692708334 0.346901568359375 0.40260250260416663 0.34341055859375 0.42324164843749995 0.650004150390625 0.5607914192708333
0 0.3411448984375 0.44431844791666664 0.341505525390625 0.45232643489583335 0.63092142578125 0.5925712578125 0.6369301015625 0.5604978541666666 0.346145609375 0.42596963020833334 0.342950521484375 0.435333546875 0.3411448984375 0.44431844791666664
0 0.335728029296875 0.4712731588541667 0.33392240625 0.4802580598958333 0.621810744140625 0.6307196692708333 0.62982784765625 0.5991066848958333 0.341505525390625 0.45232643489583335 0.338638740234375 0.4600566822916667 0.335728029296875 0.4712731588541667
0 0.565803234375 0.6007456380208334 0.335956900390625 0.4897394817708333 0.333090091796875 0.49746983854166665 0.33282201171875 0.5091794374999999 0.33401951953125 0.5091827265625 0.56186368359375 0.6203491145833333 0.565803234375 0.6007456380208334
0 0.333700423828125 0.5120296953125 0.3291726171875 0.5294775338541667 0.558472291015625 0.6412856640625 0.563609966796875 0.623447546875 0.333700423828125 0.5120296953125
0 0.324526154296875 0.5373501536458333 0.317444931640625 0.5675039609375 0.584007537109375 0.6930956953125 0.59077862890625 0.661071203125 0.324526154296875 0.5373501536458333
0 0.31403198828125 0.5819455026041667 0.307648482421875 0.6137102552083333 0.574794666015625 0.7329842291666666 0.58176084375 0.7042753958333333 0.31403198828125 0.5819455026041667
0 0.2984831875 0.6288203958333333 0.28469480078125 0.6974323411458333 0.5914512109375 0.8356240546875 0.607248169921875 0.759558734375 0.2984831875 0.6288203958333333
0 0.575006916015625 0.9250762291666667 0.5914422265625 0.8458344635416667 0.28608119140625 0.7108648932291667 0.2735619296875 0.7761486692708334 0.575006916015625 0.9250762291666667
0 0.566810849609375 0.9582361588541667 0.574530400390625 0.9249059869791667 0.274198849609375 0.7801578958333333 0.2680103671875 0.8093634765625 0.566810849609375 0.9582361588541667
0 0.567602033203125 0.961923421875 0.26807067578125 0.8106521041666667 0.26463257421875 0.8175946666666666 0.259525759765625 0.8430065182291666 0.5598998671875 0.9975220937499999 0.561831701171875 0.9830127421875 0.5654316484375 0.9727234036458333 0.567602033203125 0.961923421875
0 0.554277705078125 1 0.2564364765625 0.8507546770833333 0.25164434765625 0.8796834635416667 0.487565400390625 1 0.554277705078125 1