0 0.5032725703125 1 0.759396693359375 0.9940391145833334 0.75989468359375 0.9775231328124999 0.31467756640625 0.9570994973958333 0.3134677265625 1 0.5032725703125 1
0 0.316457853515625 0.8895670520833333 0.31628282421875 0.9440375546875001 0.7563277265625 0.9764220572916668 0.757929107421875 0.9128582343749999 0.316457853515625 0.8895670520833333
0 0.7581390234375 0.9112570729166666 0.758593013671875 0.87809296875 0.326376208984375 0.8499741744791667 0.325274400390625 0.8846256666666666 0.7581390234375 0.9112570729166666
0 0.7576431484375 0.8733788776041668 0.757193763671875 0.8390517864583332 0.32694358203125 0.8187062083333334 0.324809517578125 0.8491148463541666 0.7576431484375 0.8733788776041668
0 0.372696140625 0.77577315625 0.372257677734375 0.8101209088541667 0.751820173828125 0.8356247421875 0.75248955078125 0.7957794817708334 0.372696140625 0.77577315625
0 0.7513088046875 0.7965628932291667 0.7534919453125 0.7598064375 0.3712349375 0.73199721875 0.37079647265625 0.7663449713541667 0.7513088046875 0.7965628932291667
0 0.753883951171875 0.7219075781250001 0.753698 0.7077033151041667 0.31528930078125 0.6646241666666667 0.3148395625 0.714805375 0.75347644921875 0.7586227109375 0.75501976953125 0.7408260130208334 0.753883951171875 0.7219075781250001
0 0.754012525390625 0.6638860494791666 0.752050810546875 0.6497230364583334 0.31532666015625 0.6027978151041666 0.3133896328125 0.655195984375 0.7509879296875 0.7042142005208333 0.754182982421875 0.6769066666666667 0.754012525390625 0.6638860494791666
0 0.36817763671875 0.5663009947916667 0.36593248046875 0.5983226145833334 0.752004322265625 0.6461719296875 0.754218517578125 0.6117829270833334 0.36817763671875 0.5663009947916667
0 0.31065775 0.5143572604166667 0.308521052734375 0.5546648255208334 0.751492953125 0.6071100859374999 0.752132896484375 0.5881504036458333 0.751838470703125 0.5656602005208333 0.31065775 0.5143572604166667
0 0.754052666015625 0.5312711979166667 0.751265115234375 0.5218635989583333 0.309181052734375 0.4693976770833333 0.307013357421875 0.5073377057291667 0.74909741015625 0.5598037864583333 0.75341272265625 0.5502308802083333 0.754052666015625 0.5312711979166667
0 0.30692495703125 0.43274445572916664 0.30701793359375 0.4398466692708333 0.307983265625 0.44574440885416666 0.30812273046875 0.45639772656250005 0.7484930625 0.5136397291666667 0.752746390625 0.4993321484375 0.754336138671875 0.4850865598958333 0.75416568359375 0.47206594270833335 0.30900084765625 0.4180210416666667 0.30692495703125 0.43274445572916664
0 0.747780244140625 0.45918997395833333 0.75071186328125 0.41175961197916666 0.349592939453125 0.36781268489583335 0.34751823828125 0.412854921875 0.747780244140625 0.45918997395833333
0 0.7471139140625 0.40829116145833333 0.750902359375 0.35847284375 0.34972151171875 0.309791 0.346789923828125 0.35722135677083333 0.7471139140625 0.40829116145833333
0 0.74640109375 0.3538412447916666 0.7503135078125 0.3134924375 0.39012124609375 0.2728821067708333 0.3878991484375 0.3089024765625 0.74640109375 0.3538412447916666
0 0.390412345703125 0.22951248177083336 0.387356787109375 0.2674733307291667 0.74582773828125 0.3100446458333333 0.748836837890625 0.26853284895833335 0.390412345703125 0.22951248177083336
0 0.754834814453125 0.25181648697916664 0.75544376171875 0.23048934635416665 0.253858056640625 0.1782240625 0.251442443359375 0.19722522916666665 0.754834814453125 0.25181648697916664
0 0.747422091796875 0.22830801822916666 0.749636287109375 0.19391894010416666 0.3406578515625 0.15031653125 0.3374401953125 0.1857513723958333 0.747422091796875 0.22830801822916666
0 0.73803222265625 0.18945280729166666 0.742692990234375 0.13843001562499999 0.339016748046875 0.09956573958333333 0.335091109375 0.14199594010416666 0.73803222265625 0.18945280729166666
0 0.34551747265625 0.05650157552083334 0.342461947265625 0.09446242447916665 0.737365890625 0.13855399739583332 0.741200763671875 0.092286625 0.34551747265625 0.05650157552083334
0 0.742042154296875 0.08871485416666668 0.745066689453125 0.0483867109375 0.34578551171875 0.009133208333333333 0.340969751953125 0.04831903125 0.742042154296875 0.08871485416666668
0 0.49672743359375 0 0.329904779296875 0.0038825338541666667 0.32977315625 0.007137690104166667 0.7410194140625 0.010591166666666667 0.741145494140625 0 0.49672743359375 0