0 0.07313883984375 0.7256783593749999 0.099623302734375 0.7304930625 0.15436509765625 0.16720205989583334 0.127761501953125 0.1629567578125 0.07313883984375 0.7256783593749999
0 0.102656373046875 0.7287289973958333 0.12840190625 0.7334919973958334 0.180330595703125 0.17314948177083334 0.15506525 0.16823898958333336 0.102656373046875 0.7287289973958333
0 0.21106724609375 0.17610427604166667 0.182327318359375 0.1721199973958333 0.129102107421875 0.7345289609375 0.161497802734375 0.7397566588541666 0.21106724609375 0.17610427604166667
0 0.243462939453125 0.18133201302083335 0.215500669921875 0.1764140703125 0.163830671875 0.7369556901041667 0.19704275390625 0.7402644270833334 0.243462939453125 0.18133201302083335
0 0.270192 0.2553242890625 0.23935162109375 0.24822921614583335 0.19984345703125 0.7444121458333334 0.23387187109375 0.7458019791666667 0.270192 0.2553242890625
0 0.301965 0.25754449218750003 0.27178604296875 0.2524716484375 0.235972421875 0.7489128072916666 0.270121041015625 0.7498670026041667 0.301965 0.25754449218750003
0 0.270700986328125 0.7513395364583334 0.309746845703125 0.7570319270833333 0.34597723828125 0.1934354453125 0.307666876953125 0.18856671354166665 0.270700986328125 0.7513395364583334
0 0.383584013671875 0.1980393046875 0.347455044921875 0.1935387109375 0.31491919921875 0.7573933567708333 0.3520746328125 0.7588533515624999 0.383584013671875 0.1980393046875
0 0.357075580078125 0.7593511458333334 0.396899044921875 0.7641099010416667 0.425585484375 0.2039382734375 0.38653962890625 0.19824583333333334 0.357075580078125 0.7593511458333334
0 0.46467006640625 0.20864539583333333 0.426324412109375 0.20398990625 0.404728912109375 0.7668789114583333 0.443488853515625 0.766377421875 0.46467006640625 0.20864539583333333
0 0.453562462890625 0.7739973984374999 0.499413392578125 0.7762132890625 0.514683375 0.21806822135416667 0.4675095 0.2118078203125 0.453562462890625 0.7739973984374999
0 0.54369734375 0.2339277421875 0.516357818359375 0.23201733593749999 0.502952974609375 0.7804127083333333 0.531252505859375 0.7822393567708333 0.54369734375 0.2339277421875
0 0.531770357421875 0.7824263802083333 0.55907115625 0.7853220494791667 0.57218031640625 0.2385603307291667 0.545914080078125 0.23408264062499998 0.531770357421875 0.7824263802083333
0 0.5612104375 0.7874475442708334 0.593722314453125 0.7897193776041668 0.611271009765625 0.21847414322916667 0.588845076171875 0.21633437239583334 0.584956841796875 0.22100271354166667 0.581807583984375 0.22572269010416668 0.5612104375 0.7874475442708334
0 0.644069365234375 0.2251333203125 0.6122190078125 0.22488372135416668 0.599517361328125 0.7930883645833333 0.6326253984375 0.7947557864583333 0.644069365234375 0.2251333203125
0 0.63642398828125 0.7966552630208333 0.66457984765625 0.796646703125 0.67504735546875 0.23379622916666667 0.64679261328125 0.23125165625 0.63642398828125 0.7966552630208333
0 0.7006940546875 0.23600613541666668 0.674832388671875 0.23419899739583336 0.6660189765625 0.7977353020833333 0.694097380859375 0.7996973385416667 0.7006940546875 0.23600613541666668
0 0.699192279296875 0.8020293645833334 0.729487419921875 0.8041462994791666 0.73241430078125 0.2877865546875 0.703852548828125 0.2876032135416667 0.699192279296875 0.8020293645833334
0 0.74527000390625 0.28950933854166666 0.73484794140625 0.29075708333333333 0.73462104296875 0.8054930572916666 0.7434104375 0.8080832421875 0.75379387109375 0.8078207682291666 0.762699447265625 0.8074550937499999 0.76148721484375 0.2916305546875 0.74527000390625 0.28950933854166666
0 0.77709034765625 0.8183407291666667 0.81640725 0.8171360598958333 0.816508724609375 0.24903895833333334 0.78201248046875 0.24070041927083333 0.77709034765625 0.8183407291666667
0 0.81862398828125 0.8172909609375 0.8541302109375 0.8187839921875 0.862166013671875 0.25618138802083334 0.82751485546875 0.2517840416666667 0.81862398828125 0.8172909609375