0 0.529513134765625 1 0.606886359375 0.9836603802083334 0.790228943359375 0.9234069374999999 0.7874690234375 0.8932367421874999 0.783530375 0.8808886328125 0.415998876953125 1 0.529513134765625 1
0 0.3664823203125 1 0.77608191015625 0.8736750130208333 0.777515189453125 0.8579958177083333 0.7736568046875 0.8324508880208333 0.768787095703125 0.8192010755208333 0.3299354296875 0.9536137005208333 0.33613578125 1 0.3664823203125 1
0 0.7733552421875 0.8160397317708333 0.770515056640625 0.7990663619791666 0.32607704296875 0.9280687708333333 0.330739212890625 0.9534439583333333 0.7733552421875 0.8160397317708333
0 0.77119156640625 0.797825171875 0.766060427734375 0.7615657942708333 0.319760298828125 0.8887648020833333 0.32527326171875 0.9282385130208333 0.77119156640625 0.797825171875
0 0.76796267578125 0.7567707890625001 0.762536857421875 0.7249669322916666 0.315432943359375 0.8523356822916667 0.319227259765625 0.8842775 0.76796267578125 0.7567707890625001
0 0.310429080078125 0.8171477473958334 0.3151534453125 0.849982765625 0.762027755859375 0.7206811536458333 0.76329362890625 0.7105289244791666 0.763414025390625 0.6907336927083333 0.310429080078125 0.8171477473958334
0 0.305592626953125 0.7764328489583333 0.310469212890625 0.8105493359375 0.75740571875 0.6887075546875 0.75655492578125 0.67460903125 0.753842015625 0.6587071041666667 0.305592626953125 0.7764328489583333
0 0.296944796875 0.7244412838541666 0.302899537109375 0.7745702916666667 0.753842015625 0.6587071041666667 0.7592139453125 0.6553760182291667 0.75162444921875 0.6053576015625001 0.296944796875 0.7244412838541666
0 0.750693390625 0.6044558984375 0.74445691015625 0.5519551067708334 0.288591650390625 0.6679942005208334 0.295122814453125 0.7160394713541667 0.750693390625 0.6044558984375
0 0.7376711953125 0.5017669505208333 0.734234767578125 0.4728379453125 0.30374886328125 0.5736325390625 0.31406768359375 0.6535635546874999 0.74475159375 0.5474995859375 0.742969740234375 0.5324993619791667 0.7376711953125 0.5017669505208333
0 0.7379991328125 0.46984634375 0.7345225703125 0.44751574479166667 0.733289953125 0.43020288802083334 0.728708048828125 0.39163087760416665 0.292635796875 0.4870152578125 0.303206669921875 0.5690681744791667 0.735842333984375 0.4724984583333333 0.7379991328125 0.46984634375
0 0.2522987421875 0.4318309010416667 0.260106982421875 0.483690765625 0.72646410546875 0.3866131380208333 0.72531175 0.3561034609375 0.7215405078125 0.3382283854166667 0.2522987421875 0.4318309010416667
0 0.24356376953125 0.3721694791666667 0.250566458984375 0.42418420833333337 0.721453365234375 0.33055853125 0.720006328125 0.304504375 0.716911591796875 0.285388109375 0.24356376953125 0.3721694791666667
0 0.71558823046875 0.2811838489583333 0.708675240234375 0.2299242473958333 0.244463712890625 0.3103829296875 0.25105325 0.365855875 0.71558823046875 0.2811838489583333
0 0.26192563671875 0.2770406223958333 0.266460529296875 0.3013443671875 0.70186315234375 0.2280678515625 0.701521458984375 0.21825510677083335 0.697710083984375 0.20697844270833332 0.26192563671875 0.2770406223958333
0 0.698681275390625 0.201281734375 0.69783048046875 0.1871832109375 0.694146380859375 0.17697798958333333 0.256881642578125 0.24845110156250003 0.25726346875 0.2516654348958333 0.259889234375 0.2598975104166667 0.259172595703125 0.26773710677083334 0.2600321953125 0.274973515625 0.698681275390625 0.201281734375
0 0.698627384765625 0.1661467890625 0.69030748828125 0.08223461979166667 0.24347762109375 0.14254781770833333 0.2555764609375 0.2374636484375 0.698627384765625 0.1661467890625
0 0.691024130859375 0.07439502083333334 0.683602041015625 0.018849640625 0.206945064453125 0.07777344791666667 0.2157717890625 0.13820726302083333 0.691024130859375 0.07439502083333334
0 0.47048685546875 0 0.202619966796875 0.0565679296875 0.204192021484375 0.0684699296875 0.68326034765625 0.009036895833333334 0.682186869140625 0 0.47048685546875 0