0 0.099766259765625 0.1680137734375 0.092496482421875 0.16641922395833333 0.07389450390625 0.1629462578125 0.06092798828125 0.16312675260416667 0.055049421875 0.7874871354166667 0.09665653515625 0.7860482812499999 0.099766259765625 0.1680137734375
0 0.13890576953125 0.7890005338541667 0.1412030078125 0.17090925260416667 0.128288427734375 0.16783370052083335 0.118581193359375 0.16606883072916667 0.107976294921875 0.16641434895833332 0.102204650390625 0.17035727864583336 0.099863884765625 0.7873589609375 0.13890576953125 0.7890005338541667
0 0.14895373046875 0.7820967447916667 0.17905827734375 0.7831138046875 0.182305537109375 0.22376306510416666 0.152200990234375 0.2227460078125 0.14895373046875 0.7820967447916667
0 0.18654101171875 0.7792904401041666 0.215875662109375 0.7791671432291666 0.21844146484375 0.23715372395833334 0.1891068125 0.23727702083333332 0.18654101171875 0.7792904401041666
0 0.216006689453125 0.7965612317708333 0.258983228515625 0.8017374244791666 0.2618439140625 0.23149409114583333 0.219667826171875 0.2296335078125 0.216006689453125 0.7965612317708333
0 0.281133287109375 0.7978524114583333 0.331720330078125 0.7959544921875 0.33385045703125 0.20284238020833334 0.282794939453125 0.19927477083333334 0.281133287109375 0.7978524114583333
0 0.39299151953125 0.21132121614583332 0.34041051953125 0.20547389322916665 0.3349276796875 0.797265171875 0.38470223828125 0.7953104765625 0.384017525390625 0.7920029557291667 0.39299151953125 0.21132121614583332
0 0.387310056640625 0.7911464713541667 0.412624875 0.7896557187500001 0.425015919921875 0.18422190625 0.397391421875 0.1822915885416667 0.387310056640625 0.7911464713541667
0 0.4166447109375 0.7910231692708334 0.443456724609375 0.7928967135416666 0.454307982421875 0.18518219010416667 0.428475375 0.18337708333333333 0.4166447109375 0.7910231692708334
0 0.44520946875 0.789759515625 0.468856724609375 0.7892387994791666 0.483229740234375 0.27847407291666665 0.458217880859375 0.27672631770833334 0.44520946875 0.789759515625
0 0.471851119140625 0.795967390625 0.49943302734375 0.7989812916666666 0.515719388671875 0.218810515625 0.488276923828125 0.21689291927083332 0.471851119140625 0.795967390625
0 0.503367681640625 0.8025159088541667 0.531804666015625 0.804503 0.54586652734375 0.21874399218749999 0.519011921875 0.21795403125 0.503367681640625 0.8025159088541667
0 0.532230576171875 0.7936671770833333 0.55660513671875 0.7953703984375 0.57306837109375 0.25215497395833336 0.5480358828125 0.2514923385416667 0.532230576171875 0.7936671770833333
0 0.55566487890625 0.7985643723958334 0.5834171484375 0.7972439427083334 0.600735458984375 0.2530017083333333 0.575709826171875 0.2523395520833333 0.55566487890625 0.7985643723958334
0 0.59877244140625 0.8211346536458333 0.621649802734375 0.8194735807291668 0.64497671484375 0.14309107031249998 0.624879666015625 0.14168674739583334 0.59877244140625 0.8211346536458333
0 0.62207571484375 0.8086377552083334 0.633493099609375 0.8083490130208334 0.662785162109375 0.8093092942708333 0.685577341796875 0.8098153854166666 0.70776730859375 0.24526895833333331 0.698187849609375 0.24025334114583333 0.67787571875 0.23883398958333335 0.64392946875 0.237548484375 0.62207571484375 0.8086377552083334
0 0.692119814453125 0.8091859973958333 0.709994490234375 0.8104350260416666 0.7262441953125 0.8115705078125001 0.745829025390625 0.8107659192708333 0.77122634375 0.247530171875 0.759851548828125 0.2467353359375 0.74116438671875 0.24542953125 0.7169435078125 0.2459101640625 0.692119814453125 0.8091859973958333
0 0.758650421875 0.8181811927083333 0.812572587890625 0.8143432057291666 0.837203265625 0.2706119375 0.776358283203125 0.2685333880208333 0.758650421875 0.8181811927083333
0 0.827239912109375 0.8142815546875001 0.87534691015625 0.8132968958333334 0.89689801171875 0.265004203125 0.844922111328125 0.26571851822916664 0.827239912109375 0.8142815546875001
0 0.91122135546875 0.252966375 0.89915571484375 0.25429638020833334 0.881289853515625 0.8071928177083333 0.8918095703125 0.8090144661458334 0.912976779296875 0.8094070078125001 0.927601515625 0.8104289401041668 0.932731974609375 0.8042680911458334 0.94624340625 0.25324049479166666 0.943805947265625 0.25307017187499997 0.928368728515625 0.25199146614583334 0.91122135546875 0.252966375