0 0.467191755859375 0 0.45232822265625 0.0034944557291666668 0.1677699140625 0.1443844140625 0.179747955078125 0.20768580989583332 0.61673036328125 0 0.467191755859375 0
0 0.62405833203125 0 0.173934828125 0.21145675520833332 0.1869415859375 0.27571846875 0.638965048828125 0.073275671875 0.6247854375 0 0.62405833203125 0
0 0.645900912109375 0.1461774609375 0.63376867578125 0.0817102265625 0.181899373046875 0.28531886979166665 0.196730609375 0.3404004765625 0.645900912109375 0.1461774609375
0 0.1872934296875 0.34656173958333336 0.197934396484375 0.4065710520833334 0.655362578125 0.21670884895833334 0.64111648046875 0.15090873177083333 0.1872934296875 0.34656173958333336
0 0.64073608984375 0.32530783333333335 0.6237711796875 0.2379339713541667 0.192583822265625 0.4138396848958333 0.205845955078125 0.4936690364583333 0.64073608984375 0.32530783333333335
0 0.217460251953125 0.5883114635416666 0.6491607734375 0.42310441145833333 0.64186119140625 0.38154364843750005 0.63352815625 0.379896328125 0.619073677734375 0.37968833854166667 0.6130051640625 0.3678915703125 0.611154953125 0.3539008125 0.607760560546875 0.3486882239583333 0.19954126171875 0.5116217942708333 0.217460251953125 0.5883114635416666
0 0.20953679296875 0.60339778125 0.219303373046875 0.6636128229166667 0.652752802734375 0.49799443489583334 0.641649255859375 0.43448744270833334 0.20953679296875 0.60339778125
0 0.2098814921875 0.7355516692708334 0.215434498046875 0.7570868567708334 0.673581806640625 0.5327679609375 0.667566296875 0.5077352369791667 0.2098814921875 0.7355516692708334
0 0.6712113046875 0.5693893125 0.670748751953125 0.565891625 0.66951529296875 0.5565645598958333 0.66794363671875 0.5442935260416667 0.216513759765625 0.7652479192708334 0.22648983203125 0.7929559427083334 0.6712113046875 0.5693893125
0 0.225357513671875 0.7980306822916666 0.23497225390625 0.8366429635416667 0.691696337890625 0.6114285572916667 0.681293328125 0.5706254401041667 0.225357513671875 0.7980306822916666
0 0.227357150390625 0.8540609687499999 0.237434419921875 0.8961707838541666 0.699496939453125 0.6704144375 0.6875618515625 0.6316627213541667 0.227357150390625 0.8540609687499999
0 0.2271452421875 0.9070047604166667 0.24257068359375 0.9622827916666666 0.69728303125 0.7436542890625 0.682102947265625 0.6858400963541667 0.2271452421875 0.9070047604166667
0 0.31557580078125 1 0.707550287109375 0.8169008151041667 0.69140453125 0.7629942265624999 0.229503814453125 0.97256771875 0.237272353515625 1 0.31557580078125 1