0 0.34983775390625 0 0.34955480859375 0.021613255208333335 0.640529732421875 0.05297779166666666 0.642695380859375 0.011897330729166667 0.550923625 0.0011090026041666666 0.503272576171875 0 0.34983775390625 0
0 0.349479080078125 0.027397973958333335 0.34943462890625 0.0722421875 0.641027732421875 0.09783462760416667 0.64206098828125 0.060356385416666665 0.349479080078125 0.027397973958333335
0 0.349321033203125 0.08091926822916666 0.349380708984375 0.11780948958333333 0.63878507421875 0.144797609375 0.6397708359375 0.11094737239583334 0.349321033203125 0.08091926822916666
0 0.6371984609375 0.18309613802083333 0.637089724609375 0.14995342447916668 0.635483029296875 0.1483373125 0.349286046875 0.125040390625 0.348888466796875 0.15541017708333335 0.6371984609375 0.18309613802083333
0 0.348327083984375 0.15684373177083333 0.348957609375 0.19157730729166667 0.666045962890625 0.21776310677083333 0.666451162109375 0.18681125520833333 0.348327083984375 0.15684373177083333
0 0.349919455078125 0.20100272916666664 0.347818787109375 0.23711935937499998 0.665496923828125 0.2597023359375 0.666472845703125 0.226603703125 0.349919455078125 0.20100272916666664
0 0.349877880859375 0.28707570052083337 0.641546716796875 0.30688341927083335 0.643581119140625 0.27582841666666663 0.642046310546875 0.26872111197916665 0.350445853515625 0.24369029427083333 0.348906572265625 0.27837336979166666 0.349877880859375 0.28707570052083337
0 0.34809906640625 0.29860726822916667 0.347263162109375 0.32101043749999997 0.349842896484375 0.3311968229166667 0.6410450078125 0.3452071953125 0.643098341796875 0.31270601302083334 0.6426009765625 0.30924945052083336 0.3492786328125 0.2914016145833333 0.34809906640625 0.29860726822916667
0 0.349243646484375 0.3355227369791667 0.347808494140625 0.3622518229166667 0.6374116484375 0.3740550520833333 0.638778150390625 0.35256986979166666 0.349243646484375 0.3355227369791667
0 0.3482941484375 0.3666029895833333 0.349047736328125 0.3919363932291667 0.646302015625 0.399577828125 0.64552703515625 0.3758786145833333 0.3482941484375 0.3666029895833333
0 0.34892467578125 0.4013365625 0.348880224609375 0.44618077604166667 0.653700435546875 0.4561682265625 0.65482721484375 0.41154606250000003 0.34892467578125 0.4013365625
0 0.65353186328125 0.510493671875 0.65469249609375 0.5047341979166667 0.655481068359375 0.4859464817708334 0.655192509765625 0.4665397890625 0.34987887109375 0.45279489843750004 0.348664322265625 0.5041216692708334 0.65353186328125 0.510493671875
0 0.63985958984375 0.5152388645833333 0.348588591796875 0.5099063932291666 0.347658025390625 0.5395404635416666 0.6384218125 0.5455842187500001 0.63985958984375 0.5152388645833333
0 0.347077708984375 0.5424201979166666 0.34665173046875 0.5749592526041667 0.63854775390625 0.5774128072916667 0.638914970703125 0.5493622864583333 0.347077708984375 0.5424201979166666
0 0.650008388671875 0.6138450572916666 0.65091794140625 0.5858161276041667 0.64985405078125 0.5841857395833333 0.348165490234375 0.5836742057291667 0.346673541015625 0.6147418333333333 0.650008388671875 0.6138450572916666
0 0.34712133203125 0.621985359375 0.347247271484375 0.6538139505208334 0.652237875 0.6507857760416667 0.65259538671875 0.6234766380208333 0.34712133203125 0.621985359375
0 0.347742392578125 0.6574420260416667 0.347297482421875 0.6914272604166666 0.651764564453125 0.6869402864583334 0.652178771484375 0.6553004921875 0.347742392578125 0.6574420260416667
0 0.5345381171875 0.6885518854166667 0.396118169921875 0.6925634843749999 0.347250150390625 0.6950427109375 0.346310119140625 0.7253998697916666 0.65132912109375 0.7202024296874999 0.65119371484375 0.6890969296875 0.606170189453125 0.688049078125 0.5345381171875 0.6885518854166667
0 0.34624385546875 0.7304615026041666 0.3468175859375 0.7695336171874999 0.645935876953125 0.7591356744791667 0.646930173828125 0.7246333645833333 0.34624385546875 0.7304615026041666
0 0.347883556640625 0.771005046875 0.346754203125 0.8158240104166666 0.6480801640625 0.8025842057291667 0.648531869140625 0.7680800312499999 0.347883556640625 0.771005046875
0 0.348791484375 0.8259977708333334 0.34674761328125 0.8577758619791668 0.656752810546875 0.8447380494791666 0.65825141015625 0.8131626041666666 0.348791484375 0.8259977708333334
0 0.3482992421875 0.8635984557291666 0.346835689453125 0.8924968098958334 0.655222998046875 0.8786980364583333 0.656683609375 0.8500240963541666 0.65664868359375 0.8526920416666667 0.657809318359375 0.8469325703125 0.3482992421875 0.8635984557291666
0 0.348356974609375 0.9006371692708334 0.347568400390625 0.9194248880208334 0.655432189453125 0.9041673098958333 0.655677201171875 0.8854516770833333 0.348356974609375 0.9006371692708334
0 0.347665943359375 0.9534227473958333 0.659935611328125 0.9332045338541667 0.660020806640625 0.9266967239583334 0.660760853515625 0.911615625 0.34849237890625 0.9317426692708333 0.34724655078125 0.9440099505208334 0.347665943359375 0.9534227473958333
0 0.347095091796875 0.9555793958333334 0.347334626953125 0.9787309036458334 0.6601278125 0.9599714947916667 0.660429455078125 0.9369300520833334 0.347095091796875 0.9555793958333334
0 0.348530154296875 0.9965509427083333 0.381918228515625 0.9973279973958333 0.65066947265625 0.9778341276041668 0.651409353515625 0.9627657578125 0.34782974609375 0.9823589765624999 0.348530154296875 0.9965509427083333
0 0.65179523046875 1 0.65167721875 0.9837531979166667 0.65116459375 0.981462203125 0.419746134765625 0.9982083828125 0.4967274140625 1 0.65179523046875 1