0 0.280534625 0 0.278851576171875 0.025649776041666666 0.71486163671875 0.026004302083333333 0.714908552734375 0.023159497395833336 0.516372859375 0 0.280534625 0
0 0.6775704296875 0.06225769010416667 0.6796340546875 0.030807916666666667 0.279008328125 0.03458102864583333 0.277251376953125 0.06334266666666667 0.6775704296875 0.06225769010416667
0 0.27534137890625 0.06782448958333333 0.273471216796875 0.0963258828125 0.676969525390625 0.09689983854166667 0.6796529921875 0.06448127604166666 0.27534137890625 0.06782448958333333
0 0.26465409765625 0.18541724739583332 0.685819521484375 0.19691439322916668 0.6889972109375 0.10320381249999999 0.27067933203125 0.10491317447916666 0.26465409765625 0.18541724739583332
0 0.26461743359375 0.19729694791666666 0.26013991796875 0.25421367708333337 0.664636080078125 0.2706986458333333 0.66716001171875 0.20959265625 0.26461743359375 0.19729694791666666
0 0.25706225 0.2558353828125 0.24857645703125 0.317236203125 0.6611526875 0.3379495520833333 0.664378126953125 0.274629859375 0.25706225 0.2558353828125
0 0.65250225390625 0.39901628125 0.655505404296875 0.3419275 0.25046550390625 0.3224082265625 0.2463560078125 0.37234315885416663 0.65250225390625 0.39901628125
0 0.244771642578125 0.37522183072916665 0.238920984375 0.41910410937500003 0.671895451171875 0.4481241354166667 0.672949658203125 0.4043725130208333 0.244771642578125 0.37522183072916665
0 0.2479883359375 0.4280844348958333 0.24633941796875 0.4645342473958333 0.655874283203125 0.49309145572916663 0.65773699609375 0.45508530989583335 0.2479883359375 0.4280844348958333
0 0.779094994140625 0.51875840625 0.77666219921875 0.5105520078125 0.209222775390625 0.46416583854166665 0.2008292421875 0.53548075 0.775668228515625 0.5936237083333333 0.779094994140625 0.51875840625
0 0.68509815234375 0.6494105729166667 0.687907837890625 0.5952702317708333 0.21425519140625 0.5459598046874999 0.214172927734375 0.5924956953125 0.68509815234375 0.6494105729166667
0 0.68275880078125 0.730344609375 0.685190439453125 0.6593246640625 0.222503083984375 0.6013900260416667 0.2164222890625 0.6601005208333334 0.68275880078125 0.730344609375
0 0.677793201171875 0.8060206979166668 0.682436353515625 0.7352587265625 0.21972119921875 0.6664272317708334 0.21405511328125 0.7301376927083334 0.677793201171875 0.8060206979166668
0 0.215207009765625 0.7352237916666667 0.208896046875 0.8087622213541666 0.668230740234375 0.8899176223958333 0.671766833984375 0.8072984296875 0.215207009765625 0.7352237916666667