0 0.506545646484375 1 0.691908302734375 0.9913693255208332 0.690584412109375 0.9678446276041667 0.4949567265625 1 0.506545646484375 1
0 0.423538390625 1 0.68888194921875 0.9588060182291667 0.687610283203125 0.9289064895833333 0.4072471484375 0.9693141145833333 0.408050828125 1 0.423538390625 1
0 0.4067299765625 0.9309128541666666 0.4070938203125 0.9634597630208334 0.405680978515625 0.9654793776041667 0.687020080078125 0.9250263072916667 0.6861852890625 0.8931526015625 0.4067299765625 0.9309128541666666
0 0.393610408203125 0.8963547578125 0.393080541015625 0.9320878281249999 0.394530380859375 0.9314808776041666 0.688069078125 0.8904597838541667 0.6867463046875 0.8586087994791667 0.393610408203125 0.8963547578125
0 0.6857192265625 0.8567027916666666 0.68436237890625 0.82355084375 0.39322952734375 0.8631573645833334 0.393556126953125 0.89428225 0.6857192265625 0.8567027916666666
0 0.686263205078125 0.8215085078125001 0.684452447265625 0.7896802473958333 0.3906411640625 0.8202936041666667 0.392533681640625 0.855243546875 0.686263205078125 0.8215085078125001
0 0.3906119765625 0.7818696197916667 0.391023251953125 0.8162275625 0.682415330078125 0.7865187109375 0.6824262890625 0.7682824453125 0.679106546875 0.7534576484375001 0.3906119765625 0.7818696197916667
0 0.67348317578125 0.7439503229166666 0.67079259375 0.69718365625 0.43153327734375 0.7213493541666667 0.433817103515625 0.7712400963541667 0.67348317578125 0.7439503229166666
0 0.66826558984375 0.6939722447916666 0.666499865234375 0.6452086848958333 0.42968046875 0.6692607760416666 0.431426751953125 0.7172819973958333 0.66826558984375 0.6939722447916666
0 0.3794522109375 0.6729020104166666 0.674256498046875 0.6428936953125001 0.67608917578125 0.6382494270833333 0.677263505859375 0.6271230390625 0.676922775390625 0.6141133671875 0.67471529296875 0.6044469921875 0.376358826171875 0.6294104869791667 0.3779685078125 0.6722160572916667 0.3794522109375 0.6729020104166666
0 0.378188484375 0.6246508046875 0.672173154296875 0.6006576953125 0.673029865234375 0.5960588671875 0.674221232421875 0.5855829635416666 0.673829392578125 0.5706218385416667 0.671655982421875 0.5622564322916667 0.377084130859375 0.5824847708333333 0.377220423828125 0.587688640625 0.377816701171875 0.6104555703125 0.378188484375 0.6246508046875
0 0.3952527109375 0.5673107291666667 0.395504931640625 0.5769409609375 0.669635900390625 0.5597453828125 0.67131525 0.5492467578125 0.67102562890625 0.5381885338541667 0.669708931640625 0.5252243020833333 0.66802350390625 0.5168361770833333 0.39384475390625 0.5322073307291667 0.395093306640625 0.5425696276041666 0.394946052734375 0.5556020208333333 0.3952527109375 0.5673107291666667
0 0.39257308984375 0.5023077968749999 0.393889787109375 0.51527203125 0.3927458828125 0.5275600989583333 0.664522435546875 0.5137428072916667 0.66781906640625 0.5090303723958333 0.669481380859375 0.49788126302083335 0.66976492578125 0.4900527369791667 0.66754040625 0.4797358828125 0.665401068359375 0.4726714453125 0.3921131015625 0.48474473697916665 0.392232357421875 0.4892981223958333 0.39257308984375 0.5023077968749999
0 0.67259966796875 0.4677046458333333 0.67287713671875 0.44098937239583336 0.419023341796875 0.4489014010416667 0.420241828125 0.47677053124999996 0.67259966796875 0.4677046458333333
0 0.6723721171875 0.44036160677083336 0.67116859765625 0.4130640104166667 0.418273732421875 0.42028011718749997 0.418952927734375 0.4462129348958333 0.6723721171875 0.44036160677083336
0 0.669199626953125 0.41250441145833333 0.6688528203125 0.38060798958333336 0.37716872265625 0.38051228125 0.3780180546875 0.41294122656250004 0.669199626953125 0.41250441145833333
0 0.3767196953125 0.344712953125 0.37851341796875 0.3758907317708333 0.393204041015625 0.3771605520833334 0.6673377578125 0.3787246979166667 0.6684889765625 0.34806108072916664 0.3767196953125 0.344712953125
0 0.6674107890625 0.3442036197916667 0.666729328125 0.3181842682291667 0.396868208984375 0.31186224739583335 0.3976318984375 0.3410211875 0.6674107890625 0.3442036197916667
0 0.667063982421875 0.3123071953125 0.666802359375 0.2836631901041667 0.395965271484375 0.27738661197916664 0.396711697265625 0.30588635416666665 0.667063982421875 0.3123071953125
0 0.674337513671875 0.2728919114583333 0.671335388671875 0.2515395546875 0.3763996953125 0.23922098437499997 0.3759654140625 0.2599489114583333 0.674337513671875 0.2728919114583333
0 0.662517607421875 0.2506475651041667 0.662227986328125 0.23958934114583333 0.374560939453125 0.22497850520833332 0.375942169921875 0.24040667708333333 0.662517607421875 0.2506475651041667
0 0.663470462890625 0.231064890625 0.661847107421875 0.206391953125 0.407362958984375 0.19023608333333333 0.409118869140625 0.21997021875 0.663470462890625 0.231064890625
0 0.661710814453125 0.2011880807291667 0.659548365234375 0.17458641145833334 0.4055862734375 0.1597087890625 0.406280814453125 0.1862275598958333 0.661710814453125 0.2011880807291667
0 0.661346970703125 0.16864117447916668 0.661170529296875 0.1432495859375 0.39177428125 0.11736761197916667 0.39203168359375 0.14585038802083333 0.661346970703125 0.16864117447916668
0 0.660075306640625 0.138741640625 0.658905861328125 0.11274501302083334 0.389980560546875 0.08618983333333334 0.389732734375 0.11403694270833332 0.660075306640625 0.138741640625