0 0.3137588203125 0 0.29486966796875 0.0029034218749999998 0.29459073828125 0.024209898437500002 0.46570405859375 0 0.3137588203125 0
0 0.479303783203125 0 0.2918962265625 0.026515286458333332 0.2949690859375 0.0802739453125 0.664856310546875 0.030459145833333336 0.66520572265625 0.0037687369791666665 0.5032725625 0 0.479303783203125 0
0 0.295514154296875 0.08935429947916666 0.29575119921875 0.13909004427083335 0.663094119140625 0.08753919270833332 0.66392197265625 0.033989588541666664 0.295514154296875 0.08935429947916666
0 0.66347716015625 0.13580779427083334 0.6640195234375 0.0943784921875 0.29565822265625 0.1461921796875 0.30037233984375 0.189791359375 0.66347716015625 0.13580779427083334
0 0.295926259765625 0.19356054687500002 0.296318205078125 0.23145932552083334 0.66186699609375 0.1812749140625 0.660767123046875 0.13929683072916668 0.295926259765625 0.19356054687500002
0 0.662283962890625 0.22695201822916666 0.662826326171875 0.18552279687499998 0.293592642578125 0.23613216927083333 0.298322193359375 0.271787390625 0.662283962890625 0.22695201822916666
0 0.29484153515625 0.27641898958333333 0.2953109609375 0.30839936458333334 0.660759177734375 0.26589744010416666 0.6596204140625 0.22689002604166666 0.29484153515625 0.27641898958333333
0 0.6490947265625 0.2846636744791667 0.64124351171875 0.27382446614583333 0.2935507578125 0.3071743125 0.29543198046875 0.34334561979166667 0.660404365234375 0.30268766927083335 0.65968697265625 0.28964638802083337 0.6490947265625 0.2846636744791667
0 0.427043140625 0.35409115885416664 0.44571904296875 0.3521576328125 0.46615517578125 0.3514492421875 0.48129514453125 0.3482494114583334 0.49196487109375 0.3473137239583333 0.503522447265625 0.34639861979166664 0.51772810546875 0.346729234375 0.531964728515625 0.34469246875 0.543522302734375 0.3437774453125 0.5586158125 0.34412872135416667 0.67845887109375 0.33142345833333337 0.678956298828125 0.31022380989583337 0.287727783203125 0.3449285260416666 0.2891935625 0.3686437083333333 0.29727721875 0.36172746614583334 0.31598408203125 0.357426640625 0.3319499453125 0.35898230989583335 0.348819125 0.3593749140625 0.3727911640625 0.35993282552083333 0.3967941953125 0.358123359375 0.427043140625 0.35409115885416664
0 0.29702928125 0.3806665625 0.2975761875 0.40672845572916666 0.661246275390625 0.37790500260416665 0.659831009765625 0.3464843463541667 0.29702928125 0.3806665625
0 0.659913064453125 0.4080568984375 0.659381625 0.38081135677083333 0.298402083984375 0.411483875 0.2991891875 0.42938365104166665 0.659913064453125 0.4080568984375
0 0.29069948046875 0.5249736588541667 0.29199480078125 0.56170953125 0.65584574609375 0.56661015625 0.656572263671875 0.5275685625000001 0.29069948046875 0.5249736588541667
0 0.289238248046875 0.56874959375 0.29229383203125 0.6067104453125 0.660063123046875 0.6174972942708333 0.659457330078125 0.5785500286458333 0.289238248046875 0.56874959375
0 0.288680388671875 0.6113625442708334 0.289991265625 0.6469146145833333 0.65834161328125 0.6637757708333333 0.6590014921875 0.6239839947916667 0.288680388671875 0.6113625442708334
0 0.287203716796875 0.6563222890625 0.29091548828125 0.6883451484375 0.648001880859375 0.7073450703124999 0.657892228515625 0.698102859375 0.655585087890625 0.6708159895833333 0.287203716796875 0.6563222890625
0 0.291162619140625 0.6931199947916666 0.291833494140625 0.7097123776041667 0.6565934375 0.7333196119791667 0.657706275390625 0.7123071223958334 0.291162619140625 0.6931199947916666
0 0.292659390625 0.7144677968750001 0.293221791015625 0.7393460390625001 0.657194896484375 0.7619838072916667 0.657380857421875 0.7371647031249999 0.292659390625 0.7144677968750001
0 0.657540421875 0.7928189348958333 0.6578813359375 0.7667777031249999 0.28960840625 0.743998140625 0.291777541015625 0.7717112395833333 0.657540421875 0.7928189348958333
0 0.657591484375 0.8567590234375001 0.65643559765625 0.8093699895833333 0.285530142578125 0.7841609817708334 0.289142978515625 0.8237411901041667 0.657591484375 0.8567590234375001
0 0.286639509765625 0.8351011197916667 0.289602060546875 0.8801640208333333 0.655959822265625 0.9135555729166667 0.6558143828125 0.8674364947916667 0.286639509765625 0.8351011197916667
0 0.65756506640625 0.9266175156249999 0.655040951171875 0.9159022083333334 0.289555572265625 0.8837151276041667 0.293036533203125 0.8993641432291667 0.65756506640625 0.9266175156249999
0 0.283872064453125 0.9108160260416667 0.283717103515625 0.9226529895833333 0.65856108984375 0.9560555729166667 0.656460271484375 0.9431685729166667 0.283872064453125 0.9108160260416667
0 0.28988559375 0.9263487421875 0.29230117578125 0.94534975 0.66221109375 0.9756747473958334 0.66069807421875 0.9586598020833333 0.28988559375 0.9263487421875
0 0.66104499609375 1 0.661291498046875 0.9811705885416666 0.29132037890625 0.9524312968749999 0.2949772578125 0.9749416484375 0.628084341796875 1 0.66104499609375 1