0 0.553391033203125 1 0.238648251953125 0.8450428671875 0.221118673828125 0.900774953125 0.43724651953125 1 0.553391033203125 1
0 0.7113865703125 1 0.711817580078125 0.9984200442708334 0.260801892578125 0.7725191848958333 0.24096083203125 0.8360879088541666 0.56843110546875 1 0.7113865703125 1
0 0.281554544921875 0.7007177057291667 0.26253089453125 0.7671091927083333 0.714942166015625 0.9935940885416666 0.731883806640625 0.9240703515625 0.281554544921875 0.7007177057291667
0 0.73063493359375 0.9219171744791667 0.74130307421875 0.8842439192708333 0.3067030546875 0.66276709375 0.2955940234375 0.7009029010416666 0.73063493359375 0.9219171744791667
0 0.738550365234375 0.8767197630208333 0.751475806640625 0.8375786744791666 0.3196471328125 0.6246422369791667 0.308808556640625 0.6606424921874999 0.738550365234375 0.8767197630208333
0 0.75848177734375 0.8395430989583333 0.77080148046875 0.8063843776041667 0.29871444921875 0.5737186614583333 0.28589230859375 0.60755053125 0.75848177734375 0.8395430989583333
0 0.77392606640625 0.8015584218749999 0.782047765625 0.7664723828125001 0.310099294921875 0.5376321744791667 0.3004693828125 0.5729240078125 0.77392606640625 0.8015584218749999
0 0.781263353515625 0.75859975 0.79279864453125 0.7175683984375 0.3436751875 0.5076023463541667 0.331838662109375 0.54600684375 0.781263353515625 0.75859975
0 0.3277673828125 0.4126684765625 0.30648638671875 0.48052777604166663 0.7925372109375 0.7149442057291666 0.81369853515625 0.6352566458333333 0.3277673828125 0.4126684765625
0 0.816502689453125 0.625779671875 0.834452853515625 0.5526350494791666 0.352489626953125 0.33512035156250003 0.333038328125 0.40081276822916667 0.816502689453125 0.625779671875
0 0.3656360078125 0.2660305052083333 0.348980173828125 0.31597988541666666 0.837577458984375 0.5478090208333334 0.85118472265625 0.49409900520833333 0.3656360078125 0.2660305052083333
0 0.85344890234375 0.4899871067708333 0.866773849609375 0.43475238020833334 0.3807594296875 0.2120238203125 0.365113072265625 0.2607820859375 0.85344890234375 0.4899871067708333
0 0.867641078125 0.4313942317708333 0.885357365234375 0.3518816848958333 0.42024158203125 0.13458911458333334 0.397460005859375 0.21553246354166666 0.867641078125 0.4313942317708333
0 0.44556959765625 0.051058552083333326 0.421136390625 0.12748750260416666 0.885123505859375 0.34551394270833335 0.9063402109375 0.26052435156250003 0.44556959765625 0.051058552083333326
0 0.89672875390625 0.25693525 0.90010183984375 0.21841698177083335 0.50501783203125 0.024511778645833333 0.48812819140625 0.068093265625 0.89672875390625 0.25693525
0 0.51309158203125 0 0.50530689453125 0.0233924453125 0.8998955703125 0.20830560677083332 0.90848493359375 0.18595528385416668 0.913467134765625 0.16101386197916667 0.5627534765625 0 0.51309158203125 0