0 0.156967005859375 0.8747680494791666 0.18783483203125 0.8649105260416667 0.058712578125 0.26365134114583333 0.026136876953125 0.2728835807291667 0.156967005859375 0.8747680494791666
0 0.082418015625 0.25582370312499997 0.062753732421875 0.26250604427083335 0.19579304296875 0.8626550989583334 0.225238427734375 0.8543100208333333 0.097081193359375 0.2538866510416667 0.082418015625 0.25582370312499997
0 0.233535037109375 0.8541773098958334 0.262184599609375 0.8460577734375 0.133400744140625 0.24692130468749998 0.102266236328125 0.25463578645833335 0.233535037109375 0.8541773098958334
0 0.267297923828125 0.8468272343750001 0.295778287109375 0.8376463385416667 0.170177716796875 0.23760769791666667 0.13595740625 0.2473060338541667 0.267297923828125 0.8468272343750001
0 0.31186391015625 0.83419684375 0.32300540625 0.8310392447916667 0.195982392578125 0.23251304947916665 0.19325653125 0.2310669609375 0.1852983203125 0.23332238802083335 0.172823466796875 0.2379671796875 0.298792373046875 0.8356828098958333 0.31186391015625 0.83419684375
0 0.224970353515625 0.22651622916666667 0.198708255859375 0.23395913802083335 0.326815314453125 0.828850171875 0.335738546875 0.8274305625 0.348302484375 0.8227605208333334 0.224970353515625 0.22651622916666667
0 0.376782849609375 0.8135796276041667 0.253619916015625 0.2183966927083333 0.239125935546875 0.2213951015625 0.23001758203125 0.22619511197916667 0.352569814453125 0.8182231901041667 0.36535312890625 0.8201468411458334 0.376782849609375 0.8135796276041667
0 0.282269478515625 0.21027715624999999 0.25691301171875 0.21746339843749998 0.37933951171875 0.8139643567708333 0.3949677109375 0.8128631197916666 0.401453306640625 0.8065878046875 0.282269478515625 0.21027715624999999
0 0.407412625 0.8126640520833334 0.43379375 0.800750171875 0.31699738671875 0.20376289322916666 0.2873828046875 0.21104661458333332 0.407412625 0.8126640520833334
0 0.3474077890625 0.19625363020833334 0.319510056640625 0.20305078125 0.437146232421875 0.8009093567708333 0.454196876953125 0.7982956770833334 0.46261251171875 0.7936919895833333 0.3474077890625 0.19625363020833334
0 0.380374857421875 0.18912909635416666 0.351858396484375 0.19721091145833333 0.4665916171875 0.7925642786458332 0.479663154296875 0.7910783124999999 0.49205789453125 0.7853469114583334 0.380374857421875 0.18912909635416666
0 0.493649537109375 0.7848958255208333 0.528665669921875 0.7749719479166667 0.430148654296875 0.24047208854166668 0.394505900390625 0.2516828671875 0.493649537109375 0.7848958255208333
0 0.530934107421875 0.7787662942708334 0.562597755859375 0.7686832291666666 0.458991953125 0.16573901041666667 0.42253484765625 0.17607127343749998 0.530934107421875 0.7787662942708334
0 0.565204591796875 0.7746002916666667 0.5976640625 0.7642916848958333 0.49417728515625 0.1568764921875 0.4623444375 0.16589820052083334 0.565204591796875 0.7746002916666667
0 0.603284982421875 0.7682452187500001 0.623637935546875 0.7602583932291668 0.5371585859375 0.23344005729166664 0.51538419921875 0.24182973177083333 0.603284982421875 0.7682452187500001
0 0.62841286328125 0.7589051380208334 0.647631595703125 0.7490211380208334 0.564385705078125 0.22683296614583334 0.54148361328125 0.2333236197916667 0.62841286328125 0.7589051380208334
0 0.5667662109375 0.13741346614583333 0.552624271484375 0.14142141666666666 0.653083318359375 0.7519133151041667 0.65865406640625 0.750334515625 0.664851439453125 0.7474688151041667 0.5667662109375 0.13741346614583333
0 0.583309255859375 0.1316157109375 0.570763498046875 0.1351712890625 0.669457166015625 0.7450542005208334 0.67633133203125 0.7464339348958333 0.6821903046875 0.7414455182291667 0.583309255859375 0.1316157109375
0 0.68616941015625 0.7403178046875 0.709417423828125 0.7348384244791667 0.623113134765625 0.15694219270833334 0.5946554921875 0.1650073359375 0.68616941015625 0.7403178046875
0 0.713853953125 0.731362453125 0.73915103125 0.7230837291666666 0.65636842578125 0.14640804166666668 0.63110314453125 0.15356844270833334 0.713853953125 0.731362453125
0 0.693809375 0.10473625520833334 0.65547986328125 0.11338054947916666 0.74158866796875 0.7279394322916667 0.774843958984375 0.7174052838541667 0.77882306640625 0.7162775703125001 0.693809375 0.10473625520833334
0 0.781887326171875 0.7198463723958333 0.817530080078125 0.7086355963541666 0.734057857421875 0.091110859375 0.6974996484375 0.10036246614583333 0.781887326171875 0.7198463723958333
0 0.8301943671875 0.7150302213541666 0.8615196171875 0.7028244401041667 0.782841 0.06841080729166667 0.748852478515625 0.07804345052083334 0.8301943671875 0.7150302213541666
0 0.86918960546875 0.7039786302083333 0.903071517578125 0.6921575755208332 0.829167828125 0.05639069010416667 0.7939371171875 0.06859400260416666 0.86918960546875 0.7039786302083333
0 0.8995498359375 0.6909370312499999 0.928199396484375 0.6828174947916666 0.863557337890625 0.0477537109375 0.831267068359375 0.05912367708333333 0.8995498359375 0.6909370312499999