0 0.286027271484375 0 0.284982326171875 0.0444051796875 0.713869916015625 0.04760315885416667 0.715046755859375 0.018829096354166668 0.513095291015625 0 0.286027271484375 0
0 0.712235021484375 0.11272272135416667 0.713684103515625 0.05114615625 0.28650622265625 0.049294299479166664 0.28199562890625 0.11075945833333334 0.712235021484375 0.11272272135416667
0 0.28645716015625 0.11812203645833334 0.28239384375 0.16165342447916667 0.704743689453125 0.1697536328125 0.7053529453125 0.12513546354166666 0.28645716015625 0.11812203645833334
0 0.675576166015625 0.20068559114583331 0.67584261328125 0.212578109375 0.703401740234375 0.214007453125 0.703947095703125 0.16891462239583332 0.28062219921875 0.1614882421875 0.277178251953125 0.19320977864583333 0.675576166015625 0.20068559114583331
0 0.264590873046875 0.19559642447916667 0.259970123046875 0.24975671875000002 0.6711599296875 0.2679193489583333 0.676523921875 0.19958723697916667 0.264590873046875 0.19559642447916667
0 0.26815991015625 0.3312202890625 0.27048319140625 0.3717868151041666 0.695028154296875 0.33897703125 0.69548624609375 0.2962962291666667 0.26815991015625 0.3312202890625
0 0.269287712890625 0.3776091927083333 0.2723729140625 0.42062027864583335 0.693299267578125 0.3879707708333333 0.690475154296875 0.3409260520833333 0.269287712890625 0.3776091927083333
0 0.69095901171875 0.43353866927083334 0.6888834921875 0.388248203125 0.264338544921875 0.42105798697916663 0.267431421875 0.463127796875 0.69095901171875 0.43353866927083334
0 0.6688695078125 0.4813232109375 0.66667012890625 0.4383947161458333 0.267361806640625 0.4652500989583333 0.26713177734375 0.5061735338541666 0.6688695078125 0.4813232109375
0 0.2606410546875 0.5085337161458333 0.2628403984375 0.5514622864583333 0.666322224609375 0.5290344635416667 0.664254583984375 0.4844532578125 0.2606410546875 0.5085337161458333
0 0.657918296875 0.588297671875 0.655452443359375 0.5334765755208334 0.258225505859375 0.5545923359375 0.26098035546875 0.6047999817708333 0.657918296875 0.588297671875
0 0.253666634765625 0.6075715963541667 0.255432478515625 0.6587671119791666 0.6548833828125 0.6461660625 0.651469765625 0.5924434765625001 0.253666634765625 0.6075715963541667
0 0.23425336328125 0.672220296875 0.238038537109375 0.7188570442708334 0.690843451171875 0.7242848958333333 0.691385642578125 0.667118609375 0.23425336328125 0.672220296875
0 0.234185564453125 0.7244315703124999 0.235631552734375 0.7708154791666666 0.663767400390625 0.7822853906249999 0.660471845703125 0.7772310885416666 0.66096733984375 0.7677832083333334 0.667601671875 0.76009440625 0.6725882265625 0.7498785312499999 0.6773889765625 0.7432054947916668 0.68845243359375 0.7359296458333334 0.68723821875 0.7251356380208334 0.234185564453125 0.7244315703124999
0 0.242338009765625 0.7726622213541666 0.243651560546875 0.8155082057291666 0.6684384453125 0.8290047343750001 0.668320380859375 0.7803364505208333 0.242338009765625 0.7726622213541666
0 0.236707533203125 0.8291018932291667 0.239544982421875 0.8768369973958333 0.66490802734375 0.8963211640625 0.66604742578125 0.8406494817708333 0.236707533203125 0.8291018932291667
0 0.67812763671875 0.949771296875 0.677823787109375 0.9046458515625 0.236515919921875 0.8836752213541667 0.238172986328125 0.9276839765624999 0.67812763671875 0.949771296875
0 0.67675314453125 1 0.67739356640625 0.9712455625 0.2289899296875 0.9423115989583333 0.23002425390625 0.9760495572916666 0.486904708984375 1 0.67675314453125 1