0 0.7384102734375 0.919289296875 0.737081515625 0.8979601484374999 0.7340242421875 0.8862568828125 0.3250040390625 0.8921632786458332 0.32347168359375 0.9213815390625001 0.32455434765625 0.9474031171875 0.737814357421875 0.9306519557291667 0.7384102734375 0.919289296875
0 0.321324951171875 0.8689838203125001 0.324051759765625 0.8869882552083334 0.326221767578125 0.8922768125 0.743766078125 0.8871651692708333 0.750620904296875 0.87312371875 0.752775072265625 0.8553816510416666 0.750935529296875 0.8437919192708333 0.747086181640625 0.8238589348958333 0.325888681640625 0.8286299713541667 0.32277217578125 0.8413887916666667 0.321324951171875 0.8689838203125001
0 0.748899826171875 0.8126098125 0.75306380078125 0.8032109973958333 0.750432181640625 0.7833915494791667 0.751113228515625 0.77040565625 0.300945611328125 0.7675821171875 0.298147197265625 0.8209410520833332 0.301704353515625 0.8231127786458333 0.748899826171875 0.8126098125
0 0.30225591015625 0.6959326276041667 0.30006840625 0.7609756328125 0.301115873046875 0.7643356458333334 0.750150890625 0.7654224088541667 0.753300732421875 0.7053626458333334 0.30225591015625 0.6959326276041667
0 0.29682984765625 0.5894004114583333 0.2934632734375 0.6769254244791667 0.294583111328125 0.6789055052083333 0.752142234375 0.6807870234375 0.753112009765625 0.6156304765625 0.29682984765625 0.5894004114583333
0 0.260645921875 0.50936159375 0.25710376171875 0.5302366015625 0.257044529296875 0.5546986875000001 0.254478669921875 0.5802906848958334 0.254294443359375 0.5838034166666667 0.7437106953125 0.6082292421875 0.750906044921875 0.58769484375 0.754873859375 0.5587036536458333 0.753545099609375 0.5373745026041666 0.74961062109375 0.5190647526041666 0.260705154296875 0.48489950520833336 0.26115670703125 0.499622171875 0.260645921875 0.50936159375
0 0.315569654296875 0.3954067421875 0.30994045703125 0.47940909895833334 0.308537130859375 0.4828344609375 0.751424267578125 0.5078156354166666 0.7504693671875 0.4326925963541666 0.315569654296875 0.3954067421875
0 0.290115798828125 0.34409831249999995 0.288259525390625 0.37949294270833334 0.286769798828125 0.38456569791666667 0.760466595703125 0.428731171875 0.760159408203125 0.3879231796875 0.290115798828125 0.34409831249999995
0 0.290149134765625 0.2967973723958333 0.2882083203125 0.33380396875 0.290541453125 0.3359821276041666 0.764153119140625 0.3817708411458333 0.7635905390625 0.34583255989583334 0.290149134765625 0.2967973723958333
0 0.306012953125 0.2509723984375 0.303732142578125 0.2944618776041667 0.750365775390625 0.34133719010416663 0.751557607421875 0.318611875 0.752408916015625 0.3023795078125 0.306012953125 0.2509723984375
0 0.3060462890625 0.2036714609375 0.302718666015625 0.24378845052083334 0.7440550703125 0.29833828125 0.748729828125 0.279200046875 0.7497513984375 0.2597212057291667 0.3060462890625 0.2036714609375
0 0.75156504296875 0.24847208333333334 0.75230532421875 0.21102410156249998 0.3221655 0.15297677864583334 0.320633146484375 0.1821950390625 0.3191600234375 0.18695121354166666 0.3188195 0.1934441640625 0.75156504296875 0.24847208333333334
0 0.738884400390625 0.18693635416666665 0.737555642578125 0.165607203125 0.31194621484375 0.11450697135416667 0.308704904296875 0.1529781796875 0.31129106640625 0.15033171874999998 0.738033091796875 0.20316872135416666 0.738884400390625 0.18693635416666665
0 0.340242720703125 0.06494764843749999 0.33804951171875 0.10676678645833333 0.3403796484375 0.10900211458333332 0.7342429765625 0.1587736484375 0.735323779296875 0.11483271875 0.340242720703125 0.06494764843749999
0 0.7444645234375 0.10386972916666666 0.746572072265625 0.06368389322916666 0.34217483203125 0.004774348958333333 0.3400465625 0.04535527083333333 0.746794130859375 0.10611511979166667 0.7444645234375 0.10386972916666666
0 0.425616927734375 0 0.7469977265625 0.055567705729166667 0.75090630859375 0.051038606770833335 0.754070490234375 0.022467502604166665 0.513095294921875 0 0.425616927734375 0