0 0.610305146484375 1 0.29116504296875 0.9290353750000001 0.289705638671875 0.9371212942708333 0.435338904296875 0.9964873697916666 0.45155995703125 1 0.610305146484375 1
0 0.633488810546875 0.994846703125 0.640301912109375 0.9465774921875 0.316937853515625 0.8760168828125 0.30781653515625 0.9232187447916668 0.633488810546875 0.994846703125
0 0.642334146484375 0.9451371822916667 0.6474821328125 0.9041297708333333 0.328182541015625 0.8306885390625 0.318667591796875 0.8721845286458333 0.642334146484375 0.9451371822916667
0 0.277382279296875 0.785024203125 0.27381417578125 0.8005851979166666 0.271531466796875 0.8142516692708334 0.656821046875 0.9079366953125 0.66153451171875 0.8985144296875 0.66503799609375 0.8795239895833333 0.666444625 0.8585444166666667 0.661948419921875 0.8521741145833334 0.2832645 0.755659765625 0.282615501953125 0.76220140625 0.280950384765625 0.7694632083333333 0.277382279296875 0.785024203125
0 0.662662041015625 0.8490619140625001 0.666512029296875 0.8211377890625 0.336836794921875 0.7298546171875001 0.3310545546875 0.7624942864583333 0.662662041015625 0.8490619140625001
0 0.663636931640625 0.8188314166666667 0.667833423828125 0.7819736041666667 0.322831205078125 0.6833081588541666 0.3165752265625 0.7180138828125 0.663636931640625 0.8188314166666667
0 0.669563162109375 0.77814125 0.675598021484375 0.729554796875 0.34938226171875 0.6306069140625 0.340100904296875 0.6822179843749999 0.669563162109375 0.77814125
0 0.664702623046875 0.7251133880208332 0.67188284375 0.6826656640625001 0.358832587890625 0.5856814817708333 0.34962013671875 0.6295695130208333 0.664702623046875 0.7251133880208332
0 0.68169750390625 0.6843977890624999 0.68565612109375 0.6485773776041667 0.367396041015625 0.5483350885416667 0.3604342265625 0.586119046875 0.68169750390625 0.6843977890624999
0 0.683797140625 0.6455508463541667 0.6906954765625 0.6154662552083333 0.375181251953125 0.5106714505208333 0.368459494140625 0.5474084895833333 0.683797140625 0.6455508463541667
0 0.697159294921875 0.6169668020833333 0.705332234375 0.5998798255208333 0.709851833984375 0.5801692317708333 0.707863611328125 0.5702838151041667 0.377260275390625 0.45706933854166665 0.3769137734375 0.46600302343750005 0.3731724140625 0.48603086458333333 0.36870233203125 0.5055255 0.697159294921875 0.6169668020833333
0 0.71300881640625 0.5701124765625 0.7210318984375 0.5314114401041666 0.397476759765625 0.4097264296875 0.38706284375 0.45514294010416667 0.71300881640625 0.5701124765625
0 0.401911123046875 0.37183121874999997 0.39465684375 0.40717939583333335 0.71169328125 0.5276032291666667 0.719845609375 0.4957610833333333 0.714635486328125 0.49250426302083333 0.401911123046875 0.37183121874999997
0 0.724450443359375 0.49423509895833334 0.73504612890625 0.4554483958333333 0.412982853515625 0.3309684296875 0.40418152734375 0.3693522213541667 0.724450443359375 0.49423509895833334
0 0.734203265625 0.4517017083333333 0.7413394765625 0.42057971614583334 0.420227693359375 0.2919501484375 0.41321559375 0.32624214583333333 0.734203265625 0.4517017083333333
0 0.733319173828125 0.41844467968750004 0.738487775390625 0.3921924401041667 0.42777503125 0.2553239140625 0.421240861328125 0.28753158854166666 0.733319173828125 0.41844467968750004
0 0.737515666015625 0.38158686979166667 0.74748575 0.32326090625 0.4423293359375 0.18071679947916666 0.42848788671875 0.2485037890625 0.737515666015625 0.38158686979166667
0 0.752025962890625 0.31830548177083334 0.76366116015625 0.25271772135416665 0.45658114453125 0.103717640625 0.441724345703125 0.1759327109375 0.752025962890625 0.31830548177083334
0 0.76508840234375 0.2464933203125 0.767878267578125 0.23061508333333333 0.460927494140625 0.08847388802083334 0.45892342578125 0.10092516666666666 0.76508840234375 0.2464933203125
0 0.76703540234375 0.22686839583333332 0.776550349609375 0.18537240364583332 0.470248578125 0.036689567708333336 0.46110941796875 0.080257953125 0.76703540234375 0.22686839583333332
0 0.477471033203125 0 0.473353029296875 0.019439356770833333 0.78921949609375 0.17465573177083335 0.79921019140625 0.13108494010416666 0.541323041015625 0 0.477471033203125 0
0 0.554570943359375 0 0.79704871484375 0.1256663671875 0.799663615234375 0.09930927083333334 0.556044123046875 0 0.554570943359375 0