0 0.516372859375 1 0.870668560546875 0.9586708567708334 0.8685453046875 0.9381719635416667 0.8671395390625 0.9260853255208333 0.3422208125 0.9750672890625 0.34325054296875 1 0.516372859375 1
0 0.848595458984375 0.8955801979166668 0.8424405703125 0.8391286067708333 0.3666428046875 0.8897309062500001 0.368478818359375 0.9457238802083333 0.848595458984375 0.8955801979166668
0 0.36560931640625 0.8833177994791667 0.365864791015625 0.8872112421875 0.84399874609375 0.8348633046875 0.838345521484375 0.7767197760416668 0.3635280625 0.8329246770833333 0.36560931640625 0.8833177994791667
0 0.836650822265625 0.7695670911458333 0.8363317265625 0.7647040651041667 0.8357697421875 0.7468020442708333 0.83164292578125 0.7399330703125 0.3655506015625 0.7983870026041666 0.363490763671875 0.8043442421874999 0.363680470703125 0.8165727369791668 0.364413625 0.8277460416666668 0.836650822265625 0.7695670911458333
0 0.83330746484375 0.7372887734375001 0.832669275390625 0.7275627213541668 0.831765173828125 0.7137841484375 0.82874805078125 0.7051523125 0.364137697265625 0.7675169114583333 0.3625795234375 0.7717822161458333 0.362054837890625 0.7824606276041667 0.363608248046875 0.7967973854166667 0.83330746484375 0.7372887734375001
0 0.827980474609375 0.7027917265625 0.821483470703125 0.6504635859375 0.38843744140625 0.7083294479166667 0.391380234375 0.7625151354166667 0.827980474609375 0.7027917265625
0 0.815192056640625 0.5825940078125 0.811886 0.5788961223958333 0.387618291015625 0.6398215208333333 0.3913180390625 0.7055432994791667 0.8194998359375 0.6482448541666667 0.820951646484375 0.6423585416666667 0.815192056640625 0.5825940078125
0 0.815869748046875 0.5742474036458333 0.808468642578125 0.5081406875 0.3849685078125 0.5714266744791666 0.389777951171875 0.6353855833333334 0.815869748046875 0.5742474036458333
0 0.378600890625 0.5117330651041666 0.380118193359375 0.56286884375 0.813066962890625 0.5035207473958333 0.8093743515625 0.4565824244791667 0.80757328515625 0.4478087317708333 0.378600890625 0.5117330651041666
0 0.376656162109375 0.47275792968749997 0.378986201171875 0.5082678776041667 0.806357228515625 0.4479505859375 0.804655388671875 0.42201445052083336 0.803910833984375 0.41066738802083336 0.376656162109375 0.47275792968749997
0 0.800620662109375 0.379199578125 0.799427625 0.3703549557291667 0.37471143359375 0.4337827942708334 0.376486005859375 0.47016472656249997 0.802428865234375 0.4067567213541667 0.80316628125 0.399320328125 0.800620662109375 0.379199578125
0 0.33274315625 0.4011098880208333 0.3359801484375 0.4317671979166667 0.806245330078125 0.36220928645833333 0.805523798828125 0.3418757526041667 0.802582880859375 0.3250679453125 0.33274315625 0.4011098880208333
0 0.800219830078125 0.2983922291666667 0.799528458984375 0.28785567447916666 0.33124691015625 0.35963231510416666 0.33254144140625 0.3886983958333334 0.802210603515625 0.31939441406249997 0.80101756640625 0.31054979427083335 0.800219830078125 0.2983922291666667
0 0.799315728515625 0.28461365625 0.79433085546875 0.24599315885416664 0.33418943359375 0.3111032838541667 0.33524752734375 0.34590337239583335 0.799315728515625 0.28461365625
0 0.79295525 0.2437035 0.78881415625 0.19926761979166666 0.33232091015625 0.26395218229166667 0.33512625390625 0.3067058072916667 0.79295525 0.2437035
0 0.78997703125 0.19831526302083333 0.78781957421875 0.156098109375 0.328339365234375 0.22194781249999998 0.33204090625 0.25968489843750003 0.78997703125 0.19831526302083333
0 0.787334177734375 0.14870065104166666 0.782585056640625 0.10433569531249999 0.33719587890625 0.17017507291666667 0.33934524609375 0.21226892708333334 0.787334177734375 0.14870065104166666
0 0.77972748046875 0.09813537239583332 0.7769619921875 0.0559891484375 0.331968115234375 0.118515578125 0.335332697265625 0.16045471354166665 0.77972748046875 0.09813537239583332
0 0.774499716796875 0.04647587760416667 0.770837265625 0.009334536458333332 0.314868705078125 0.06334068489583333 0.317464748046875 0.10290455989583334 0.774499716796875 0.04647587760416667
0 0.48362714453125 0 0.31080993359375 0.020159395833333333 0.312046234375 0.03900069270833333 0.66934900390625 0 0.48362714453125 0