0 0.163382541015625 0.7883805677083333 0.1879061484375 0.7891157395833334 0.16932128515625 0.3411333828125 0.142657013671875 0.3378613203125 0.163382541015625 0.7883805677083333
0 0.1892236875 0.7926110911458334 0.211027154296875 0.7961805963541666 0.19435489453125 0.345231703125 0.170837177734375 0.34247477083333333 0.1892236875 0.7926110911458334
0 0.242535169921875 0.8100846067708334 0.2508088828125 0.8092526822916667 0.241659630859375 0.3300185104166667 0.1956271171875 0.32357561979166666 0.21265634375 0.8051930598958333 0.229416240234375 0.8101233046875 0.242535169921875 0.8100846067708334
0 0.266860421875 0.8129737395833333 0.27877510546875 0.8171107630208333 0.28947142578125 0.8166754505208332 0.297235134765625 0.8124803776041666 0.289403423828125 0.33674156250000004 0.2455981328125 0.33175651302083337 0.25998930859375 0.8074759817708334 0.266860421875 0.8129737395833333
0 0.310070646484375 0.8244206796875 0.322991220703125 0.8265359401041666 0.337725220703125 0.8267616484375 0.340742892578125 0.8206963723958333 0.334243205078125 0.2948875885416667 0.295502146484375 0.28963840104166666 0.303808716796875 0.8212090859375 0.310070646484375 0.8244206796875
0 0.340445361328125 0.8239273177083333 0.355689365234375 0.827516171875 0.376982828125 0.8277225286458334 0.377849771484375 0.36433997395833334 0.380555796875 0.35275758333333335 0.3794652109375 0.3022910078125 0.37633424609375 0.3006852109375 0.3400268125 0.29583444010416665 0.340445361328125 0.8239273177083333
0 0.38500430078125 0.357858734375 0.37966319921875 0.36245041666666666 0.377606125 0.8387567526041666 0.41242934375 0.8433645364583334 0.4223493046875 0.36178615104166667 0.38500430078125 0.357858734375
0 0.419173048828125 0.8324431692708334 0.45218283984375 0.8389405130208334 0.46544623828125 0.3655620130208333 0.42744738671875 0.36152755208333337 0.419173048828125 0.8324431692708334
0 0.451899421875 0.8509195104166666 0.48934360546875 0.8537699479166667 0.513501677734375 0.377802171875 0.475316490234375 0.37592364322916666 0.451899421875 0.8509195104166666
0 0.492913626953125 0.8773119869791667 0.54075659765625 0.8829580546875001 0.586718505859375 0.34824641406249995 0.529065697265625 0.3442740026041667 0.492913626953125 0.8773119869791667
0 0.6529364453125 0.3590871354166667 0.646476158203125 0.35802950260416666 0.6254802265625 0.35459220052083334 0.592267470703125 0.35243450260416664 0.5456018125 0.8837512786458334 0.592339712890625 0.8924960859375001 0.6529364453125 0.3590871354166667
0 0.688553083984375 0.3550790677083333 0.653729865234375 0.35047128385416665 0.595640802734375 0.8744518072916666 0.609368912109375 0.8766992734375 0.624003734375 0.8780019635416667 0.688553083984375 0.3550790677083333
0 0.736707705078125 0.36624224739583333 0.695544201171875 0.36168969270833334 0.62714881640625 0.8883558151041666 0.6451129609375 0.8891103385416667 0.660456140625 0.8916222135416666 0.736707705078125 0.36624224739583333
0 0.665499712890625 0.8902614739583333 0.67842028515625 0.8923767369791666 0.694571001953125 0.8950208151041666 0.78374313671875 0.37175611197916664 0.764263099609375 0.36966019791666666 0.74198187109375 0.36491926041666667 0.66497559375 0.8781502682291666 0.665499712890625 0.8902614739583333
0 0.72891244921875 0.9137615651041666 0.828865966796875 0.38023651302083333 0.80383235546875 0.37613819010416666 0.791664798828125 0.37742586197916667 0.700847048828125 0.9069804635416667 0.713569267578125 0.9112496927083332 0.72891244921875 0.9137615651041666
0 0.7353868515625 0.9235672526041667 0.76345225 0.9303483515625 0.876014693359375 0.3934214505208333 0.837507404296875 0.38711731770833335 0.7353868515625 0.9235672526041667
0 0.765974037109375 0.929667984375 0.79646204296875 0.9368456953125 0.928107814453125 0.40632263020833337 0.89176869921875 0.400373453125 0.765974037109375 0.929667984375