0 0.447297189453125 0 0.193032302734375 0.09721237760416666 0.1967373671875 0.1144405078125 0.200139787109375 0.12105698697916667 0.5484654609375 0.0010781249999999999 0.548652984375 0 0.447297189453125 0
0 0.55930822265625 0.05763205989583334 0.557901142578125 0.03881659635416667 0.55169737109375 0.013037986979166666 0.54916471484375 0.0043295755208333335 0.2042372109375 0.12476862239583332 0.214815625 0.17702510156249998 0.55930822265625 0.05763205989583334
0 0.572675060546875 0.11058184895833334 0.571007904296875 0.09362521354166665 0.565413849609375 0.06761349479166666 0.561725267578125 0.058001111979166665 0.214380720703125 0.178071109375 0.225743625 0.23090732291666669 0.572675060546875 0.11058184895833334
0 0.2259184453125 0.2317202135416667 0.231602017578125 0.26121644270833333 0.578098578125 0.14193690104166667 0.57278317578125 0.11279333854166666 0.2259184453125 0.2317202135416667
0 0.56479603515625 0.18133122135416668 0.566104994140625 0.18434956510416667 0.58700980078125 0.1772367578125 0.58167584765625 0.1493662578125 0.233959888671875 0.26911201041666666 0.2406028125 0.3000008515625 0.56479603515625 0.18133122135416668
0 0.238948498046875 0.30151306770833336 0.245501904296875 0.32891739583333335 0.570548537109375 0.20362895833333336 0.565580546875 0.1819109505208333 0.238948498046875 0.30151306770833336
0 0.245676712890625 0.329730234375 0.25109594921875 0.3549290598958333 0.577273126953125 0.22814909635416666 0.571085052734375 0.20443810937499998 0.245676712890625 0.329730234375
0 0.25440883984375 0.3580609765625 0.262100658203125 0.3938270494791667 0.591673970703125 0.2681176614583333 0.58260562109375 0.23346209375000002 0.25440883984375 0.3580609765625
0 0.263060009765625 0.39521965625000005 0.27127626171875 0.43342428906249997 0.600432365234375 0.3102180911458333 0.591871080078125 0.27578262239583334 0.263060009765625 0.39521965625000005
0 0.2722355703125 0.4348169192708333 0.27826882421875 0.4659389088541666 0.62065824609375 0.3354069557291666 0.613760646484375 0.307761453125 0.2722355703125 0.4348169192708333
0 0.626524884765625 0.3660603567708333 0.626517779296875 0.36094434635416667 0.621622978515625 0.33818408072916667 0.2770494140625 0.46640512239583337 0.28430203515625 0.49706091927083335 0.626524884765625 0.3660603567708333
0 0.285871068359375 0.4982204322916666 0.294347431640625 0.5345662812499999 0.616116376953125 0.41551420833333336 0.608060359375 0.3794372317708334 0.285871068359375 0.4982204322916666
0 0.295481548828125 0.5367717421875 0.30404316015625 0.5704459296875 0.6222738359375 0.45089411979166666 0.615317279296875 0.41624924479166664 0.295481548828125 0.5367717421875
0 0.30247840234375 0.5754426406250001 0.31261762109375 0.6225888463541667 0.634860220703125 0.4992967239583333 0.62475294140625 0.4539876666666667 0.30247840234375 0.5754426406250001
0 0.314101408203125 0.6264200182291667 0.324590240234375 0.6751918958333333 0.644956779296875 0.549618796875 0.634282453125 0.5013669765625001 0.314101408203125 0.6264200182291667
0 0.326508904296875 0.6779771302083333 0.33638803515625 0.7269822317708333 0.65839821484375 0.6012298619791666 0.6490435078125 0.5546633854166666 0.326508904296875 0.6779771302083333
0 0.66188593359375 0.6051746640625 0.336302796875 0.7296539453125 0.3468768671875 0.7757541067708332 0.6729101953125 0.6492310520833333 0.66188593359375 0.6051746640625
0 0.34740560546875 0.7843490026041667 0.35483735546875 0.8219738437499999 0.682139123046875 0.6921445208333333 0.676122552734375 0.6560324505208334 0.34740560546875 0.7843490026041667
0 0.3566664453125 0.8212745312499999 0.3636590078125 0.8537891510416666 0.68791204296875 0.7257363723958333 0.680591029296875 0.6921512265624999 0.3566664453125 0.8212745312499999
0 0.377034451171875 0.9190514895833334 0.72778605859375 0.7796713645833333 0.7159851328125 0.724678671875 0.365756794921875 0.8635436145833334 0.377034451171875 0.9190514895833334
0 0.382351296875 0.92229696875 0.39345410546875 0.9769920260416667 0.740018802734375 0.8364324973958334 0.72874541015625 0.7810640364583333 0.382351296875 0.92229696875
0 0.470885841796875 1 0.740756603515625 0.8890736223958333 0.7330324296875 0.8478114375 0.39485261328125 0.9834949296875001 0.39815537109375 1 0.470885841796875 1
0 0.5527028125 1 0.722966615234375 0.9349035208333333 0.717742833984375 0.9049367083333334 0.4795933671875 1 0.5527028125 1