0 0.28521180859375 0 0.275227865234375 0.0007482760416666666 0.276041666015625 0.07885390364583333 0.681315103515625 0.0528186953125 0.68079373828125 0 0.28521180859375 0
0 0.277669271484375 0.16346833593750001 0.279296875 0.16780753645833335 0.680501302734375 0.161298734375 0.683756509765625 0.075693765625 0.277669271484375 0.08861710677083333 0.2744140625 0.09295630989583333 0.277669271484375 0.16346833593750001
0 0.617024740234375 0.19926674739583336 0.614583333984375 0.16563793489583334 0.28173828125 0.1786555390625 0.28173828125 0.19384274739583332 0.282552083984375 0.21011475260416668 0.617024740234375 0.19926674739583336
0 0.614583333984375 0.2361499609375 0.61376953125 0.2037319609375 0.279296875 0.22638675781249998 0.280924478515625 0.248082765625 0.2841796875 0.2589307708333333 0.614583333984375 0.2361499609375
0 0.280110677734375 0.27086357552083334 0.28173828125 0.2968987838541667 0.607259115234375 0.27194837499999996 0.607259115234375 0.2427944609375 0.280110677734375 0.27086357552083334
0 0.59912109375 0.3034075859375 0.5966796875 0.27751668229166665 0.277669271484375 0.3240187942708333 0.279296875 0.34679960156249995 0.280110677734375 0.3500540026041667 0.59912109375 0.3034075859375
0 0.598307291015625 0.3359515989583333 0.59423828125 0.3055771875 0.273600259765625 0.35547800520833334 0.273600259765625 0.3706652109375 0.273600259765625 0.3815132135416666 0.598307291015625 0.3359515989583333
0 0.59912109375 0.3674108098958333 0.595865884765625 0.34045071093749996 0.273600259765625 0.3869372161458333 0.2744140625 0.39778522135416666 0.27685546875 0.41188762500000003 0.59912109375 0.3674108098958333
0 0.612955728515625 0.36849560937500003 0.602376302734375 0.368662515625 0.2744140625 0.4183964296875 0.275227865234375 0.4400924375 0.6162109375 0.39127641927083334 0.612955728515625 0.36849560937500003
0 0.615397134765625 0.41188762500000003 0.61376953125 0.39344601822916664 0.280110677734375 0.44226203645833334 0.277669271484375 0.44877083854166666 0.280110677734375 0.4607036432291667 0.615397134765625 0.41188762500000003
0 0.272786458984375 0.47046684635416663 0.276041666015625 0.5203676666666667 0.673177083984375 0.4726364479166667 0.670735677734375 0.4164055729166667 0.272786458984375 0.47046684635416663
0 0.275227865234375 0.5778620859375 0.670735677734375 0.5398940729166667 0.670735677734375 0.5290460677083334 0.668294271484375 0.5084348619791667 0.670735677734375 0.49324765625000005 0.670735677734375 0.48693508593749996 0.27197265625 0.5268764687499999 0.275227865234375 0.5778620859375
0 0.673990884765625 0.56050528125 0.673177083984375 0.5487840442708333 0.27197265625 0.5822012890625 0.27197265625 0.5843708880208334 0.27197265625 0.5908796927083334 0.673990884765625 0.56050528125
0 0.27197265625 0.5963036927083333 0.272786458984375 0.6060668984375001 0.673990884765625 0.5778620859375 0.671549478515625 0.5661451562500001 0.27197265625 0.5963036927083333
0 0.276041666015625 0.6082364973958333 0.27685546875 0.6288477057291667 0.599934896484375 0.6060668984375001 0.59912109375 0.5843708880208334 0.276041666015625 0.6082364973958333
0 0.59912109375 0.6375261067708333 0.597493490234375 0.6147452994791667 0.275227865234375 0.6331869062500001 0.273600259765625 0.6462045130208333 0.273600259765625 0.6548829140625 0.59912109375 0.6375261067708333
0 0.272786458984375 0.6603069166666666 0.2744140625 0.6787485234375 0.588541666015625 0.6657309192708333 0.587727865234375 0.6431850859375 0.272786458984375 0.6603069166666666
0 0.590169271484375 0.6928509270833333 0.587727865234375 0.6703118229166667 0.2744140625 0.6809181249999999 0.273600259765625 0.7015293333333333 0.276041666015625 0.7058685338541667 0.590169271484375 0.6928509270833333
0 0.26953125 0.7091229348958333 0.272786458984375 0.7568541536458334 0.639811197265625 0.7503453489583333 0.639811197265625 0.700693765625 0.26953125 0.7091229348958333
0 0.271158853515625 0.7590237526041667 0.2744140625 0.80675496875 0.638997396484375 0.8110941718750001 0.638997396484375 0.7647128645833333 0.271158853515625 0.7590237526041667
0 0.271158853515625 0.8100093723958333 0.273600259765625 0.8577405885416667 0.639811197265625 0.8750973958333333 0.637369791015625 0.820857375 0.271158853515625 0.8100093723958333
0 0.268717447265625 0.8675037916666667 0.270345052734375 0.9163198098958333 0.656901041015625 0.9477790208333333 0.656901041015625 0.8949211979166667 0.268717447265625 0.8675037916666667
0 0.655070681640625 1 0.654459634765625 0.9611104322916666 0.268717447265625 0.9261201432291667 0.270345052734375 0.9727665598958333 0.531519619140625 1 0.655070681640625 1
0 0.53485841015625 1 0.277669271484375 0.9727665598958333 0.278483072265625 0.9825297630208333 0.40584580078125 1 0.53485841015625 1