0 0.22446236328125 0.7429836822916666 0.270437111328125 0.7581483958333334 0.3926813828125 0.15972952604166665 0.346636064453125 0.1426497421875 0.22446236328125 0.7429836822916666
0 0.434702916015625 0.17785971354166666 0.39233296875 0.16380459635416666 0.26916166015625 0.7567432109375 0.31925880078125 0.7718866744791667 0.434702916015625 0.17785971354166666
0 0.321624970703125 0.7739052578125 0.3591147265625 0.7854455156250001 0.47729562109375 0.18185732031250001 0.445931041015625 0.17055300520833336 0.321624970703125 0.7739052578125
0 0.516060775390625 0.1948027786458333 0.48378418359375 0.18385465625 0.36183207421875 0.7872946171874999 0.399346185546875 0.796539515625 0.516060775390625 0.1948027786458333
0 0.40558996484375 0.784562640625 0.436757564453125 0.7931442135416668 0.5376637421875 0.267834453125 0.511895798828125 0.2583275104166667 0.40558996484375 0.784562640625
0 0.437478494140625 0.7933661328125 0.464541876953125 0.8037221041666666 0.5715687421875 0.277708890625 0.541788009765625 0.26550383333333333 0.437478494140625 0.7933661328125
0 0.621431685546875 0.2221754661458333 0.5884342109375 0.21100544270833332 0.462710798828125 0.814297125 0.50163601171875 0.8280268046875 0.621431685546875 0.2221754661458333
0 0.504359822265625 0.8281302734375 0.540074748046875 0.8411493984375 0.65575585546875 0.24182384114583333 0.62226287890625 0.23053219010416667 0.504359822265625 0.8281302734375
0 0.6925836953125 0.2542038489583333 0.6597525859375 0.2420724296875 0.541295056640625 0.838487265625 0.577758673828125 0.8514592057291667 0.6925836953125 0.2542038489583333
0 0.58133565625 0.8528379375 0.6100074609375 0.8626763854166667 0.726571654296875 0.26696349479166664 0.702510638671875 0.25827220572916665 0.58133565625 0.8528379375
0 0.757136880859375 0.2761000885416667 0.7313488984375 0.26714932291666665 0.611948794921875 0.8602362005208333 0.63899845703125 0.8691966848958333 0.757136880859375 0.2761000885416667
0 0.64206245703125 0.8705184843749999 0.66895946875 0.8818358776041667 0.78762837109375 0.2857582317708333 0.760908087890625 0.2762483567708333 0.64206245703125 0.8705184843749999
0 0.820414470703125 0.2965910859375 0.793351091796875 0.2862351015625 0.6721210234375 0.8767334635416667 0.70261707421875 0.8876664296875 0.820414470703125 0.2965910859375
0 0.7049521328125 0.8888648828125 0.733790392578125 0.8977419973958334 0.847282265625 0.3030075390625 0.822522271484375 0.29318948958333335 0.7049521328125 0.8888648828125
0 0.842310861328125 0.41573062499999996 0.830609037109375 0.4131411223958333 0.740611876953125 0.897816609375 0.75513446875 0.9027189453125 0.842310861328125 0.41573062499999996