0 0.656251572265625 1 0.300280486328125 0.8250717005208333 0.289323517578125 0.8703065234374999 0.56419540625 1 0.656251572265625 1
0 0.6920293515625 1 0.701004462890625 0.9691092786458334 0.327632205078125 0.7401478072916667 0.316124505859375 0.77743553125 0.667109703125 1 0.6920293515625 1
0 0.6917188203125 0.9486201484375 0.70976476953125 0.9005611041666667 0.354928525390625 0.6562688567708334 0.336249177734375 0.7140537838541667 0.6917188203125 0.9486201484375
0 0.29197249609375 0.5872986614583333 0.283383123046875 0.6096491458333334 0.722097462890625 0.9037189192708334 0.73102580859375 0.8768546927083333 0.29197249609375 0.5872986614583333
0 0.735752076171875 0.8799376927083333 0.747259775390625 0.8426499661458333 0.293466236328125 0.5355043203125 0.2814018671875 0.5736810989583333 0.735752076171875 0.8799376927083333
0 0.3101711328125 0.48046170833333335 0.296144615234375 0.5165930364583333 0.741960703125 0.8377129739583333 0.756596029296875 0.8018361223958334 0.3101711328125 0.48046170833333335
0 0.75326215234375 0.7903137994791667 0.774116015625 0.7422918359375 0.398597517578125 0.4763558567708333 0.383450986328125 0.520365125 0.75326215234375 0.7903137994791667
0 0.415372439453125 0.41857624218749995 0.4007125546875 0.4644334609375 0.766959072265625 0.7227288359375 0.787785287109375 0.6784504739583334 0.415372439453125 0.41857624218749995
0 0.786849884765625 0.6529793385416667 0.802321822265625 0.6112510651041666 0.36250640625 0.31417153125 0.35073885546875 0.3497234010416667 0.786849884765625 0.6529793385416667
0 0.3723901328125 0.26862564322916666 0.361749623046875 0.30255537239583336 0.7978622890625 0.6066994244791667 0.812069455078125 0.5670303255208333 0.3723901328125 0.26862564322916666
0 0.422120298828125 0.26516320833333334 0.413241865234375 0.2886330260416667 0.80525478125 0.5562536744791667 0.816990794921875 0.5279764218749999 0.422120298828125 0.26516320833333334
0 0.81867555078125 0.526104625 0.829549939453125 0.49854282031249997 0.42633975 0.23294990364583334 0.41852805078125 0.2572534453125 0.81867555078125 0.526104625
0 0.379949962890625 0.11934168489583334 0.359797650390625 0.18646712239583332 0.82705868359375 0.49364278125 0.853884951171875 0.42510606510416665 0.379949962890625 0.11934168489583334
0 0.852620578125 0.416480140625 0.879806423828125 0.347575484375 0.39289006640625 0.040140627604166666 0.373260716796875 0.11251433072916667 0.852620578125 0.416480140625
0 0.3979758359375 0 0.901889857421875 0.32320536197916666 0.923344388671875 0.26990108854166667 0.499794193359375 0 0.3979758359375 0
0 0.57712416015625 0.006597630208333333 0.929731595703125 0.24153124479166665 0.9438133828125 0.19791270052083332 0.837023744140625 0.12591843489583335 0.57712416015625 0.006597630208333333