0 0.1727342109375 0.9234717838541666 0.202814609375 0.9129971432291667 0.050162380859375 0.3366267838541666 0.0129610078125 0.3480782682291667 0.1727342109375 0.9234717838541666
0 0.082172828125 0.32677319010416667 0.04996262890625 0.3354731458333333 0.205210326171875 0.9110446015624999 0.23310703515625 0.8955870729166667 0.082172828125 0.32677319010416667
0 0.234225802734375 0.8996826848958334 0.266502158203125 0.8861018307291667 0.1237835 0.310517109375 0.086298828125 0.32428798177083334 0.234225802734375 0.8996826848958334
0 0.16502721484375 0.3000534765625 0.126295361328125 0.31319120572916664 0.268232447265625 0.8855692057291668 0.302422103515625 0.867568546875 0.16502721484375 0.3000534765625
0 0.306429853515625 0.8482933932291666 0.334580212890625 0.83719778125 0.22599516796875 0.3784962578125 0.195515255859375 0.38666358854166666 0.306429853515625 0.8482933932291666
0 0.3369759296875 0.8352452395833333 0.354744494140625 0.8273453958333333 0.251149443359375 0.3688631276041667 0.23770774609375 0.37246059375 0.23571154296875 0.3767204453125 0.228856544921875 0.3739700859375 0.3369759296875 0.8352452395833333
0 0.3582725703125 0.8371955234375 0.384426720703125 0.8303597239583334 0.273910296875 0.35524095312500004 0.24875490625 0.3678448880208333 0.3582725703125 0.8371955234375
0 0.3854254921875 0.8361279401041667 0.419831642578125 0.8243217265624999 0.30585057421875 0.30287948177083335 0.267249017578125 0.31713561458333334 0.3854254921875 0.8361279401041667
0 0.345913267578125 0.28690184114583334 0.307181359375 0.30003958593749996 0.4213621875 0.8226355052083334 0.456276771484375 0.8068450130208333 0.345913267578125 0.28690184114583334
0 0.457231384765625 0.7982276927083333 0.481255796875 0.7896172317708333 0.382971984375 0.3082399479166667 0.355632318359375 0.31671852864583333 0.457231384765625 0.7982276927083333
0 0.399354005859375 0.28503301302083334 0.380720265625 0.2931991770833333 0.483785099609375 0.7936991458333332 0.500851974609375 0.786442015625 0.399354005859375 0.28503301302083334
0 0.503883220703125 0.7887276223958333 0.521186234375 0.7834013359375 0.423447333984375 0.27573565364583336 0.400219123046875 0.28476670833333334 0.503883220703125 0.7887276223958333
0 0.43734759765625 0.1992148828125 0.412657818359375 0.20924524479166665 0.522650615234375 0.7865959739583334 0.5454102890625 0.7759445833333333 0.43734759765625 0.1992148828125
0 0.467827451171875 0.1910475703125 0.441273783203125 0.19557603906249998 0.546275404296875 0.7756782812499999 0.572656326171875 0.7670115625 0.467827451171875 0.1910475703125
0 0.57269553515625 0.7651152760416666 0.5960544765625 0.7579248281250001 0.49612428125 0.17452025000000002 0.47028926171875 0.184214125 0.57269553515625 0.7651152760416666
0 0.598849685546875 0.7582794765625 0.6232736171875 0.7519763619791666 0.52379476171875 0.1616681953125 0.496975244140625 0.16992389322916668 0.598849685546875 0.7582794765625
0 0.622940212890625 0.74478825 0.658011734375 0.7315621354166667 0.577741359375 0.21754954166666665 0.53597974609375 0.232040140625 0.622940212890625 0.74478825
0 0.6614723125 0.7304968854166667 0.70086964453125 0.7159391848958333 0.623226041015625 0.19910797395833335 0.578637904296875 0.2152635546875 0.6614723125 0.7304968854166667
0 0.649241203125 0.12305273697916667 0.618495376953125 0.13494729687499998 0.703664853515625 0.7162938333333333 0.73268033203125 0.7049319192708333 0.649241203125 0.12305273697916667
0 0.68843878125 0.1073413984375 0.65336714453125 0.12056754947916666 0.736340669921875 0.7050203411458332 0.768158779296875 0.6921314973958334 0.68843878125 0.1073413984375
0 0.72265465234375 0.20495527604166666 0.702556421875 0.20992687499999999 0.767085146484375 0.6773294661458333 0.78294273046875 0.6675356354166667 0.72265465234375 0.20495527604166666
0 0.801759830078125 0.6933885651041667 0.826849119140625 0.6856654739583333 0.7666595703125 0.19146793750000002 0.7388926796875 0.19874169270833333 0.801759830078125 0.6933885651041667
0 0.7696951328125 0.07139256770833334 0.755187337890625 0.07707354427083334 0.8315743203125 0.6866411901041666 0.843843306640625 0.6835336328125 0.7696951328125 0.07139256770833334
0 0.8432868984375 0.6806055260416667 0.85566484765625 0.6731499609374999 0.7839254609375 0.07122839843749999 0.77268998828125 0.07290092708333333 0.8432868984375 0.6806055260416667