0 0.41354589453125 1 0.710431173828125 0.8748863151041667 0.708378630859375 0.8320920416666667 0.371073220703125 0.9678937578125 0.376658458984375 1 0.41354589453125 1
0 0.354520294921875 0.8768166822916666 0.36588160546875 0.9354545442708333 0.697353919921875 0.8034958359375 0.692030421875 0.74938171875 0.354520294921875 0.8768166822916666
0 0.692596580078125 0.7468443463541666 0.685812529296875 0.6955453229166667 0.343276099609375 0.8179876223958332 0.352874865234375 0.8711928255208333 0.692596580078125 0.7468443463541666
0 0.33205540234375 0.7546718359375001 0.34315896484375 0.8181788255208334 0.689464697265625 0.6958888619791667 0.682210404296875 0.6364961770833334 0.33205540234375 0.7546718359375001
0 0.679852373046875 0.6368398072916667 0.6759471640625 0.60049171875 0.332878427734375 0.7093698567708334 0.34080037890625 0.7526158697916667 0.679852373046875 0.6368398072916667
0 0.328000818359375 0.676284125 0.333192443359375 0.7087234166666666 0.674764333984375 0.5983655416666667 0.6730707265625 0.5651039348958333 0.328000818359375 0.676284125
0 0.322963375 0.6450108333333333 0.3288753125 0.6760785286458333 0.670293025390625 0.5645548072916667 0.668187447265625 0.5349964921875 0.322963375 0.6450108333333333
0 0.309135130859375 0.5677187604166667 0.3201351015625 0.6372608046875 0.66844523046875 0.5301272786458333 0.661579943359375 0.46549783333333333 0.309135130859375 0.5677187604166667
0 0.66125161328125 0.4620946953125 0.65539500390625 0.39735413802083336 0.293924119140625 0.4897926953125 0.306049080078125 0.5648378619791666 0.66125161328125 0.4620946953125
0 0.284870662109375 0.4387842890625 0.294432388671875 0.4906323671875 0.65626952734375 0.39714853385416665 0.65157951953125 0.3448871432291667 0.284870662109375 0.4387842890625
0 0.64876512890625 0.3472209583333334 0.645324880859375 0.2939337083333333 0.27537964453125 0.3870567760416667 0.284716462890625 0.4376182890625 0.64876512890625 0.3472209583333334
0 0.261993841796875 0.32034272395833335 0.272943193359375 0.38268371614583335 0.645633255859375 0.29626554947916667 0.63951896875 0.23639409895833333 0.261993841796875 0.32034272395833335
0 0.248936501953125 0.24888011197916668 0.260090640625 0.31958791927083335 0.63792409765625 0.23797115104166666 0.632533353515625 0.17087198958333336 0.248936501953125 0.24888011197916668
0 0.63361177734375 0.16445255729166666 0.628217720703125 0.10320968489583333 0.235570787109375 0.1750856536458333 0.247291080078125 0.24325617447916667 0.63361177734375 0.16445255729166666
0 0.633105755859375 0.09244344010416666 0.63048703125 0.05218637760416667 0.226473611328125 0.12222116927083333 0.234387935546875 0.17295955989583334 0.633105755859375 0.09244344010416666
0 0.57418105078125 0 0.2273207265625 0.056394312499999995 0.216627525390625 0.058908312500000004 0.2248791796875 0.10787537760416667 0.6284826640625 0.03702993489583333 0.62295861328125 0 0.57418105078125 0