0 0.46555626171875 0 0.258132765625 0.07608120052083334 0.265762275390625 0.122728421875 0.602625140625 0 0.46555626171875 0
0 0.63300761328125 0 0.266538486328125 0.12805276822916667 0.270839990234375 0.16893189322916666 0.6858895859375 0.030419015625 0.68252628125 0 0.63300761328125 0
0 0.273679630859375 0.17703676822916667 0.2798893203125 0.21963154947916666 0.69458315234375 0.09005171093749999 0.687138779296875 0.044674398437500006 0.273679630859375 0.17703676822916667
0 0.28734094921875 0.2707452890625 0.289692220703125 0.28118694270833333 0.666972697265625 0.1679342890625 0.657356853515625 0.10766201041666668 0.282418474609375 0.22560668489583333 0.282240591796875 0.23007320312500001 0.28734094921875 0.2707452890625
0 0.2868073046875 0.28414484635416665 0.29379320703125 0.33206397656250003 0.71307962109375 0.21123979947916668 0.7072373359375 0.16547851562500002 0.2868073046875 0.28414484635416665
0 0.3055495703125 0.3842722473958333 0.68087658203125 0.28036671614583336 0.6782827421875 0.25120115625 0.6739133203125 0.22691619791666665 0.2952130234375 0.3361164140625 0.299249322265625 0.3638030208333333 0.3055495703125 0.3842722473958333
0 0.6898806328125 0.34212915104166663 0.6823121640625 0.2902139505208333 0.301555318359375 0.38530745312500003 0.308385978515625 0.4321617161458333 0.310915130859375 0.4381368489583333 0.6898806328125 0.34212915104166663
0 0.311380859375 0.44133145833333337 0.316170728515625 0.4798738046875 0.73441249609375 0.3803173541666667 0.730266234375 0.3405030989583333 0.311380859375 0.44133145833333337
0 0.315992849609375 0.4843403229166667 0.32078271875 0.5228826692708334 0.741087912109375 0.42610674479166666 0.737096892578125 0.3873573567708333 0.315992849609375 0.4843403229166667
0 0.32380023828125 0.5265210234375001 0.32916580078125 0.580385625 0.710770421875 0.5024807083333334 0.70276433203125 0.4418770130208333 0.32380023828125 0.5265210234375001
0 0.337390984375 0.642492171875 0.719461330078125 0.5677818619791667 0.7162238828125 0.5398882109375 0.711437607421875 0.5070572057291667 0.331071330078125 0.5877697421875 0.333975654296875 0.6190650416666666 0.337390984375 0.642492171875
0 0.328047349609375 0.6637005703125 0.332549373046875 0.6945817838541667 0.753895986328125 0.6163227239583333 0.74880215234375 0.5813820520833334 0.328047349609375 0.6637005703125
0 0.3336360703125 0.7020358723958333 0.33764973046875 0.7352538697916667 0.7596173125 0.6612542864583334 0.754214533203125 0.6241944401041667 0.3336360703125 0.7020358723958333
0 0.357776228515625 0.7311427135416667 0.363077103515625 0.7618168880208334 0.730722869140625 0.7018960963541666 0.72719757421875 0.6663413177083334 0.357776228515625 0.7311427135416667
0 0.36243349609375 0.7630887994791666 0.37039612890625 0.8063343697916667 0.737708771484375 0.7498152265625001 0.732020763671875 0.7051122109375 0.36243349609375 0.7630887994791666
0 0.373235767578125 0.8144392447916666 0.377605189453125 0.838724203125 0.707882875 0.7840678177083333 0.70434727734375 0.7598157213541666 0.373235767578125 0.8144392447916666
0 0.3753186015625 0.8514729739583333 0.380331634765625 0.8744860208333334 0.711540771484375 0.8262188541666666 0.7104032265625 0.8013559348958333 0.3753186015625 0.8514729739583333
0 0.3745165234375 0.8914646067708333 0.38496303125 0.9517480885416667 0.81225412890625 0.9028912942708334 0.80475365234375 0.834382453125 0.3745165234375 0.8914646067708333
0 0.536108392578125 1 0.816328451171875 0.9273743177083333 0.8146467265625 0.9136164296875 0.3866933359375 0.9579302656249999 0.393365126953125 1 0.536108392578125 1