0 0.17530119921875 0.8152096067708333 0.196338923828125 0.8122614010416668 0.136243888671875 0.4442720807291667 0.114493416015625 0.44732016927083335 0.17530119921875 0.8152096067708333
0 0.195359650390625 0.8102165442708333 0.21592849609375 0.8116982317708333 0.15728161328125 0.441323875 0.137794259765625 0.44187272135416666 0.195359650390625 0.8102165442708333
0 0.2226568359375 0.8140284661458334 0.24118206640625 0.8103413151041666 0.261410650390625 0.8075065026041667 0.276784373046875 0.8053520442708333 0.297268154296875 0.8057546067708333 0.307701951171875 0.8032013776041667 0.239782931640625 0.3152023619791667 0.149882958984375 0.32670980729166665 0.2226568359375 0.8140284661458334
0 0.321712583984375 0.8045110807291667 0.34177103515625 0.7995180182291667 0.357953900390625 0.7972501692708334 0.37754347265625 0.7966869973958333 0.394620546875 0.7953848802083333 0.408375982421875 0.7934572083333333 0.353787072265625 0.298134890625 0.257718212890625 0.3126889296875 0.321712583984375 0.8045110807291667
0 0.4121678828125 0.34341473437500003 0.3677403515625 0.3485497161458333 0.413954919921875 0.7915843333333333 0.434992646484375 0.7886361276041667 0.455391359375 0.7879595651041668 0.4121678828125 0.34341473437500003
0 0.469401994140625 0.7892692682291668 0.4880122890625 0.7866612395833333 0.49853115234375 0.7851871380208334 0.460801546875 0.3376903098958333 0.441211978515625 0.3382534765625 0.415491646484375 0.34185789843750003 0.458159052734375 0.791935890625 0.469401994140625 0.7892692682291668
0 0.49623372265625 0.33054278645833335 0.464946697265625 0.3360183645833333 0.50168266015625 0.7836544453125001 0.5276603125 0.7811050078125 0.531620962890625 0.779458921875 0.49623372265625 0.33054278645833335
0 0.53528286328125 0.7844009765625 0.562793736328125 0.7805456302083332 0.53017623046875 0.31487565624999997 0.50124080078125 0.3189306380208333 0.53528286328125 0.7844009765625
0 0.58706803515625 0.7771438567708334 0.592476841796875 0.7731127317708334 0.56577853515625 0.30988638541666663 0.532805216796875 0.314507234375 0.565945244140625 0.7790129348958333 0.57258851953125 0.7802640468750001 0.58706803515625 0.7771438567708334
0 0.61249173828125 0.7779451901041666 0.631016970703125 0.7742580364583334 0.65213976171875 0.7723889557291667 0.665171119140625 0.7716537994791667 0.6449064921875 0.27588550260416667 0.566715041015625 0.2879342161458333 0.595244533203125 0.7770890572916667 0.61249173828125 0.7779451901041666
0 0.67496590625 0.7713722161458333 0.707246572265625 0.7657573880208334 0.68863969921875 0.3013971171875 0.65667615625 0.308058546875 0.67496590625 0.7713722161458333
0 0.720618193359375 0.7693387369791668 0.75217478125 0.7649164296875001 0.74097881640625 0.2907892265625 0.70319278125 0.29608452343749997 0.720618193359375 0.7693387369791668
0 0.7560503671875 0.7621912135416666 0.79173773828125 0.7582810703125 0.78475762109375 0.2857451588541667 0.748601109375 0.29081209375 0.7560503671875 0.7621912135416666
0 0.806678505859375 0.30340306510416665 0.787447177734375 0.306098125 0.7927536015625 0.7286804557291666 0.806509037109375 0.7267527838541666 0.8113638984375 0.7260724296875 0.806678505859375 0.30340306510416665
0 0.845602451171875 0.2990393515625 0.80938453125 0.3041148932291667 0.812982185546875 0.7258456432291666 0.8382357578125 0.7244887265625 0.845177787109375 0.7191516927083333 0.845602451171875 0.2990393515625