0 0.14771988671875 0.9939725703125001 0.173880560546875 0.9859196796875 0.1035067734375 0.4396407135416667 0.0785654609375 0.44509103125 0.14771988671875 0.9939725703125001
0 0.176685421875 0.9828290546875 0.20144366796875 0.9763214739583334 0.13143601171875 0.43215702864583333 0.108825806640625 0.43577616406249997 0.176685421875 0.9828290546875
0 0.209858248046875 0.9670495963541667 0.232055185546875 0.9602168411458334 0.163268501953125 0.42792627083333334 0.143044798828125 0.43081078385416666 0.209858248046875 0.9670495963541667
0 0.234129392578125 0.9673736276041667 0.262119115234375 0.9554168802083334 0.18241058984375 0.3696941458333333 0.15859517578125 0.37591149479166663 0.234129392578125 0.9673736276041667
0 0.264923974609375 0.9523262552083334 0.29010883984375 0.9434601302083333 0.210279341796875 0.36668352343750005 0.185494603515625 0.37208564322916665 0.264923974609375 0.9523262552083334
0 0.292243533203125 0.9461438541666666 0.315659833984375 0.9367085260416667 0.23790454296875 0.367088703125 0.214122109375 0.37440951302083336 0.292243533203125 0.9461438541666666
0 0.317245330078125 0.9362204713541668 0.36224888671875 0.9212536744791667 0.282541970703125 0.35000738802083337 0.24033015234375 0.3607739869791667 0.317245330078125 0.9362204713541668
0 0.366518271484375 0.9266211197916667 0.408777455078125 0.9102718854166666 0.330656033203125 0.338537546875 0.288091203125 0.34829920052083335 0.366518271484375 0.9266211197916667
0 0.410179884765625 0.9087265703125 0.45280519921875 0.8944918567708333 0.372854732421875 0.326661375 0.33266814453125 0.3356909479166667 0.410179884765625 0.9087265703125
0 0.455809908203125 0.8969077682291666 0.506911896484375 0.8834045572916667 0.427571111328125 0.31427279166666666 0.377998046875 0.32619175 0.455809908203125 0.8969077682291666
0 0.51685309765625 0.8925941380208333 0.557039681640625 0.8835645651041667 0.468179482421875 0.2594553229166667 0.43055420703125 0.26881007291666664 0.51685309765625 0.8925941380208333
0 0.560027609375 0.8815312005208332 0.6012504921875 0.868841796875 0.5079999375 0.24831123177083333 0.4715017421875 0.2584326510416667 0.560027609375 0.8815312005208332
0 0.605214232421875 0.8676216614583333 0.64265644140625 0.8572096510416666 0.55202768359375 0.232531203125 0.517736263671875 0.24085970833333334 0.605214232421875 0.8676216614583333
0 0.649791171875 0.8550134088541667 0.68369626171875 0.8434629895833333 0.593799763671875 0.223013578125 0.560921392578125 0.22979350260416667 0.649791171875 0.8550134088541667
0 0.683451099609375 0.83240234375 0.69912298828125 0.8264645442708334 0.61947816796875 0.26522164583333335 0.602829140625 0.2692330078125 0.683451099609375 0.83240234375
0 0.701501234375 0.8257324609375 0.7213804140625 0.8151587239583334 0.64301705078125 0.261316640625 0.6230188828125 0.26524533854166665 0.701501234375 0.8257324609375
0 0.72217316015625 0.8149146979166666 0.740040228515625 0.8071875572916666 0.667655935546875 0.278231640625 0.648455826171875 0.28191467708333334 0.72217316015625 0.8149146979166666
0 0.746748341796875 0.8073498619791667 0.76540815625 0.7993786927083333 0.6939996796875 0.2712360078125 0.674013111328125 0.27516113802083336 0.746748341796875 0.8073498619791667
0 0.77211626953125 0.7995409973958334 0.797667263671875 0.792789390625 0.719913583984375 0.2376460234375 0.696579646484375 0.24148794270833332 0.77211626953125 0.7995409973958334
0 0.748025888671875 0.23121959635416667 0.724487005859375 0.2351246015625 0.80126487109375 0.7894547395833333 0.810960912109375 0.7875836744791668 0.826023119140625 0.7829471614583333 0.748025888671875 0.23121959635416667
0 0.87694204296875 0.7683866927083334 0.881759013671875 0.76244946875 0.8086456796875 0.2582174140625 0.761970275390625 0.2670171796875 0.835353025390625 0.778961578125 0.849378935546875 0.7779848958333333 0.87694204296875 0.7683866927083334