0 0.647369037109375 1 0.257987654296875 0.832163515625 0.237475599609375 0.9158301927083333 0.443955873046875 1 0.647369037109375 1
0 0.687287521484375 1 0.7096498046875 0.8912448645833333 0.2872034296875 0.7128486718749999 0.259285650390625 0.8265027786458333 0.664676814453125 1 0.687287521484375 1
0 0.3431443828125 0.6106179557291667 0.3177037734375 0.7215679296875 0.706182634765625 0.8861176588541667 0.7318828515625 0.7740355052083333 0.3431443828125 0.6106179557291667
0 0.740638822265625 0.7318000807291667 0.744581201171875 0.7024579791666666 0.350558388671875 0.5418381614583333 0.3360463125 0.602867859375 0.731931259765625 0.7616755364583333 0.73622566015625 0.7510464869791668 0.740638822265625 0.7318000807291667
0 0.752813439453125 0.7070517760416667 0.770136150390625 0.6274556328124999 0.366079349609375 0.4585291067708333 0.3468316640625 0.5378430703125 0.752813439453125 0.7070517760416667
0 0.386431365234375 0.3732424921875 0.366041919921875 0.45406451822916666 0.77254290625 0.6210088723958334 0.789298580078125 0.5411864453125 0.386431365234375 0.3732424921875
0 0.790503615234375 0.5305311848958333 0.80173669921875 0.4855916015625 0.395825306640625 0.3201255130208333 0.384262193359375 0.3624545546875 0.790503615234375 0.5305311848958333
0 0.406728447265625 0.27257542447916666 0.3971233203125 0.31446470052083336 0.803624302734375 0.4814092161458334 0.8132294296875 0.43951994270833333 0.406728447265625 0.27257542447916666
0 0.811201060546875 0.4362170885416667 0.818918642578125 0.3985102213541667 0.43815283984375 0.24081849479166664 0.428807302734375 0.28157566927083333 0.811201060546875 0.4362170885416667
0 0.82840494921875 0.36523828124999996 0.827274166015625 0.34992178385416667 0.447131224609375 0.18521416145833333 0.43775244921875 0.23446551041666666 0.818258662109375 0.3932893359375 0.8247705703125 0.3810883098958333 0.82840494921875 0.36523828124999996
0 0.83918926953125 0.32630553385416666 0.84249361328125 0.30784512760416666 0.84541960546875 0.2991341848958333 0.84754479296875 0.27771709895833335 0.464209455078125 0.10288446354166668 0.461802705078125 0.10933105989583335 0.456799927734375 0.12709928385416666 0.452905958984375 0.1440814140625 0.447454388671875 0.16785645833333332 0.44518840625 0.18178829427083332 0.830270546875 0.344953296875 0.834375697265625 0.3391990364583333 0.83918926953125 0.32630553385416666
0 0.471947583984375 0.05917254166666667 0.46465828515625 0.09687748697916666 0.851909564453125 0.2708305833333333 0.858280703125 0.2511443203125 0.859178326171875 0.23913052604166665 0.471947583984375 0.05917254166666667
0 0.479995640625 0.0107133046875 0.46878989453125 0.0626606796875 0.46600469921875 0.07885686979166666 0.467043087890625 0.07432831250000001 0.46834106640625 0.06866765364583334 0.471856625 0.061434963541666665 0.848068484375 0.2308877734375 0.85177327734375 0.21878037239583334 0.8544880546875 0.19884171614583335 0.855244853515625 0.17934265885416667 0.479995640625 0.0107133046875