0 0.24356551953125 0.9650042864583334 0.25287022265625 0.9575505182291667 0.097437076171875 0.41450163802083334 0.07659306640625 0.42353180989583333 0.077047978515625 0.4256165520833333 0.2335063828125 0.9693621692708333 0.24356551953125 0.9650042864583334
0 0.256255509765625 0.9503793749999999 0.264747744140625 0.9501230442708333 0.27353014453125 0.9440364583333333 0.11805830859375 0.4078497994791667 0.1126418515625 0.4101963515625 0.1012866328125 0.4162566380208333 0.099216771484375 0.418294265625 0.256255509765625 0.9503793749999999
0 0.1818758203125 0.4520796796875 0.1774846171875 0.4551229713541667 0.1607129375 0.4635298125 0.148142654296875 0.4678346796875 0.276238369140625 0.9200449947916667 0.306938083984375 0.9056041614583333 0.1818758203125 0.4520796796875
0 0.311058462890625 0.904960015625 0.34123587890625 0.8918863671875 0.2123240546875 0.4366068828125 0.18221694921875 0.44965007291666664 0.311058462890625 0.904960015625
0 0.347174638671875 0.8881726276041667 0.3652423984375 0.8780633828125 0.239657830078125 0.4259060833333333 0.221167015625 0.4339167890625 0.347174638671875 0.8881726276041667
0 0.37040737890625 0.8746848671874999 0.386927580078125 0.8652460651041666 0.264147962890625 0.41757813281249995 0.244889125 0.4259215677083333 0.37040737890625 0.8746848671874999
0 0.393040431640625 0.8306523489583334 0.404124828125 0.8269912057291666 0.409309154296875 0.8201815833333334 0.30600946875 0.4770244791666667 0.299296927734375 0.48107343750000003 0.289078689453125 0.4843593385416667 0.287941708984375 0.4871337265625 0.393040431640625 0.8306523489583334
0 0.438229193359375 0.8932208776041667 0.475119146484375 0.8760982708333334 0.286722958984375 0.24692980729166666 0.2774376015625 0.25095246875 0.25552028515625 0.25930671875 0.24375640625 0.2632622291666667 0.242617505859375 0.26603744791666667 0.438229193359375 0.8932208776041667
0 0.37363780859375 0.34732606770833335 0.35998059375 0.35096091145833336 0.346052556640625 0.3569949036458333 0.339701912109375 0.3620279895833333 0.339320671875 0.36447496875 0.482721529296875 0.8511274375000001 0.48811864453125 0.8522119947916668 0.4958564453125 0.8488597760416666 0.504116544921875 0.8441403749999999 0.5110805625 0.8411233776041667 0.5167871875 0.8329465703125 0.38007952734375 0.3456762552083333 0.37363780859375 0.34732606770833335
0 0.448442994140625 0.4050503489583333 0.41065086328125 0.42142289322916665 0.5206947734375 0.8244082447916666 0.54441112890625 0.816415515625 0.555263390625 0.8082913020833334 0.448442994140625 0.4050503489583333
0 0.4634156171875 0.305009234375 0.447166240234375 0.312048890625 0.4346489609375 0.3197535234375 0.56505170703125 0.8063325677083334 0.57561380078125 0.804038609375 0.5861758984375 0.8017446510416667 0.5946874765625 0.7980572109374999 0.60656499609375 0.7906297395833333 0.6125231015625 0.7834848932291667 0.49434746875 0.2950314713541667 0.47991647265625 0.29900154166666665 0.4634156171875 0.305009234375
0 0.5471192578125 0.29042390104166665 0.5031637578125 0.309466578125 0.501969203125 0.31226590885416666 0.613877212890625 0.7714891614583334 0.656705927734375 0.7506528177083333 0.5471192578125 0.29042390104166665
0 0.598962509765625 0.26796404166666665 0.552446470703125 0.2869751015625 0.5507366796875 0.287715828125 0.659027267578125 0.7496471510416667 0.703635677734375 0.7326034375 0.598962509765625 0.26796404166666665
0 0.590954673828125 0.21324686197916667 0.5930817734375 0.21574807552083333 0.709883947265625 0.7196283359375001 0.7207168671875 0.7149352317708333 0.734896380859375 0.709933203125 0.748843763671875 0.7004681015625001 0.645969625 0.19055384635416664 0.640030865234375 0.19426758333333335 0.617088291015625 0.20192509114583335 0.590954673828125 0.21324686197916667
0 0.759676681640625 0.6957749973958333 0.79370365234375 0.6844563489583333 0.7315496796875 0.16260559895833335 0.6948988359375 0.17277915624999998 0.759676681640625 0.6957749973958333
0 0.800687013671875 0.6780082447916667 0.817942306640625 0.6750964375 0.8308450859375 0.668365703125 0.775113486328125 0.14829625 0.76869111328125 0.14651495312499999 0.740563169921875 0.15299616927083334 0.74240194140625 0.15448138541666667 0.800687013671875 0.6780082447916667
0 0.810320474609375 0.15586184895833333 0.7778090078125 0.16538303125 0.778092544921875 0.167542015625 0.836280888671875 0.6625880416666666 0.864117619140625 0.6539511692708333 0.810320474609375 0.15586184895833333