0 0.073081447265625 0.9811900156250001 0.08223721875 0.9831800755208334 0.096162787109375 0.9834106510416666 0.110727365234375 0.9813695859374999 0.122779451171875 0.9785895729166666 0.136364755859375 0.9745036510416667 0.100999982421875 0.2975556875 0.03604791015625 0.3033848671875 0.073081447265625 0.9811900156250001
0 0.168329009765625 0.29030236197916665 0.10914406640625 0.2964143854166667 0.15084426953125 0.9713834583333334 0.164130826171875 0.9738856796875001 0.1819319765625 0.9713910442708333 0.200542275390625 0.968783015625 0.21395744921875 0.9625388411458333 0.172323 0.3824815833333333 0.171219193359375 0.34772278906250004 0.169690056640625 0.3075683645833333 0.168329009765625 0.29030236197916665
0 0.225625716796875 0.9652678489583333 0.231629982421875 0.9687906041666667 0.29159165234375 0.9614786796875 0.297085525390625 0.9585266822916667 0.249616943359375 0.377104921875 0.249069125 0.31826519010416665 0.246772357421875 0.2891288072916667 0.17708520703125 0.29671259895833335 0.225625716796875 0.9652678489583333
0 0.320125353515625 0.9498426744791666 0.3580700234375 0.9434340989583333 0.30217383203125 0.3173694296875 0.2642342734375 0.32268623958333337 0.320125353515625 0.9498426744791666
0 0.365947771484375 0.9499674453125001 0.453719064453125 0.9322120312500001 0.396119521484375 0.3052950208333333 0.3085780625 0.31428985416666666 0.365947771484375 0.9499674453125001
0 0.463854111328125 0.9362469505208333 0.54596140234375 0.9192852864583334 0.4863597578125 0.29810408072916666 0.40374207421875 0.30859098958333336 0.463854111328125 0.9362469505208333
0 0.554988556640625 0.9300217395833333 0.59340210546875 0.9191832708333334 0.5221383203125 0.23308255989583335 0.4826604296875 0.24079704427083334 0.554988556640625 0.9300217395833333
0 0.545773607421875 0.23195242708333333 0.52635416796875 0.23467384895833332 0.59804328125 0.9261701875 0.636456833984375 0.9153317213541667 0.5603381875 0.22991136197916665 0.545773607421875 0.23195242708333333
0 0.642716294921875 0.9220918489583334 0.67078111328125 0.914885734375 0.59674963671875 0.22480869791666666 0.5676204765625 0.22889082812499997 0.642716294921875 0.9220918489583334
0 0.675976236328125 0.9185218802083334 0.7054892109375 0.9089307317708334 0.6309888515625 0.22328358854166666 0.6027588359375 0.22614866927083332 0.675976236328125 0.9185218802083334
0 0.710854462890625 0.9147251302083333 0.764896935546875 0.9049695781249999 0.689971248046875 0.2139268125 0.640883068359375 0.22189702343749998 0.710854462890625 0.9147251302083333
0 0.799733650390625 0.8902681796874999 0.813148826171875 0.8840240052083334 0.7377066171875 0.24869698437499999 0.69898081640625 0.2530329322916667 0.766643841796875 0.8959963984375 0.780484341796875 0.8951478515625001 0.799733650390625 0.8902681796874999
0 0.815107373046875 0.8881137213541667 0.819408287109375 0.8907841354166667 0.830097279296875 0.8914682838541667 0.839807001953125 0.8901075729166666 0.853477373046875 0.8871007760416667 0.86535932421875 0.8821625104166667 0.7913652734375 0.244450453125 0.747711587890625 0.2483859453125 0.815107373046875 0.8881137213541667
0 0.87591969921875 0.8915930546875 0.902366232421875 0.8846137265624999 0.822840880859375 0.1974886875 0.8009089453125 0.19947115885416666 0.87591969921875 0.8915930546875
0 0.909179640625 0.8880230859374999 0.93473196484375 0.8800780260416667 0.854482537109375 0.19414550520833332 0.829314029296875 0.19658154687499999 0.909179640625 0.8880230859374999
0 0.96931144140625 0.8828694140625001 0.982811681640625 0.8777043671875 0.9000933125 0.18120738020833335 0.863921748046875 0.18627642708333333 0.94414293359375 0.8853054583333333 0.9507862109375 0.8865565677083334 0.96931144140625 0.8828694140625001