0 0.509852419921875 1 0.7402150390625 0.9249244010416667 0.76667295703125 0.9141390729166666 0.753578337890625 0.8504906458333333 0.327664767578125 0.9941929895833334 0.328632892578125 1 0.509852419921875 1
0 0.32183838671875 0.9181635234375 0.335723986328125 0.988844453125 0.75314567578125 0.8486037447916667 0.737089876953125 0.7778276119791667 0.32183838671875 0.9181635234375
0 0.731395185546875 0.7604961666666666 0.719122904296875 0.7036005416666667 0.298694611328125 0.8543515442708333 0.30656326171875 0.9089157291666666 0.731395185546875 0.7604961666666666
0 0.71782491796875 0.6979398463541666 0.705336361328125 0.6401007838541667 0.286481021484375 0.7943371250000001 0.294624677734375 0.8467259348958334 0.71782491796875 0.6979398463541666
0 0.68836347265625 0.5593304088541667 0.669230978515625 0.5062628880208333 0.272496431640625 0.7164751380208334 0.28227171875 0.7692304296875 0.68836347265625 0.5593304088541667
0 0.671155943359375 0.49103530208333335 0.654520431640625 0.44210818749999997 0.264528787109375 0.6547298958333333 0.27480405859375 0.7064397890624999 0.671155943359375 0.49103530208333335
0 0.659099986328125 0.4350830963541667 0.635640884765625 0.3631466458333333 0.23100480859375 0.582769625 0.244963240234375 0.6505252395833333 0.659099986328125 0.4350830963541667
0 0.63935516015625 0.3523477369791667 0.620515998046875 0.28368615104166667 0.214955900390625 0.5026541953125 0.227209853515625 0.5729685833333333 0.63935516015625 0.3523477369791667
0 0.22963324609375 0.4316779296875 0.234473263671875 0.47303382031249996 0.623896595703125 0.2781815416666667 0.592865869140625 0.17322419791666666 0.218559990234375 0.37326200260416664 0.222178958984375 0.3924194635416667 0.22379230078125 0.4062047604166667 0.22963324609375 0.4316779296875
0 0.19173484375 0.2562738723958333 0.201077453125 0.307142203125 0.204480087890625 0.32535625 0.207503888671875 0.34242047395833336 0.59652146875 0.16554414583333335 0.576186298828125 0.07685969270833333 0.19173484375 0.2562738723958333
0 0.529851615234375 0 0.140321439453125 0.17716310416666667 0.14730273046875 0.20423476302083332 0.151904357421875 0.22092845052083332 0.15935863671875 0.260186921875 0.573865279296875 0.06336287760416666 0.558684216796875 0 0.529851615234375 0