0 0.542725853515625 1 0.59526598046875 0.983826875 0.8204962734375 0.8836294140625 0.807380109375 0.8175267786458332 0.46763516015625 0.9633019114583333 0.473564482421875 1 0.542725853515625 1
0 0.807257951171875 0.8119977057291666 0.793897904296875 0.7493101458333333 0.45348173828125 0.8863852161458333 0.466344787109375 0.9558496223958333 0.807257951171875 0.8119977057291666
0 0.789444986328125 0.7428875182291667 0.777731689453125 0.6752397057291667 0.44164585546875 0.798735109375 0.4548106328125 0.8747656614583333 0.789444986328125 0.7428875182291667
0 0.771570724609375 0.6637761796875 0.7608946875 0.6069424270833333 0.429993423828125 0.7266152239583333 0.44053151171875 0.7922994453125001 0.771570724609375 0.6637761796875
0 0.761565474609375 0.601169265625 0.75296309375 0.5370171822916666 0.417791931640625 0.6513243489583334 0.429242125 0.7222762500000001 0.761565474609375 0.601169265625
0 0.7502177890625 0.5211622291666667 0.742530939453125 0.4767683515625 0.36935973828125 0.6127928671875 0.377573255859375 0.6602283958333334 0.7502177890625 0.5211622291666667
0 0.73966348046875 0.4553843229166667 0.7277680234375 0.41562596354166664 0.358012484375 0.5472590494791666 0.3664314140625 0.5958809140625 0.73966348046875 0.4553843229166667
0 0.717520609375 0.41432702604166666 0.717154138671875 0.3977398072916667 0.714164951171875 0.38529993229166665 0.70952901171875 0.3778203046875 0.390827091796875 0.500417859375 0.393877140625 0.5083856614583333 0.396073384765625 0.521069625 0.3976931328125 0.5304241640625 0.717520609375 0.41432702604166666
0 0.714347541015625 0.3718837057291667 0.712334318359375 0.36025673697916666 0.709162111328125 0.3467598619791667 0.707148888671875 0.3351328984375 0.385885115234375 0.45740571614583336 0.388569125 0.4632595208333334 0.39174133203125 0.47675639583333335 0.394457615234375 0.49244374218750003 0.714347541015625 0.3718837057291667
0 0.71471229296875 0.3305780260416667 0.704219705078125 0.28927449739583333 0.334525029296875 0.41643550520833333 0.34300482421875 0.46058529427083333 0.71471229296875 0.3305780260416667
0 0.704463587890625 0.28585941666666664 0.695129986328125 0.24642579427083333 0.32689904296875 0.36756955468749997 0.3365048515625 0.41339883072916667 0.704463587890625 0.28585941666666664
0 0.696166814453125 0.24276662760416667 0.686223287109375 0.2046340859375 0.352942759765625 0.3105659192708333 0.362973384765625 0.3540250572916666 0.696166814453125 0.24276662760416667
0 0.687077095703125 0.19991792187500002 0.6782925546875 0.16365528906250001 0.34123032421875 0.2718645598958333 0.3511738515625 0.30999709895833333 0.687077095703125 0.19991792187500002
0 0.680305345703125 0.16080903385416667 0.670727859375 0.12479048697916667 0.335739287109375 0.22568142447916664 0.344057962890625 0.26407711979166665 0.680305345703125 0.16080903385416667
0 0.32811330078125 0.17681547395833333 0.336552271484375 0.22072949218750001 0.672130728515625 0.12324531510416666 0.667921263671875 0.0989343828125 0.664139130859375 0.08673859375 0.32811330078125 0.17681547395833333
0 0.281084408203125 0.15121204427083332 0.288892984375 0.18666176822916666 0.6624310859375 0.0816976953125 0.660295705078125 0.06454165625 0.656940478515625 0.04998778385416667 0.281084408203125 0.15121204427083332
0 0.63233120703125 0 0.276202865234375 0.08925459895833333 0.28140413671875 0.12411708072916666 0.65132814453125 0.027222026041666667 0.649802689453125 0.008764901041666667 0.647084537109375 0 0.63233120703125 0
0 0.470108759765625 0 0.412325712890625 0.013836218749999999 0.269329451171875 0.05785393489583333 0.274081509765625 0.08182671354166667 0.62116523828125 0 0.470108759765625 0