0 0.315284365234375 0.12066058333333333 0.31703996484375 0.18692664322916666 0.67338339453125 0.13482336979166668 0.671471384765625 0.060218484375 0.315284365234375 0.12066058333333333
0 0.677911046875 0.20931330208333332 0.675143599609375 0.13359831510416667 0.31700897265625 0.184559265625 0.313645994140625 0.2573771484375 0.677911046875 0.20931330208333332
0 0.3135459453125 0.25923516927083334 0.311750203125 0.32558395833333337 0.6813059140625 0.28919117708333336 0.677131671875 0.21761982552083334 0.3135459453125 0.25923516927083334
0 0.684302818359375 0.35835523177083334 0.680724998046875 0.28857939322916665 0.31173470703125 0.3244002317708333 0.311598064453125 0.39937351302083335 0.684302818359375 0.35835523177083334
0 0.31722766015625 0.40478798437499997 0.315354439453125 0.46521829427083333 0.66964723828125 0.44313175260416665 0.666778212890625 0.37652386718749997 0.31722766015625 0.40478798437499997
0 0.671223810546875 0.5125865104166667 0.669421693359375 0.44276934375 0.312690861328125 0.4652802838541667 0.308154060546875 0.5257725833333333 0.671223810546875 0.5125865104166667
0 0.30645583984375 0.5317323125 0.30416416796875 0.5602029895833334 0.723153166015625 0.5445314765625 0.722334552734375 0.51353103125 0.30645583984375 0.5317323125
0 0.72445941015625 0.5764704453125 0.724944361328125 0.545673796875 0.302372970703125 0.5590606692708333 0.303362888671875 0.5910005807291666 0.72445941015625 0.5764704453125
0 0.301903544921875 0.5910409635416667 0.30227544921875 0.6194494921875 0.72753550390625 0.6123833932291667 0.727184943359375 0.5811432109375 0.301903544921875 0.5910409635416667
0 0.728987060546875 0.6509603776041667 0.727649826171875 0.6166539479166667 0.29788265625 0.6231039140625 0.29929890234375 0.6536046848958333 0.728987060546875 0.6509603776041667
0 0.297382177734375 0.6527169140625 0.296943744140625 0.6870646640625 0.730493888671875 0.6891491614583334 0.729905919921875 0.6533071692708333 0.297382177734375 0.6527169140625
0 0.73271985546875 0.7325731822916667 0.731320634765625 0.6935319999999999 0.296086857421875 0.6894527864583333 0.297393130859375 0.7213917578125 0.73271985546875 0.7325731822916667
0 0.696514759765625 0.8162994869791667 0.69366983203125 0.7346660182291668 0.29390371484375 0.7262091614583334 0.29242003515625 0.7996203281250001 0.696514759765625 0.8162994869791667
0 0.29581427734375 0.8043121901041667 0.294359388671875 0.8967021354166667 0.697536646484375 0.9321405807291666 0.695704390625 0.8222385546875 0.29581427734375 0.8043121901041667
0 0.5032725703125 1 0.7054866328125 0.9952937864583333 0.70346898046875 0.9404632526041666 0.292676666015625 0.9038456744791666 0.28793219140625 1 0.5032725703125 1