0 0.210711037109375 0.10592001041666667 0.213805630859375 0.1305507890625 0.667038787109375 0.035371614583333336 0.663795736328125 0.009809572916666667 0.210711037109375 0.10592001041666667
0 0.21747731640625 0.14836380468750002 0.219338044921875 0.16003584895833334 0.670183146484375 0.06553346614583333 0.668364107421875 0.03846623958333333 0.66675023828125 0.038780497395833335 0.216074294921875 0.13434397395833333 0.21747731640625 0.14836380468750002
0 0.219218654296875 0.16450582552083334 0.220741068359375 0.1740556796875 0.22356696875 0.18656322395833333 0.67214340625 0.08826765885416667 0.67158616796875 0.07955329947916666 0.669748404296875 0.06802530208333334 0.667964248046875 0.06727135937499999 0.219218654296875 0.16450582552083334
0 0.226154091796875 0.20801071875 0.675695703125 0.11055065104166667 0.67480015234375 0.09971410416666666 0.672336365234375 0.0894780625 0.222940109375 0.18784991406249998 0.224462521484375 0.1973997682291667 0.226154091796875 0.20801071875
0 0.23055217578125 0.2355991875 0.233766158203125 0.25575998958333335 0.6804122421875 0.15579343229166667 0.67637233203125 0.11479503125 0.229218775390625 0.2115783020833333 0.22926854296875 0.21710937500000002 0.23055217578125 0.2355991875
0 0.23686075 0.28039077083333336 0.240074732421875 0.3005515729166667 0.684332763671875 0.2012618125 0.68125802734375 0.16109890885416667 0.653059064453125 0.16687266927083333 0.233935314453125 0.25682108333333337 0.23686075 0.28039077083333336
0 0.247348484375 0.34617865625 0.689457240234375 0.238625734375 0.6904422734375 0.22392910677083333 0.687685994140625 0.20142051302083333 0.63543731640625 0.21290113802083332 0.23915932421875 0.30524715104166666 0.242204150390625 0.324346859375 0.247348484375 0.34617865625
0 0.6950891875 0.2791729375 0.693317943359375 0.24196771875 0.24739825 0.3517097265625 0.249816216796875 0.3720961302083334 0.254622236328125 0.3918057369791667 0.6950891875 0.2791729375
0 0.25512970703125 0.3949890208333333 0.2560252578125 0.40582556770833333 0.701268322265625 0.2918391796875 0.699438908203125 0.2803635546875 0.25512970703125 0.3949890208333333
0 0.275010314453125 0.40488117968750004 0.2764133359375 0.41890101041666666 0.72382553125 0.29764565885416666 0.722961796875 0.2870086875 0.275010314453125 0.40488117968750004
0 0.257816361328125 0.42749866406250003 0.2657169765625 0.47183904947916666 0.7118256796875 0.34762601302083335 0.70509171875 0.3053849505208333 0.257816361328125 0.42749866406250003
0 0.267070232421875 0.4803278098958333 0.27497084375 0.5246681979166666 0.71733823828125 0.3926431953125 0.710571958984375 0.3501994010416667 0.267070232421875 0.4803278098958333
0 0.721870310546875 0.4158532682291667 0.718508455078125 0.39476489062500003 0.27390087890625 0.5283942630208334 0.2816821015625 0.5772046302083333 0.724795748046875 0.4394229557291667 0.721870310546875 0.4158532682291667
0 0.283035357421875 0.5856933854166667 0.29127428515625 0.6321559661458334 0.731780951171875 0.48845891927083335 0.725664748046875 0.4448740546875 0.283035357421875 0.5856933854166667
0 0.290358875 0.6368515416666667 0.296786841796875 0.6771731458333333 0.741731306640625 0.5300003203125 0.735835955078125 0.49301973177083336 0.290358875 0.6368515416666667
0 0.747870724609375 0.5737308098958334 0.74277311328125 0.5365354114583333 0.725064681640625 0.5402689661458333 0.297005765625 0.6837653177083333 0.303891435546875 0.7217391328125 0.747870724609375 0.5737308098958334
0 0.30461783203125 0.7315145885416667 0.316697603515625 0.7968512734375 0.7548360703125 0.6382988984375 0.753263890625 0.62321796875 0.749880751953125 0.6019960755208333 0.74606857421875 0.5833018020833333 0.745701591796875 0.5809997734375 0.30461783203125 0.7315145885416667
0 0.31662798046875 0.8068523255208334 0.323006177734375 0.8416428567708333 0.770527712890625 0.6793222057291667 0.7640614765625 0.6491983333333333 0.31662798046875 0.8068523255208334
0 0.3230559453125 0.8471739322916667 0.32950376953125 0.8719634114583333 0.77123425 0.70462978125 0.766259072265625 0.6838590807291666 0.3230559453125 0.8471739322916667
0 0.329772458984375 0.8840866536458334 0.335185484375 0.9180416927083334 0.77754282421875 0.7494213671875 0.773467373046875 0.7186378020833333 0.329772458984375 0.8840866536458334
0 0.781721984375 0.7704176666666666 0.777170478515625 0.7575234895833334 0.336488974609375 0.9209993776041667 0.3403795859375 0.9454045598958333 0.780856341796875 0.7806443151041668 0.781721984375 0.7704176666666666
0 0.402393646484375 1 0.810090349609375 0.8544277682291667 0.801851421875 0.8079651901041666 0.333921955078125 0.9727425260416668 0.338220505859375 0.9892688463541667 0.340589234375 1 0.402393646484375 1
0 0.53941408984375 1 0.76234434765625 0.9368196145833334 0.820070615234375 0.9170323671874999 0.817652650390625 0.8966459661458334 0.811493373046875 0.8684476015625 0.413834998046875 1 0.53941408984375 1