0 0.1979338046875 0.18621269010416666 0.169118537109375 0.17439684635416666 0.166950970703125 0.18150427604166666 0.045225392578125 0.7024184036458333 0.0758163984375 0.7137062838541667 0.1979338046875 0.18621269010416666
0 0.079171005859375 0.7137031927083334 0.1105514453125 0.7252535104166666 0.23030055078125 0.1969726067708333 0.200360517578125 0.18701941927083332 0.079171005859375 0.7137031927083334
0 0.11706378515625 0.7263001666666667 0.14962741015625 0.7360072447916667 0.260300927734375 0.21141900260416668 0.231947787109375 0.201993359375 0.11706378515625 0.7263001666666667
0 0.2776414765625 0.15455955208333333 0.267057609375 0.15327765625 0.265209353515625 0.15378151302083334 0.23153348046875 0.7688273177083333 0.244361283203125 0.7719734713541667 0.2776414765625 0.15455955208333333
0 0.287707228515625 0.15902407291666668 0.278899916015625 0.15274133072916665 0.2776414765625 0.15455955208333333 0.246532705078125 0.7738136197916666 0.25620277734375 0.7759100260416667 0.287707228515625 0.15902407291666668
0 0.30526199609375 0.1413758984375 0.292710990234375 0.14167662760416666 0.263110794921875 0.779324796875 0.26824307421875 0.7832675312499999 0.278503775390625 0.782205421875 0.29192220703125 0.7821930625000001 0.30297233984375 0.7813933880208334 0.3344690859375 0.14661227604166668 0.3289430546875 0.14477521614583333 0.3171015625 0.14083866145833332 0.30526199609375 0.1413758984375
0 0.373346248046875 0.15394505989583332 0.36387305078125 0.15079581510416668 0.349665185546875 0.1505457421875 0.339889712890625 0.15400573177083335 0.33822130078125 0.15345109114583333 0.310277966796875 0.7916500625 0.3094904609375 0.7958614140625001 0.320542521484375 0.79953553125 0.3286337265625 0.8011070651041666 0.33850067578125 0.8021506302083333 0.346788755859375 0.8026693255208334 0.3840045546875 0.15972485416666668 0.373346248046875 0.15394505989583332
0 0.352121763671875 0.8145068020833334 0.3949441640625 0.8186779791666666 0.440849501953125 0.19204168489583331 0.40128599609375 0.1800075859375 0.352121763671875 0.8145068020833334
0 0.4824925703125 0.20700368229166666 0.44669070703125 0.19733838020833336 0.445391150390625 0.1991429375 0.39731631640625 0.8284128697916667 0.439546158203125 0.8312687760416666 0.4824925703125 0.20700368229166666
0 0.443103421875 0.8436342135416667 0.472704267578125 0.8467649166666668 0.518613458984375 0.22907620052083333 0.48775564453125 0.21993620052083332 0.443103421875 0.8436342135416667
0 0.475273294921875 0.85544696875 0.5074393125 0.8583121406249999 0.55098020703125 0.2398361171875 0.521315923828125 0.23332946354166664 0.475273294921875 0.85544696875
0 0.55046244140625 0.8703780624999999 0.591438162109375 0.2521675625 0.586701564453125 0.2505929427083333 0.55842847265625 0.24566705989583335 0.556705041015625 0.24509412760416668 0.51119152734375 0.8651509557291667 0.55046244140625 0.8703780624999999
0 0.608805685546875 0.25794117708333336 0.59712027734375 0.25852966145833334 0.553427150390625 0.8814282291666666 0.58934345703125 0.8866584270833333 0.63110668359375 0.26423657552083335 0.608805685546875 0.25794117708333336
0 0.5926999921875 0.891129125 0.628616298828125 0.8963593229166666 0.664264791015625 0.27973271614583334 0.6595281953125 0.27815809375 0.64591095703125 0.27474950520833336 0.63443182421875 0.2742882734375 0.63268940234375 0.2737090286458333 0.5926999921875 0.891129125
0 0.683834564453125 0.35892711979166664 0.6686166953125 0.35610470572916664 0.66567953515625 0.35736485677083335 0.63572312109375 0.9031950468750001 0.653681275390625 0.9058101458333333 0.683834564453125 0.35892711979166664
0 0.657234685546875 0.9092280052083334 0.67519283984375 0.9118431041666667 0.702584076171875 0.3662784427083334 0.68638440234375 0.36424792708333337 0.657234685546875 0.9092280052083334
0 0.681510228515625 0.918416390625 0.71347937109375 0.9223344036458333 0.7461670078125 0.3036052083333333 0.71418219921875 0.2963271276041667 0.681510228515625 0.918416390625
0 0.782480921875 0.31567730989583337 0.7536636328125 0.30945222916666665 0.751299287109375 0.3075479453125 0.71841669921875 0.9318037656249999 0.750978396484375 0.9370370520833333 0.782480921875 0.31567730989583337
0 0.767162734375 0.9446539036458333 0.78847549609375 0.9472659140625 0.81662533984375 0.33038305208333335 0.78683016015625 0.324951171875 0.785049951171875 0.32435936197916665 0.7555181171875 0.9396645130208333 0.767162734375 0.9446539036458333
0 0.786898556640625 0.951214828125 0.804661759765625 0.9593565572916667 0.82262183984375 0.9664454427083333 0.915700130859375 0.36555578645833336 0.8967537421875 0.3592572994791667 0.88513787109375 0.35539575 0.883530259765625 0.35374303385416667 0.786898556640625 0.951214828125