0 0.746493240234375 0.89118578125 0.739360265625 0.8454497604166668 0.2316122890625 0.8904137135416667 0.231898451171875 0.9302829895833334 0.746493240234375 0.89118578125
0 0.479621619140625 0.9110194348958333 0.307773943359375 0.9277696145833333 0.6822159375 0.9525811432291666 0.681268203125 0.9184404140625001 0.479621619140625 0.9110194348958333
0 0.7419741328125 0.8440816588541667 0.7381094765625 0.7910042968750001 0.267023109375 0.8287344427083333 0.2703978515625 0.8817759843749999 0.7419741328125 0.8440816588541667
0 0.265189435546875 0.7718886692708334 0.267419962890625 0.8286366614583334 0.742036005859375 0.7551650338541666 0.73635134375 0.7010293932291667 0.265189435546875 0.7718886692708334
0 0.742094056640625 0.6887730937500001 0.73444998046875 0.6300323984375 0.26252548828125 0.7143081432291667 0.26523590625 0.7730709557291666 0.742094056640625 0.6887730937500001
0 0.228618755859375 0.6558944375 0.2318754609375 0.7161272447916667 0.74061086328125 0.6284164401041666 0.729831919921875 0.5616980911458334 0.228618755859375 0.6558944375
0 0.22933121484375 0.5835293411458333 0.232680857421875 0.6461265625 0.736002693359375 0.5564230546875 0.72702090625 0.4901816536458334 0.22933121484375 0.5835293411458333
0 0.17841351953125 0.5776032916666667 0.73841902734375 0.48216051822916667 0.735762572265625 0.4598217239583333 0.178626478515625 0.5603986510416666 0.17841351953125 0.5776032916666667
0 0.180101818359375 0.5300654114583333 0.1781385546875 0.5479851223958333 0.7380278671875 0.449586875 0.735295125 0.427017703125 0.180101818359375 0.5300654114583333
0 0.731824333984375 0.42749578125 0.7281881484375 0.4028545416666667 0.2673878203125 0.48970269531250005 0.266773048828125 0.5180816536458334 0.731824333984375 0.42749578125
0 0.729496990234375 0.39090806770833336 0.72642230859375 0.3579289322916666 0.272012541015625 0.45808664843749997 0.27186516015625 0.489273828125 0.729496990234375 0.39090806770833336
0 0.72483853125 0.3402571588541667 0.717190578125 0.304041234375 0.294859865234375 0.4173740364583333 0.29707421875 0.4519474036458333 0.72483853125 0.3402571588541667
0 0.720598240234375 0.3002465963541667 0.714816759765625 0.26627115364583337 0.2993312578125 0.38185709375000004 0.30184105078125 0.41486396875 0.720598240234375 0.3002465963541667
0 0.226244744140625 0.3466455703125 0.227967958984375 0.3678641223958334 0.733864908203125 0.23056069010416666 0.73066076171875 0.20959520833333334 0.226244744140625 0.3466455703125
0 0.732141662109375 0.209342140625 0.728552001953125 0.18588310416666667 0.226109185546875 0.3205741015625 0.2269921015625 0.343036828125 0.732141662109375 0.209342140625
0 0.719684259765625 0.18650275520833334 0.713016041015625 0.15258927604166667 0.228587482421875 0.29313453385416666 0.22960980859375 0.31914403645833334 0.719684259765625 0.18650275520833334
0 0.2742425703125 0.23304027604166666 0.275869 0.2744191067708333 0.717310501953125 0.14873266927083334 0.7077872109375 0.10036457291666667 0.2742425703125 0.23304027604166666
0 0.71339937890625 0.0944731796875 0.704725212890625 0.05477228125 0.290959521484375 0.18326678906250002 0.29386670703125 0.21795128906250003 0.71339937890625 0.0944731796875
0 0.563967005859375 0 0.272492171875 0.09801591666666666 0.276453619140625 0.13093308333333334 0.695967861328125 0 0.563967005859375 0