0 0.77957072265625 0.045153122395833335 0.781530095703125 0.0083038203125 0.779887423828125 0.007171955729166666 0.3103667421875 0.015929377604166666 0.309236359375 0.053929481770833336 0.77957072265625 0.045153122395833335
0 0.711245837890625 0.11075625 0.711350818359375 0.056602223958333336 0.7137905859375 0.056448742187500005 0.31181938671875 0.06471902083333333 0.313314630859375 0.11676257291666665 0.711245837890625 0.11075625
0 0.709415373046875 0.15745237239583335 0.708834650390625 0.11309298958333334 0.311786669921875 0.12439289583333334 0.313267712890625 0.17535180989583332 0.707887412109375 0.1650826953125 0.709415373046875 0.15745237239583335
0 0.30778495703125 0.19175389843750001 0.308466521484375 0.24381638541666664 0.74929548046875 0.21945223437500003 0.748572935546875 0.16425941145833334 0.30778495703125 0.19175389843750001
0 0.785036203125 0.27612360416666665 0.78635117578125 0.2522237578125 0.7852677109375 0.23163462499999998 0.783500166015625 0.2209639765625 0.301942896484375 0.24288324739583333 0.29803069921875 0.2549089192708333 0.29664473046875 0.27338559114583333 0.298556072265625 0.295040421875 0.299596939453125 0.3123756484375 0.302123169921875 0.3188266484375 0.784549109375 0.30108915364583333 0.784478111328125 0.2956659765625 0.785036203125 0.27612360416666665
0 0.818132783203125 0.3795100364583333 0.8205234453125 0.3134325052083333 0.2974114921875 0.331955890625 0.2962243125 0.36561745572916665 0.2981640546875 0.3894415572916667 0.818132783203125 0.3795100364583333
0 0.29742137109375 0.39488366666666663 0.297374453125 0.45347290364583337 0.814216265625 0.4533788489583333 0.816607166015625 0.38731961197916664 0.29742137109375 0.39488366666666663
0 0.81131221484375 0.5424136197916667 0.8144460703125 0.47093298437500003 0.812830294921875 0.4718555234375 0.294304333984375 0.4676489114583333 0.2976115234375 0.53375484375 0.81131221484375 0.5424136197916667
0 0.71689715234375 0.5424410520833333 0.322007669921875 0.5321020963541666 0.321350181640625 0.5440520208333334 0.322405248046875 0.5624718828125 0.32824298828125 0.5731856744791667 0.716580447265625 0.58042221875 0.7187516953125 0.5597573385416666 0.7185415546875 0.543705265625 0.71689715234375 0.5424410520833333
0 0.70665580078125 0.6305616197916667 0.707689767578125 0.5851967421875001 0.706087830078125 0.5871762109374999 0.317736169921875 0.5788550312499999 0.317518861328125 0.6244286484375 0.70665580078125 0.6305616197916667
0 0.31303437109375 0.6549120546875 0.31268926953125 0.690723953125 0.314529615234375 0.7069556067708334 0.724992578125 0.7256118359375 0.727636720703125 0.6788967760416668 0.72641444921875 0.6477045703125001 0.316019298828125 0.6342282369791666 0.31303437109375 0.6549120546875
0 0.3162563671875 0.7145101770833334 0.313285638671875 0.7362786302083334 0.314525296875 0.7687987473958334 0.31558036328125 0.787218609375 0.718734421875 0.8071299088541667 0.721812318359375 0.7313747526041667 0.723436216796875 0.7310728854166667 0.3162563671875 0.7145101770833334
0 0.316479236328125 0.793707484375 0.31650331640625 0.8577198958333333 0.729606103515625 0.8915042057291668 0.731142134765625 0.8223173333333333 0.316479236328125 0.793707484375
0 0.620843017578125 0.9146498411458334 0.6213159140625 0.8885996614583332 0.61968855859375 0.8886375364583333 0.317402189453125 0.8642087708333334 0.316872498046875 0.8859204114583333 0.620843017578125 0.9146498411458334
0 0.318599248046875 0.8934749817708334 0.3172984765625 0.9184594661458334 0.62202587890625 0.9428314218749999 0.62255963671875 0.9214303125000001 0.318599248046875 0.8934749817708334
0 0.621538783203125 0.9677969661458333 0.621301552734375 0.9496756927083333 0.622882154296875 0.9460663880208333 0.31895423046875 0.9205908619791666 0.318410337890625 0.9412178671875 0.621538783203125 0.9677969661458333
0 0.318509732421875 0.9488103125 0.319578998046875 0.9683148098958334 0.620280609375 0.9960353541666667 0.6208003359375 0.9735625234374999 0.318509732421875 0.9488103125
0 0.50327257421875 1 0.606241015625 0.9976035729166667 0.32140514453125 0.9834618281249999 0.32007371875 1 0.50327257421875 1