0 0.258307486328125 0.19510028125 0.253964638671875 0.191419984375 0.22416306640625 0.1803945390625 0.216343599609375 0.17779505729166667 0.081315822265625 0.6842224505208333 0.13164265234375 0.7020712552083334 0.258307486328125 0.19510028125
0 0.308045609375 0.220581390625 0.302913333984375 0.21663865625 0.26817828515625 0.20509142708333336 0.26412144140625 0.2048610703125 0.144864208984375 0.7031117343750001 0.189665005859375 0.7191234765625 0.308045609375 0.220581390625
0 0.206835654296875 0.7259499296874999 0.250847017578125 0.7416992395833333 0.368635064453125 0.24184187499999998 0.32748861328125 0.22480839583333334 0.206835654296875 0.7259499296874999
0 0.403767720703125 0.26023100520833337 0.37230481640625 0.24977155989583333 0.257951916015625 0.744061171875 0.299201228515625 0.7611288463541667 0.415808015625 0.2675885104166667 0.403767720703125 0.26023100520833337
0 0.496312830078125 0.2540929713541667 0.488812255859375 0.24936292708333332 0.463351599609375 0.2375439921875 0.429405984375 0.226259203125 0.304530380859375 0.7640187395833333 0.383276794921875 0.7913152760416667 0.496312830078125 0.2540929713541667
0 0.41090887109375 0.8049743619791667 0.48077271875 0.8259631354166667 0.576439306640625 0.2784934296875 0.512296439453125 0.2538150833333333 0.41090887109375 0.8049743619791667
0 0.483339822265625 0.8301713984375 0.498931603515625 0.8364729765625 0.585931767578125 0.3263805755208333 0.572708287109375 0.32086630729166665 0.483339822265625 0.8301713984375
0 0.5034693984375 0.8346266484374999 0.5168897578125 0.8390880755208333 0.59699153515625 0.34794985156249997 0.585318298828125 0.34406922916666666 0.5034693984375 0.8346266484374999
0 0.519850611328125 0.8411906640625001 0.532481537109375 0.8453896536458334 0.611398203125 0.3516208802083333 0.601307748046875 0.3482664348958333 0.519850611328125 0.8411906640625001
0 0.539389556640625 0.8488044244791667 0.579254955078125 0.8598205963541666 0.65756750390625 0.33789380468749997 0.624784873046875 0.32587734895833337 0.539389556640625 0.8488044244791667
0 0.5851766640625 0.8640257682291667 0.613003693359375 0.8721582265625 0.691908798828125 0.35154671093749995 0.66782069921875 0.3424206380208333 0.5851766640625 0.8640257682291667
0 0.618531650390625 0.8784690729166668 0.644187255859375 0.8847613802083334 0.72289355859375 0.3607289140625 0.69881309375 0.3516053802083334 0.618531650390625 0.8784690729166668
0 0.64596299609375 0.8842334140625 0.669053427734375 0.89079125 0.742830109375 0.375184578125 0.721712298828125 0.3670459427083333 0.64596299609375 0.8842334140625
0 0.673000591796875 0.8921034348958333 0.698063640625 0.8970804661458334 0.76927707421875 0.3862131119791667 0.7467878125 0.37761855208333334 0.673000591796875 0.8921034348958333
0 0.85193982421875 0.34324119270833336 0.805755109375 0.3211779453125 0.723726953125 0.9212679322916667 0.756290578125 0.9309750078125 0.7714866796875 0.9349084739583334 0.85193982421875 0.34324119270833336
0 0.78767101953125 0.9425253255208333 0.8350369921875 0.9582715442708333 0.909369623046875 0.35897814062500005 0.86144688671875 0.34304683333333336 0.78767101953125 0.9425253255208333