0 0.338324609375 0.22247527864583336 0.17195453125 0.2844405104166667 0.568894255859375 0.20327394270833332 0.56590323828125 0.17581327864583332 0.338324609375 0.22247527864583336
0 0.148530291015625 0.29365149739583335 0.150636380859375 0.31985298958333336 0.5762749375 0.23685641927083334 0.57316988671875 0.21197260937499998 0.148530291015625 0.29365149739583335
0 0.167492109375 0.35341960156249996 0.1700298203125 0.3786245833333333 0.585014220703125 0.2960651354166667 0.581480357421875 0.2721918098958333 0.167492109375 0.35341960156249996
0 0.174809994140625 0.4055553359375 0.17702105859375 0.41655774218749997 0.631042580078125 0.33015939843750003 0.62728358203125 0.3020215 0.175304412109375 0.38600556510416667 0.172988373046875 0.3902022473958333 0.174809994140625 0.4055553359375
0 0.18104296484375 0.43028244010416666 0.1814431875 0.43856255729166665 0.18215927734375 0.4484144453125 0.1846018515625 0.45428028125 0.5534744765625 0.3780872578125 0.551912720703125 0.35773869010416665 0.18159033984375 0.426717640625 0.18104296484375 0.43028244010416666
0 0.216618220703125 0.516122921875 0.218313306640625 0.5214135 0.563855888671875 0.4266015729166666 0.559938234375 0.40710706510416667 0.21518604296875 0.49641914583333335 0.214880955078125 0.5074781744791667 0.216618220703125 0.516122921875
0 0.199447568359375 0.528153578125 0.200237234375 0.5320830104166666 0.199574103515625 0.53821609375 0.200879748046875 0.5478573541666667 0.202890701171875 0.554719703125 0.683683513671875 0.4191683151041667 0.683283291015625 0.41088820052083336 0.680314658203125 0.3961160859375 0.199447568359375 0.528153578125
0 0.2036067890625 0.5645715911458333 0.20463874609375 0.5759952526041666 0.2070813203125 0.5818610885416667 0.20932378125 0.5835868619791666 0.689527041015625 0.4482461041666667 0.685062734375 0.42288711979166665 0.204585787109375 0.5600102786458333 0.2036067890625 0.5645715911458333
0 0.215345859375 0.5915431041666667 0.21547239453125 0.6016056197916667 0.217525525390625 0.6118221406250001 0.219262791015625 0.6204668880208334 0.5992732109375 0.5116561692708333 0.5936955390625 0.4776127135416666 0.2154194375 0.5856206458333334 0.215345859375 0.5915431041666667
0 0.222432234375 0.6488154140625 0.225390787109375 0.6603930807291667 0.60866484375 0.5521009947916666 0.60234159375 0.5174917812500001 0.221979052734375 0.6245503229166667 0.221400279296875 0.6373917526041667 0.222432234375 0.6488154140625
0 0.2244117890625 0.6649543906250001 0.228949673828125 0.6843909166666666 0.704278564453125 0.5499492916666667 0.701863673828125 0.5316440494791667 0.2244117890625 0.6649543906250001
0 0.2289918515625 0.6877450885416666 0.232350626953125 0.7076028723958333 0.710122091796875 0.579027078125 0.707550615234375 0.5599426588541666 0.2289918515625 0.6877450885416666
0 0.234203646484375 0.7136793333333333 0.238151974609375 0.7333264869791667 0.6238264296875 0.6275460651041667 0.621097767578125 0.607679484375 0.234203646484375 0.7136793333333333
0 0.24731115625 0.7317388489583333 0.250943619140625 0.7498142291666667 0.62734313671875 0.6481897317708333 0.62465777734375 0.6316829140625 0.24731115625 0.7317388489583333
0 0.2412056640625 0.764243296875 0.2477966796875 0.7938963437500001 0.634850353515625 0.6918347239583333 0.629396267578125 0.6584062526041666 0.2412056640625 0.764243296875