0 0.03959871484375 0.646181703125 0.06105570703125 0.6580803359374999 0.135068806640625 0.18507658593749998 0.112877595703125 0.17659228385416667 0.03959871484375 0.646181703125
0 0.16067409765625 0.19486618489583332 0.135922337890625 0.18540291666666667 0.061664416015625 0.659544796875 0.08666094140625 0.6678699140625 0.16067409765625 0.19486618489583332
0 0.08580740625 0.6675435833333333 0.1131197109375 0.6779858203125001 0.186635220703125 0.22515697395833334 0.15846491015625 0.21372869791666668 0.08580740625 0.6675435833333333
0 0.2145517109375 0.23640390104166667 0.186385931640625 0.22563535677083335 0.11128712890625 0.6822119505208333 0.141230529296875 0.6913742161458334 0.2145517109375 0.23640390104166667
0 0.1412854921875 0.6887543645833333 0.15932838671875 0.6993477760416668 0.235412515625 0.22959918489583334 0.218696865234375 0.222514890625 0.1412854921875 0.6887543645833333
0 0.251961525390625 0.28149916406250003 0.229525552734375 0.27415297916666664 0.159202814453125 0.7042265442708334 0.183101095703125 0.7133635052083332 0.251961525390625 0.28149916406250003
0 0.18042130859375 0.7086438255208334 0.200416041015625 0.7187517447916667 0.27337862890625 0.28947613802083333 0.2528150625 0.2818254947916667 0.18042130859375 0.7086438255208334
0 0.2934258359375 0.28626680989583336 0.27586613671875 0.2820166484375 0.202976529296875 0.7197306901041666 0.21994605078125 0.7268875286458334 0.2934258359375 0.28626680989583336
0 0.221508947265625 0.7280478723958334 0.23662733984375 0.7350597812499999 0.313192072265625 0.29287543489583334 0.29513285546875 0.28691940885416667 0.221508947265625 0.7280478723958334
0 0.32902837890625 0.30111032552083333 0.312566978515625 0.29604837760416663 0.23882389453125 0.7334361119791667 0.255617873046875 0.7405258333333333 0.32902837890625 0.30111032552083333
0 0.253697517578125 0.7415861744791666 0.270767693359375 0.7481125651041666 0.345398599609375 0.3088839921875 0.3304906875 0.30290109895833334 0.253697517578125 0.7415861744791666
0 0.38014496875 0.2824709453125 0.35368619921875 0.27235503906249997 0.270522939453125 0.7492506432291667 0.299052673828125 0.7626217239583334 0.38014496875 0.2824709453125
0 0.409772998046875 0.2950302421875 0.38050898046875 0.28507350520833336 0.300270162109375 0.7655505911458333 0.329370556640625 0.7754962734375 0.409772998046875 0.2950302421875
0 0.33099648828125 0.7772981015624999 0.37537891015625 0.7942667083333333 0.450584244140625 0.35866972395833335 0.403396513671875 0.341860265625 0.33099648828125 0.7772981015624999
0 0.498870279296875 0.374667359375 0.450339482421875 0.3598078385416667 0.378058697265625 0.7989863854166667 0.42219630859375 0.8170930442708334 0.498870279296875 0.374667359375
0 0.423413837890625 0.8200220130208334 0.446703296875 0.82769446875 0.522674220703125 0.39156140104166665 0.496303404296875 0.3823078723958333 0.423413837890625 0.8200220130208334
0 0.449991865234375 0.8338785546874999 0.472672599609375 0.8400866276041666 0.551105361328125 0.40107684375 0.524105173828125 0.3904738567708333 0.449991865234375 0.8338785546874999
0 0.475352330078125 0.8448062864583333 0.499005740234375 0.8550812812499999 0.577022712890625 0.41070566927083335 0.553124546875 0.40156875000000003 0.475352330078125 0.8448062864583333
0 0.500223287109375 0.8580101692708334 0.522659251953125 0.8653563932291667 0.601790119140625 0.4299368984375 0.576771677734375 0.4204632864583333 0.500223287109375 0.8580101692708334
0 0.630542693359375 0.44102140624999997 0.60298562890625 0.4317172838541667 0.52412156640625 0.8671471302083332 0.546204126953125 0.8773614322916666 0.630542693359375 0.44102140624999997
0 0.54972680078125 0.8769367083333334 0.5843502890625 0.89633271875 0.673948068359375 0.44397927864583336 0.6342078671875 0.4325691067708333 0.54972680078125 0.8769367083333334
0 0.715291072265625 0.463569421875 0.67554021875 0.4508349765625 0.588373134765625 0.8991024973958334 0.62678098828125 0.9137868645833334 0.715291072265625 0.463569421875
0 0.756146666015625 0.4668726432291667 0.721561005859375 0.45405565885416665 0.62678098828125 0.9137868645833334 0.645922126953125 0.9235684322916667 0.66262829296875 0.9274922630208334 0.756146666015625 0.4668726432291667
0 0.680671201171875 0.9380855989583333 0.697871578125 0.9421208046874999 0.795044041015625 0.47928078125 0.762365998046875 0.4680187682291667 0.663237130859375 0.9289566927083334 0.680671201171875 0.9380855989583333
0 0.812628994140625 0.4490530390625 0.699329189453125 0.9415240156250001 0.712251005859375 0.9501594166666667 0.721758900390625 0.9574896640625 0.733343970703125 0.9594555677083334 0.746816849609375 0.9648975807291666 0.859452771484375 0.4632599583333334 0.812628994140625 0.4490530390625
0 0.749805380859375 0.9645174765625 0.7943071015625 0.9852268151041667 0.920336916015625 0.48399816927083333 0.867134294921875 0.46619681510416666 0.749805380859375 0.9645174765625