0 0.1265194375 0 0 0.4517564427083333 0 0.5661599348958334 0.1543711328125 0.007861106770833333 0.14108462890625 0 0.1265194375 0
0 0 0.6209260156249999 0.017711849609375 0.6281460911458333 0.183558578125 0.024545869791666664 0.158097439453125 0.0118562578125 0 0.5765259505208333 0 0.6209260156249999
0 0.019739947265625 0.6314489817708333 0.047760486328125 0.642871296875 0.2116613828125 0.037405369791666664 0.18755656640625 0.025103080729166668 0.019739947265625 0.6314489817708333
0 0.050827015625 0.6416451875 0.09158415234375 0.6582594635416666 0.228301240234375 0.1308541953125 0.190091388671875 0.115278296875 0.050827015625 0.6416451875
0 0.097008669921875 0.6629468723958333 0.135218521484375 0.6785227708333333 0.267079505859375 0.1457333984375 0.23058890234375 0.1330248203125 0.097008669921875 0.6629468723958333
0 0.164656328125 0.6756658020833334 0.180789345703125 0.6822422812500001 0.301773447265625 0.15461405989583335 0.28988592578125 0.14976821875 0.164656328125 0.6756658020833334
0 0.181968310546875 0.6851990286458333 0.223834193359375 0.7010272395833334 0.327332001953125 0.2294130390625 0.288013453125 0.21462327083333332 0.181968310546875 0.6851990286458333
0 0.2248940078125 0.7126020130208334 0.255461888671875 0.7250627317708332 0.39042290625 0.10408546614583335 0.35763762890625 0.09319700260416668 0.2248940078125 0.7126020130208334
0 0.258079451171875 0.7298439479166667 0.28440178125 0.7405740078125 0.42377684375 0.1170223515625 0.3997630859375 0.10789290364583333 0.258079451171875 0.7298439479166667
0 0.287538568359375 0.7430908098958334 0.315888939453125 0.7571237395833333 0.45451792578125 0.12546894010416668 0.428822115234375 0.11478622135416666 0.287538568359375 0.7430908098958334
0 0.49708060546875 0.145087328125 0.46422500390625 0.13045596354166666 0.3192854140625 0.75850828125 0.35393808203125 0.7734268541666666 0.49708060546875 0.145087328125
0 0.3549478671875 0.7730457552083334 0.371930072265625 0.7799683984375 0.516440275390625 0.1493494453125 0.501845341796875 0.14455347395833332 0.3549478671875 0.7730457552083334
0 0.377873833984375 0.7823913177083334 0.40785215625 0.7933735859375001 0.55293937109375 0.16831270312500002 0.52444136328125 0.15128838020833332 0.377873833984375 0.7823913177083334
0 0.4109187421875 0.7921474973958333 0.445212875 0.8086033437500001 0.587130498046875 0.17952725 0.555928533203125 0.16783807291666666 0.4109187421875 0.7921474973958333
0 0.446061951171875 0.8089494635416666 0.4655915 0.8169105052083333 0.60982941015625 0.18741867708333335 0.59185071875 0.18124334895833336 0.446061951171875 0.8089494635416666
0 0.4723843359375 0.8196795442708332 0.5103345 0.8363877031250001 0.63280206640625 0.29209371875 0.59478563671875 0.27777207291666667 0.4723843359375 0.8196795442708332
0 0.68250329296875 0.3122912994791667 0.646251390625 0.2962754401041667 0.524840201171875 0.8430935494791667 0.560761650390625 0.85942003125 0.68250329296875 0.3122912994791667
0 0.57205970703125 0.8627875442708333 0.600410078125 0.8768204739583334 0.738275888671875 0.23102756770833333 0.710820529296875 0.21905574479166667 0.57205970703125 0.8627875442708333
0 0.779362970703125 0.25025251822916666 0.750233619140625 0.23961628125 0.61363721484375 0.883375578125 0.6434549453125 0.8956053567708334 0.779362970703125 0.25025251822916666
0 0.654942318359375 0.8940976458333334 0.681524318359375 0.9036955208333333 0.808492205078125 0.2608887109375 0.78752412890625 0.25110316666666666 0.654942318359375 0.8940976458333334
0 0.713271107421875 0.9191129661458333 0.84448460546875 0.27803683854166666 0.82096918359375 0.2672129140625 0.68753828125 0.9098613359375 0.713271107421875 0.9191129661458333
0 0.7172570859375 0.9219759348958334 0.7520704609375 0.9361672916666667 0.88712930859375 0.2904682317708333 0.85463980078125 0.2776823619791667 0.7172570859375 0.9219759348958334
0 0.79223815234375 0.9513031640624999 0.927296990234375 0.3056041432291667 0.89274323828125 0.29028054166666667 0.757424662109375 0.9371117630208333 0.79223815234375 0.9513031640624999
0 0.79707309375 0.9545122057291667 0.834433810546875 0.9697419635416668 0.9626856796875 0.32308786197916667 0.931872318359375 0.30994539322916664 0.79707309375 0.9545122057291667
0 1 0.3364789427083333 0.971190923828125 0.32473518489583336 0.83587246484375 0.971566453125 0.868987572265625 0.9850655260416666 1 0.34131925 1 0.3364789427083333