0 0.5130952890625 1 0.5722845390625 0.9944814453125 0.80665951171875 0.9397058932291666 0.80245359375 0.910429 0.46211686328125 0.9896311015625 0.462820498046875 1 0.5130952890625 1
0 0.798662556640625 0.9060354192708333 0.797423814453125 0.8824156380208333 0.458874478515625 0.9562859348958334 0.460983287109375 0.9849896744791667 0.798662556640625 0.9060354192708333
0 0.80356266015625 0.8806564791666666 0.799666421875 0.8572844713541666 0.471852314453125 0.9237496276041667 0.4741222734375 0.9469749765625001 0.80356266015625 0.8806564791666666
0 0.46943955859375 0.8916337395833334 0.470987984375 0.92115840625 0.799666421875 0.8572844713541666 0.798898857421875 0.8319098411458333 0.46943955859375 0.8916337395833334
0 0.8008993671875 0.8298739999999999 0.799598685546875 0.8050731953125 0.46712918359375 0.8645535546875 0.471335107421875 0.8938305260416667 0.8008993671875 0.8298739999999999
0 0.7994748125 0.8027112213541666 0.79578305859375 0.7662657526041667 0.409334484375 0.8329890703124999 0.412208060546875 0.8696741666666666 0.7994748125 0.8027112213541666
0 0.406986642578125 0.7870875572916667 0.409978328125 0.8271586197916667 0.79376366796875 0.7617069921874999 0.790390337890625 0.7256715833333334 0.406986642578125 0.7870875572916667
0 0.40714792578125 0.7562166848958333 0.41046799609375 0.7855762526041666 0.796396630859375 0.7270453489583333 0.79362633984375 0.6940435625 0.40714792578125 0.7562166848958333
0 0.795486306640625 0.6927140703125 0.792308783203125 0.6491000963541667 0.45512824609375 0.6981931666666666 0.4589160859375 0.7418959661458334 0.795486306640625 0.6927140703125
0 0.45274690625 0.6582109244791666 0.455738587890625 0.69828190625 0.793132701171875 0.6478365546875 0.78704570703125 0.6058992369791667 0.45274690625 0.6582109244791666
0 0.7828686015625 0.6048833020833334 0.779238841796875 0.5696187734375 0.44950747265625 0.613415921875 0.45256109375 0.6546679296875 0.7828686015625 0.6048833020833334
0 0.4468874140625 0.5804308489583333 0.449569412109375 0.6145969479166666 0.786263482421875 0.5677771041666667 0.7841369609375 0.5317704505208333 0.4468874140625 0.5804308489583333
0 0.779852353515625 0.530398375 0.778180056640625 0.49851173958333334 0.461293927734375 0.5357657057291666 0.464356169921875 0.5740550963541667 0.779852353515625 0.530398375
0 0.7804039921875 0.48999702864583333 0.78225630078125 0.4743963307291667 0.7822130390625 0.45659892708333333 0.778750365234375 0.44149393229166667 0.37625752734375 0.48970145312499996 0.380940212890625 0.5450427708333333 0.7804039921875 0.48999702864583333
0 0.782002703125 0.4186422213541667 0.78037366015625 0.40455283072916665 0.774377359375 0.3920575 0.773181884765625 0.386235203125 0.3713831953125 0.4266749401041667 0.377657552734375 0.48245044010416666 0.779326525390625 0.43550629687500003 0.782002703125 0.4186422213541667
0 0.77717746484375 0.3775553125 0.775505166015625 0.34566867447916666 0.39425959375 0.377552578125 0.39487273046875 0.42032041927083336 0.77717746484375 0.3775553125
0 0.372368361328125 0.34765240104166667 0.373978734375 0.37835825260416667 0.77348571484375 0.34110991927083334 0.77010369921875 0.31056924999999996 0.372368361328125 0.34765240104166667
0 0.363399140625 0.27846962239583334 0.369339279296875 0.34081434374999997 0.773213494140625 0.30197210677083336 0.76803979296875 0.243502921875 0.363399140625 0.27846962239583334
0 0.76574943359375 0.24451651302083333 0.762776453125 0.18782906770833332 0.35910678125 0.2135978359375 0.363461083984375 0.27965072916666667 0.76574943359375 0.24451651302083333
0 0.770005638671875 0.17291393229166666 0.765855857421875 0.09378773177083333 0.3562125703125 0.11874208072916666 0.3613306875 0.20508312760416667 0.770005638671875 0.17291393229166666
0 0.347549078125 0.027166809895833335 0.351946615234375 0.11101711197916668 0.765236484375 0.08197780208333333 0.758768583984375 0.0107252734375 0.347549078125 0.027166809895833335