0 0.720200037109375 0.0605526015625 0.720680095703125 0.023832757812499997 0.683504310546875 0.01949614322916667 0.289010361328125 0.084762421875 0.286789931640625 0.10728100260416668 0.288642318359375 0.12433265885416667 0.720200037109375 0.0605526015625
0 0.28892809765625 0.1312983125 0.289297251953125 0.17095454427083334 0.71872722265625 0.11310232291666666 0.7201548359375 0.06870408854166667 0.28892809765625 0.1312983125
0 0.286090611328125 0.17454178906249998 0.286653232421875 0.21124958072916666 0.715631779296875 0.16027708072916666 0.717732078125 0.116947609375 0.286090611328125 0.17454178906249998
0 0.7138450234375 0.22146899218750002 0.714701130859375 0.16313946354166667 0.284920935546875 0.2150088072916667 0.283908056640625 0.26440715364583334 0.58002070703125 0.23457773437499999 0.7138450234375 0.22146899218750002
0 0.711514552734375 0.27962660677083334 0.71358706640625 0.2254002734375 0.282046783203125 0.2701319869791667 0.2790158359375 0.31632384375 0.5029410234375 0.2998609479166667 0.711514552734375 0.27962660677083334
0 0.27064896484375 0.31930920572916666 0.265756740234375 0.3712259609375 0.70898430078125 0.3435291822916667 0.71058391796875 0.28248898958333335 0.27064896484375 0.31930920572916666
0 0.267581302734375 0.3773807552083333 0.263011521484375 0.42438346093749996 0.70504286328125 0.4160467630208333 0.707092673828125 0.35833706249999997 0.267581302734375 0.3773807552083333
0 0.2967558828125 0.442184421875 0.2950424765625 0.4796170026041667 0.637873986328125 0.484947390625 0.639651861328125 0.44653190364583334 0.2967558828125 0.442184421875
0 0.314623744140625 0.48685291927083335 0.312781365234375 0.5262510416666667 0.63336747265625 0.5373022135416666 0.634953099609375 0.49550028385416667 0.314623744140625 0.48685291927083335
0 0.312652384765625 0.5282167135416667 0.3116762265625 0.565735296875 0.630909251953125 0.5910904140625001 0.632014443359375 0.5516061640625 0.312652384765625 0.5282167135416667
0 0.31154724609375 0.56770096875 0.310571037109375 0.605219546875 0.62994310546875 0.6392888906249999 0.631323986328125 0.5960903880208334 0.31154724609375 0.56770096875
0 0.3162749453125 0.6088559270833334 0.314755048828125 0.6433402031250001 0.595489357421875 0.6780688828125 0.59746069140625 0.6367050833333333 0.3162749453125 0.6088559270833334
0 0.582359240234375 0.7310053281250001 0.586542091796875 0.6898995052083333 0.296675900390625 0.6471731328125 0.29348819140625 0.6844338671875 0.4905349296875 0.71534228125 0.582359240234375 0.7310053281250001
0 0.29906312890625 0.6900357864583334 0.2969995 0.721485625 0.64211707421875 0.7825409375 0.64376596875 0.7460911223958333 0.29906312890625 0.6900357864583334
0 0.295138232421875 0.7272103958333332 0.29233745703125 0.7585742447916667 0.638254490234375 0.8363169895833332 0.64160116015625 0.7904034947916667 0.295138232421875 0.7272103958333332
0 0.293489361328125 0.7636602135416667 0.292162880859375 0.7951960390625 0.636228091796875 0.8796491770833333 0.638441236328125 0.8385609583333333 0.293489361328125 0.7636602135416667
0 0.291167779296875 0.7990412630208333 0.289325396484375 0.8384395182291667 0.630296794921875 0.9287211510416666 0.633392232421875 0.8815464609375 0.291167779296875 0.7990412630208333
0 0.284257478515625 0.8477516640624999 0.281005244140625 0.8859950312499999 0.627230220703125 0.9918778411458334 0.629264986328125 0.9444460052083333 0.284257478515625 0.8477516640624999
0 0.615132025390625 1 0.284304193359375 0.8923218802083334 0.28307891796875 0.9109951770833334 0.546126779296875 1 0.615132025390625 1
0 0.542679115234375 1 0.2829499375 0.9129608515625001 0.28239737109375 0.9327029114583333 0.47191144921875 0.9986333463541667 0.483627142578125 1 0.542679115234375 1