0 0.522935978515625 1 0.612592859375 0.9853220260416666 0.785744802734375 0.9344391276041667 0.78441836328125 0.9038432265625 0.4466348203125 1 0.522935978515625 1
0 0.446381728515625 1 0.7857069609375 0.9016443333333334 0.78232868359375 0.8703350442708334 0.411743265625 0.9777764869791666 0.41432059375 1 0.446381728515625 1
0 0.782550884765625 0.8673721015625001 0.7809408203125 0.8417924999999999 0.407623984375 0.9415179427083333 0.411936697265625 0.9717810208333333 0.782550884765625 0.8673721015625001
0 0.4557360546875 0.9049723932291666 0.457900220703125 0.9284733515625 0.786636296875 0.8388721406249999 0.782414580078125 0.8178465104166667 0.4557360546875 0.9049723932291666
0 0.78538692578125 0.8172093567708334 0.783403107421875 0.7956668046875 0.45365166015625 0.8804149348958333 0.4557360546875 0.9049723932291666 0.78538692578125 0.8172093567708334
0 0.78710165625 0.7791577760416667 0.781806232421875 0.7578191067708334 0.4016699921875 0.8521975833333334 0.402519384765625 0.8938052473958332 0.785426201171875 0.7933476640625 0.78710165625 0.7791577760416667
0 0.401464896484375 0.8094904427083334 0.400266474609375 0.8126685703125 0.396297404296875 0.826239953125 0.399376388671875 0.851579078125 0.783288197265625 0.7539388984375001 0.783481654296875 0.7479434296875 0.783417650390625 0.7310564453125 0.779652958984375 0.7166293385416668 0.401464896484375 0.8094904427083334
0 0.78326346875 0.7131902265625 0.7779432265625 0.6554170364583333 0.385050447265625 0.7445877838541667 0.390911734375 0.8082362630208334 0.78326346875 0.7131902265625
0 0.781254861328125 0.6508989479166667 0.776952748046875 0.5879892760416666 0.37949948046875 0.6717245338541667 0.386339056640625 0.742388890625 0.781254861328125 0.6508989479166667
0 0.3724392421875 0.5995449791666666 0.378751392578125 0.6680894453125 0.776772396484375 0.5860308046875 0.77371869140625 0.5186351536458333 0.3724392421875 0.5995449791666666
0 0.413028736328125 0.5869360963541667 0.774957251953125 0.5177441223958333 0.77507359375 0.502815546875 0.76926320703125 0.46400799479166666 0.4046804296875 0.5286646406250001 0.409743234375 0.5755463125 0.410928580078125 0.5803221875 0.413028736328125 0.5869360963541667
0 0.399511947265625 0.47057575520833334 0.4046804296875 0.5286646406250001 0.768902513671875 0.4600911796875 0.770758322265625 0.44785976302083336 0.765682431640625 0.4089319661458333 0.399511947265625 0.47057575520833334
0 0.764677462890625 0.40611455989583334 0.75705055078125 0.35567679687500003 0.39133644140625 0.4085075364583333 0.39753055078125 0.4672151197916667 0.764677462890625 0.40611455989583334
0 0.392675671875 0.34972763020833336 0.396346619140625 0.4057828333333333 0.759808083984375 0.35323735677083334 0.75490359375 0.2965124895833333 0.392675671875 0.34972763020833336
0 0.385370197265625 0.3270683046875 0.386555544921875 0.3318441822916667 0.390485341796875 0.34213448697916665 0.759629169921875 0.29462246354166666 0.759642232421875 0.2866685963541667 0.755958224609375 0.23856726302083334 0.3806680859375 0.2841034479166667 0.382819173828125 0.31555834374999997 0.385370197265625 0.3270683046875
0 0.342386666015625 0.23272035677083333 0.3452460546875 0.2799627552083333 0.75706646484375 0.23440983072916666 0.759746939453125 0.22303734114583332 0.75585637109375 0.18888542187500001 0.342386666015625 0.23272035677083333
0 0.7512691875 0.18764840104166666 0.74868032421875 0.14334364583333334 0.335379796875 0.18371967447916668 0.3390880859375 0.22928451302083333 0.7512691875 0.18764840104166666
0 0.74996892578125 0.1411448203125 0.74821777734375 0.08974498958333334 0.32145046484375 0.12681125000000001 0.326410013671875 0.18066762239583334 0.74996892578125 0.1411448203125
0 0.744365052734375 0.08838786197916666 0.742613962890625 0.03698815625 0.31530558203125 0.06817913020833334 0.319710998046875 0.12411422135416667 0.744365052734375 0.08838786197916666
0 0.477064015625 0 0.349182939453125 0.02093576302083333 0.353768755859375 0.0648641484375 0.74252378125 0.0360088515625 0.741629103515625 0 0.477064015625 0