0 0.23372750390625 0.9571074817708333 0.24539825 0.9523500078125 0.2555128984375 0.9482268619791667 0.265691798828125 0.9406735833333334 0.10572593359375 0.23205215885416666 0.061251146484375 0.24564330989583336 0.221580888671875 0.9597896432291666 0.23372750390625 0.9571074817708333
0 0.282905171875 0.9268488177083333 0.2930198203125 0.9227256744791666 0.163108564453125 0.3561649140625 0.153771966796875 0.3599708932291667 0.282905171875 0.9268488177083333
0 0.348820548828125 0.8840939401041666 0.360491296875 0.8793364661458334 0.369049845703125 0.8758476510416666 0.382514625 0.8714935026041667 0.39574147265625 0.8661017005208334 0.4100485546875 0.8580002526041667 0.424053451171875 0.8522912838541666 0.43524833203125 0.8454584947916667 0.30204416796875 0.2348541328125 0.295646087890625 0.23292365625 0.283197291015625 0.237998296875 0.264826279296875 0.24321777604166664 0.248487232421875 0.2498782421875 0.238372583984375 0.25400138541666667 0.2220335390625 0.26066184895833333 0.20545655859375 0.26628465364583337 0.1883394609375 0.2732622838541667 0.173318583984375 0.2782507604166667 0.16375107421875 0.2844201640625 0.3020923828125 0.8917957708333333 0.30537826171875 0.8949949036458333 0.30788609375 0.8985112005208333 0.311236224609375 0.8982802005208333 0.320032705078125 0.8958290442708333 0.3254790546875 0.8936088880208333 0.335593703125 0.8894857447916666 0.342596150390625 0.8866312604166667 0.348820548828125 0.8840939401041666
0 0.3147308984375 0.23081715104166667 0.305738240234375 0.23561757291666666 0.439897556640625 0.8583137057291667 0.442405388671875 0.8618300052083333 0.4522821015625 0.8566692031250001 0.463952849609375 0.8519117291666666 0.471797599609375 0.8453099427083334 0.334658009765625 0.22496334114583336 0.331069943359375 0.22415668749999998 0.322511396484375 0.2276455026041667 0.3147308984375 0.23081715104166667
0 0.389778072265625 0.25014937239583335 0.35200644921875 0.2666812786458333 0.3523674296875 0.26880342447916666 0.47923073828125 0.8332027083333333 0.514783095703125 0.8175754635416667 0.389778072265625 0.25014937239583335
0 0.4257801953125 0.210511171875 0.386224380859375 0.22663574218750002 0.388003115234375 0.23498784375 0.525875578125 0.8436892135416666 0.563221970703125 0.828465296875 0.4257801953125 0.210511171875
0 0.576641572265625 0.8127830859374999 0.6220706484375 0.7919950390625 0.47700799609375 0.099991421875 0.460431017578125 0.10561422656250001 0.44415622265625 0.1088445546875 0.425622419921875 0.11639969010416668 0.42820971484375 0.13576866927083334 0.576641572265625 0.8127830859374999
0 0.630931380859375 0.7861137473958334 0.665943623046875 0.7718413255208333 0.676360455078125 0.7653257005208333 0.532056779296875 0.08776311979166666 0.523562482421875 0.08782179687500001 0.508303669921875 0.09177261458333334 0.49561694140625 0.09580959895833334 0.483019052734375 0.10321430989583334 0.630931380859375 0.7861137473958334
0 0.720947228515625 0.7482849557291668 0.575434814453125 0.08029229166666667 0.5684966171875 0.07971663802083333 0.558922087890625 0.0824849609375 0.549045373046875 0.08764576302083334 0.539875376953125 0.091383828125 0.68617291796875 0.7635950364583333 0.720947228515625 0.7482849557291668
0 0.71547477734375 0.72441884375 0.727685640625 0.7183065468750001 0.619702341796875 0.21769383333333334 0.60742863671875 0.22269709895833334 0.71547477734375 0.72441884375
0 0.72381446484375 0.7051341692708334 0.74224973046875 0.6964845546874999 0.640754865234375 0.22045844791666666 0.624594578125 0.22704604166666667 0.72381446484375 0.7051341692708334
0 0.639505173828125 0.17331264843750002 0.7528402421875 0.6944367239583333 0.761032353515625 0.6967705260416667 0.76928871875 0.6956741901041666 0.7747993203125 0.6900239010416667 0.7787538203125 0.6850079401041667 0.670140048828125 0.16309391666666667 0.661645751953125 0.16315259375 0.649196955078125 0.168227234375 0.639505173828125 0.17331264843750002
0 0.711969015625 0.19710188541666665 0.683136275390625 0.20772064062499998 0.6809112734375 0.20635834895833335 0.7798340546875 0.6822982942708333 0.810956048828125 0.6696116953125001 0.711969015625 0.19710188541666665
0 0.81460836328125 0.6669882161458333 0.844714375 0.653581125 0.749489087890625 0.18634576302083336 0.742550890625 0.18577011197916668 0.73165819140625 0.190210421875 0.720189552734375 0.1948855078125 0.718193412109375 0.19456456770833333 0.81460836328125 0.6669882161458333