0 0.126269291015625 0.5756067552083334 0.146389537109375 0.5808358854166666 0.216787240234375 0.214839234375 0.19563571484375 0.20692520312499998 0.126269291015625 0.5756067552083334
0 0.145900013671875 0.5831121145833333 0.168335994140625 0.5904582630208334 0.239097701171875 0.22706421093749998 0.218494251953125 0.21549187239583334 0.145900013671875 0.5831121145833333
0 0.2727801015625 0.1992958828125 0.247783583984375 0.1909707265625 0.168699947265625 0.5930608020833333 0.1906464453125 0.6026832786458333 0.2727801015625 0.1992958828125
0 0.188694681640625 0.60316871875 0.210521880859375 0.6090504635416667 0.293960513671875 0.20794441927083332 0.271681806640625 0.20010766666666668 0.188694681640625 0.60316871875
0 0.29741894140625 0.19639899739583333 0.210521880859375 0.6090504635416667 0.214663853515625 0.6155609088541667 0.22612346875 0.6224056197916666 0.230635796875 0.6228990703125 0.241887373046875 0.620138984375 0.327291734375 0.20782017708333334 0.29741894140625 0.19639899739583333
0 0.26697268359375 0.6343282630208333 0.271121001953125 0.6322191536458334 0.360333787109375 0.22168474999999999 0.32814526953125 0.2081465078125 0.24026914453125 0.6253505078125 0.25417006640625 0.6294334739583333 0.26697268359375 0.6343282630208333
0 0.3730045625 0.24007780729166664 0.36446950390625 0.2368146223958333 0.356298390625 0.23615401041666664 0.271121001953125 0.6322191536458334 0.274409494140625 0.6384032916666667 0.283798087890625 0.6419928072916666 0.294284931640625 0.6447704791666666 0.300504271484375 0.6459165651041666 0.3891728359375 0.24705579166666666 0.3730045625 0.24007780729166664
0 0.4205563046875 0.25948982291666667 0.412021189453125 0.2562266171875 0.40543790234375 0.252477953125 0.393244 0.24904758593749998 0.30196651171875 0.6477073541666667 0.31845625390625 0.6561861302083333 0.32513044140625 0.6602586770833333 0.4205563046875 0.25948982291666667
0 0.4551987734375 0.25302743489583335 0.428865580078125 0.23803273958333335 0.321214251953125 0.678468515625 0.3460663125 0.6884151119791667 0.4551987734375 0.25302743489583335
0 0.479097052734375 0.26216439583333334 0.45739530859375 0.2514038411458333 0.34681954296875 0.6882581145833333 0.369864232421875 0.6970687265625001 0.479097052734375 0.26216439583333334
0 0.512471486328125 0.32172884895833337 0.4702856015625 0.30313664583333333 0.374018861328125 0.6863402135416666 0.41949958984375 0.7024969973958334 0.512471486328125 0.32172884895833337
0 0.55746268359375 0.34016189843750005 0.51442326171875 0.3212433697916667 0.42059787890625 0.70168525 0.461405939453125 0.7189670208333333 0.55746268359375 0.34016189843750005
0 0.58623090625 0.36101436718749996 0.55721153125 0.3499194713541667 0.462413423828125 0.7262943671875001 0.4900896796875 0.739339140625 0.58623090625 0.36101436718749996
0 0.4900896796875 0.739339140625 0.516303751953125 0.7505931484375 0.613053572265625 0.3737327890625 0.58683962109375 0.36247878906250003 0.4900896796875 0.739339140625
0 0.51764675390625 0.7486432265624999 0.5370326484375 0.7572867161458333 0.642700576171875 0.36043372395833334 0.62221643359375 0.35260207812500005 0.51764675390625 0.7486432265624999
0 0.687484912109375 0.32828806250000003 0.66066224609375 0.315569640625 0.542636896484375 0.7655877994791668 0.567738294921875 0.7772300052083333 0.687484912109375 0.32828806250000003
0 0.569704427734375 0.7771681901041667 0.594820138671875 0.7892339973958333 0.712117013671875 0.34208044010416666 0.68626109765625 0.33397865885416667 0.569704427734375 0.7771681901041667
0 0.74137523046875 0.3525869010416667 0.71540593359375 0.3401947213541667 0.600549939453125 0.7926563880208333 0.62620886328125 0.7982303359374999 0.74137523046875 0.3525869010416667
0 0.6270150390625 0.7941528177083333 0.63981765625 0.7990476041666666 0.65237551953125 0.8050804713541666 0.6603019140625 0.8068792942708334 0.668228205078125 0.8086779973958333 0.67810632421875 0.80999128125 0.79175094140625 0.4063905703125 0.734157923828125 0.3818516744791667 0.6270150390625 0.7941528177083333
0 0.738863494140625 0.8318193671874999 0.85876380859375 0.43811375 0.792315630859375 0.40778203125 0.68079244140625 0.8060914817708333 0.686032716796875 0.8117901015625 0.693588671875 0.8196057265625 0.703830857421875 0.8235215911458332 0.715779998046875 0.8280900729166666 0.726875544921875 0.832332203125 0.738863494140625 0.8318193671874999