0 0.50667141796875 1 0.644784556640625 0.9949089505208333 0.650704263671875 0.9295980703125001 0.30229055078125 0.9281012057291668 0.2981667734375 0.9539689947916666 0.460585908203125 1 0.50667141796875 1
0 0.651648146484375 0.9290762213541667 0.661616861328125 0.8665440651041667 0.313533927734375 0.8526774635416667 0.3033437421875 0.9271893333333333 0.651648146484375 0.9290762213541667
0 0.34766783984375 0.7630443593749999 0.332584619140625 0.8519643567708334 0.664906572265625 0.8686867552083334 0.678363783203125 0.7936703723958334 0.34766783984375 0.7630443593749999
0 0.67888219140625 0.7867147552083332 0.692379697265625 0.7191311432291667 0.3628911484375 0.6683210078125 0.347722291015625 0.7570081614583333 0.67888219140625 0.7867147552083332
0 0.37065848046875 0.550491984375 0.356334935546875 0.6517305390625 0.688829607421875 0.7072321197916667 0.697666189453125 0.6287507447916666 0.37065848046875 0.550491984375
0 0.69914629296875 0.6254335052083334 0.712383431640625 0.5480934817708333 0.385335953125 0.45237622916666664 0.369605287109375 0.551403859375 0.69914629296875 0.6254335052083334
0 0.39807708203125 0.4069726276041667 0.39285369921875 0.445432703125 0.72354487890625 0.5464154635416667 0.728417537109375 0.5110045442708333 0.39807708203125 0.4069726276041667
0 0.728399033203125 0.510271296875 0.732862763671875 0.45949251041666667 0.409652798828125 0.34005463802083336 0.40036806640625 0.4039909192708333 0.728399033203125 0.510271296875
0 0.739236359375 0.4479853125 0.746490400390625 0.3967870494791667 0.42207224609375 0.26577406249999996 0.410206619140625 0.33658060416666663 0.739236359375 0.4479853125
0 0.755154978515625 0.3822981432291667 0.756610533203125 0.35608359635416664 0.757034224609375 0.3477314140625 0.423413158203125 0.18540235156249998 0.429069587890625 0.1954776953125 0.438015744140625 0.20769565364583334 0.435246662109375 0.22506566927083335 0.430685953125 0.24797963281250002 0.4288399140625 0.25955954427083333 0.410230439453125 0.256706171875 0.744623109375 0.3914165729166667 0.755154978515625 0.3822981432291667
0 0.413198578125 0.10141598958333332 0.403414486328125 0.16279003125 0.763777017578125 0.33390829427083335 0.768740076171875 0.2856917395833333 0.413198578125 0.10141598958333332
0 0.446140927734375 0.059918567708333335 0.439071486328125 0.10995887239583334 0.770347130859375 0.28130576041666666 0.771807861328125 0.24508665885416667 0.446140927734375 0.059918567708333335
0 0.781021060546875 0.2371284296875 0.7811630859375 0.20206935677083335 0.45700863671875 0.002784947916666667 0.448670978515625 0.04974279166666667 0.781021060546875 0.2371284296875
0 0.46868409765625 0 0.785745109375 0.19610595833333333 0.79218501171875 0.1386254140625 0.6227095078125 0.023606651041666666 0.539414087890625 0 0.46868409765625 0
0 0.6432525859375 0.029428739583333335 0.799003525390625 0.1357165703125 0.807409017578125 0.078130375 0.80247221484375 0.07455297395833334 0.6432525859375 0.029428739583333335