0 0.176875537109375 0.7142412161458332 0.191979544921875 0.716357875 0.15134043359375 0.30479352604166665 0.1313714609375 0.30272245833333333 0.176875537109375 0.7142412161458332
0 0.20143338671875 0.71404590625 0.22619040234375 0.7182426953125001 0.190065892578125 0.31167520052083336 0.1593720078125 0.3073737916666667 0.20143338671875 0.71404590625
0 0.230298939453125 0.3478627135416667 0.2335631875 0.3410465208333333 0.23092003125 0.31230890625 0.19856078125 0.30850147916666665 0.2339125390625 0.7171427760416668 0.2593791171875 0.71925690625 0.230298939453125 0.3478627135416667
0 0.26625059765625 0.7289482369791668 0.284818021484375 0.7286408020833334 0.253125083984375 0.3488794557291666 0.23193267578125 0.3488190286458333 0.26625059765625 0.7289482369791668
0 0.28057924609375 0.35345421875 0.25723541015625 0.3530922942708334 0.286578763671875 0.7339791015625 0.2968279140625 0.73541540625 0.306764474609375 0.7338984479166667 0.28057924609375 0.35345421875
0 0.320988791015625 0.7402560130208333 0.332004208984375 0.7388902473958333 0.310045943359375 0.325579625 0.283101990234375 0.32253109114583334 0.28134279296875 0.323011921875 0.308042498046875 0.7384417343749999 0.320988791015625 0.7402560130208333
0 0.32943770703125 0.3355708098958334 0.31334666796875 0.33331582552083333 0.332345833984375 0.7483938567708334 0.361474994140625 0.7524759869791667 0.346273423828125 0.33647542187499996 0.32943770703125 0.3355708098958334
0 0.365307705078125 0.7522857369791667 0.395572431640625 0.7557996406249999 0.3884055859375 0.34165241406249997 0.3539272890625 0.3375480260416666 0.365307705078125 0.7522857369791667
0 0.40522271875 0.7302395442708334 0.42750943359375 0.7311806901041668 0.42778798046875 0.38863118229166665 0.402322818359375 0.3879719791666667 0.40522271875 0.7302395442708334
0 0.4336699921875 0.7291345677083334 0.454877849609375 0.7299245208333334 0.45654783984375 0.39047946875 0.43438372265625 0.38955550260416666 0.4336699921875 0.7291345677083334
0 0.4585404296875 0.7318925208333332 0.478556009765625 0.7339701197916666 0.48746541796875 0.39263013541666664 0.46261111328125 0.39132916927083333 0.4585404296875 0.7318925208333332
0 0.48179258203125 0.7344236901041666 0.50234758984375 0.7365768828125 0.514380150390625 0.3971293020833333 0.490725080078125 0.3945416666666666 0.48179258203125 0.7344236901041666
0 0.542146900390625 0.4046573255208334 0.517533083984375 0.40048060416666664 0.518298609375 0.4027699791666666 0.506492890625 0.7393398958333334 0.524946892578125 0.7404712916666667 0.542146900390625 0.4046573255208334
0 0.567783607421875 0.40461320833333336 0.54743587109375 0.40176169791666666 0.545553603515625 0.4029526458333333 0.52787087890625 0.7379715989583334 0.544593173828125 0.7403150442708334 0.567783607421875 0.40461320833333336
0 0.54070647265625 0.7688649348958334 0.5648673515625 0.7737055442708334 0.59849793359375 0.3609114427083333 0.574266525390625 0.3589704088541667 0.54070647265625 0.7688649348958334
0 0.56605962890625 0.7724178984375 0.588176212890625 0.7755172942708333 0.626065515625 0.36404737239583335 0.60232378515625 0.36290232291666663 0.56605962890625 0.7724178984375
0 0.58902823046875 0.7785461510416667 0.61233709375 0.78035790625 0.659936115234375 0.3702486927083333 0.63146016796875 0.36698546614583333 0.58902823046875 0.7785461510416667
0 0.615516955078125 0.781530890625 0.638825818359375 0.7833426432291667 0.692453814453125 0.3740783255208333 0.66335107421875 0.37072726041666665 0.615516955078125 0.781530890625
0 0.643862080078125 0.7898673333333334 0.6705209375 0.7906938229166666 0.7265834140625 0.4115926015625 0.69419528515625 0.4085084921875 0.643862080078125 0.7898673333333334
0 0.674267904296875 0.7846726406250001 0.698769044921875 0.7851967473958333 0.761134537109375 0.4091609166666667 0.729294396484375 0.4061536015625 0.674267904296875 0.7846726406250001
0 0.70652021484375 0.790647171875 0.728210791015625 0.792232140625 0.79179759765625 0.421459015625 0.764877994140625 0.4184138932291666 0.70652021484375 0.790647171875
0 0.82714402734375 0.4227756067708333 0.798614427734375 0.41950486197916664 0.73107806640625 0.7904518671875 0.74763023046875 0.7949535624999999 0.754443640625 0.7915442005208333 0.82714402734375 0.4227756067708333
0 0.760037095703125 0.7966922473958333 0.77982583203125 0.8016475130208334 0.85777805078125 0.42852335416666665 0.829909064453125 0.4238904609375 0.760037095703125 0.7966922473958333
0 0.78280652734375 0.7984284010416666 0.803134693359375 0.803459265625 0.886594623046875 0.4296522265625 0.860124572265625 0.4281248307291667 0.78280652734375 0.7984284010416666
0 0.812134853515625 0.8069026302083334 0.836948583984375 0.81038 0.931961998046875 0.42146267708333335 0.900703564453125 0.4185368828125 0.812134853515625 0.8069026302083334
0 0.9709710078125 0.424747265625 0.94014834765625 0.4233372682291667 0.844301419921875 0.807046234375 0.853784296875 0.8112846119791667 0.867440150390625 0.8110162369791666 0.9709710078125 0.424747265625