0 0.50327255859375 1 0.536313984375 0.9992310130208333 0.765063859375 0.9638647604166667 0.758785943359375 0.9195272760416667 0.392370875 0.9703686692708334 0.3932327265625 1 0.50327255859375 1
0 0.391916498046875 0.93566034375 0.395440998046875 0.9561926614583333 0.75570594140625 0.8707755052083334 0.74785746484375 0.8308144375 0.3916467109375 0.9150522734375 0.391916498046875 0.93566034375
0 0.738050728515625 0.8277877760416666 0.7335847578125 0.7975126770833333 0.416288564453125 0.8699951848958333 0.4183547890625 0.9034811015624999 0.738050728515625 0.8277877760416666
0 0.732728482421875 0.7942777083333333 0.728305109375 0.7672565156250001 0.415777390625 0.8309483177083333 0.418685572265625 0.866575421875 0.732728482421875 0.7942777083333333
0 0.738840328125 0.7637564270833334 0.735973314453125 0.7312741822916666 0.414466736328125 0.7930050208333334 0.417346390625 0.8264529036458333 0.738840328125 0.7637564270833334
0 0.7407985859375 0.7268220208333332 0.73708949609375 0.6921894427083334 0.414740841796875 0.7517699479166667 0.41680668359375 0.7852265442708334 0.7407985859375 0.7268220208333332
0 0.41417287109375 0.7083845416666666 0.41708065625 0.74398125 0.739516330078125 0.6910479973958333 0.739246544921875 0.6704399270833333 0.7374203984375 0.6552929088541667 0.41417287109375 0.7083845416666666
0 0.73819148046875 0.6520200651041667 0.729902826171875 0.5784353072916667 0.35605105859375 0.6207700520833334 0.357913515625 0.7008636458333334 0.73819148046875 0.6520200651041667
0 0.7370172578125 0.5001522057291666 0.729097783203125 0.4547679609375 0.39264249609375 0.5559054713541667 0.401375646484375 0.6012707786458333 0.7370172578125 0.5001522057291666
0 0.725786275390625 0.45050516927083334 0.717067322265625 0.40622449739583333 0.389505697265625 0.5028151588541666 0.398250587890625 0.5490772395833333 0.725786275390625 0.45050516927083334
0 0.72429103125 0.3984616171875 0.722322892578125 0.37246824739583334 0.410740962890625 0.38405968749999997 0.411135646484375 0.41420825260416666 0.72429103125 0.3984616171875
0 0.72306557421875 0.3670261354166667 0.720269556640625 0.33996706770833335 0.408602431640625 0.34505069531250004 0.40902539453125 0.3773593828125 0.72306557421875 0.3670261354166667
0 0.404779748046875 0.30174103645833333 0.406044654296875 0.3361898359375 0.7210264375 0.3356095885416666 0.722469203125 0.32147145833333335 0.71974418359375 0.2998355651041667 0.404779748046875 0.30174103645833333
0 0.7268258984375 0.2812263333333333 0.724815162109375 0.25197905729166664 0.402541822265625 0.2551395989583333 0.40541973046875 0.28845405208333336 0.7268258984375 0.2812263333333333
0 0.3838840234375 0.25991369010416665 0.40012578125 0.257105453125 0.713395271484375 0.25007490364583335 0.71226920703125 0.22623186979166665 0.383500642578125 0.23062854166666666 0.3838840234375 0.25991369010416665
0 0.734011328125 0.20836640625 0.735070712890625 0.164943125 0.384176646484375 0.157920109375 0.3864251953125 0.20533304427083332 0.734011328125 0.20836640625
0 0.381394830078125 0.13194567447916666 0.38070516015625 0.1414373203125 0.7354868125 0.13455440104166666 0.738599533203125 0.12363229947916667 0.7363758046875 0.0781155 0.733064296875 0.07385270833333334 0.379672396484375 0.06254796354166667 0.379743392578125 0.067971140625 0.380098375 0.09508701822916667 0.380353962890625 0.11461045052083334 0.381394830078125 0.13194567447916666