0 0.440605837890625 0 0.2277775234375 0.09220281510416667 0.232285138671875 0.11491921354166666 0.23862971484375 0.13042060416666665 0.4584319921875 0 0.440605837890625 0
0 0.472439462890625 0 0.238338853515625 0.13624974739583331 0.244101705078125 0.16340941927083333 0.523172912109375 0 0.472439462890625 0
0 0.5314213125 0 0.24458481640625 0.1689032578125 0.25061880859375 0.19366421354166666 0.577729408203125 0 0.5314213125 0
0 0.58662674609375 0 0.251082193359375 0.20258847395833335 0.262124791015625 0.251413984375 0.607089486328125 0.05177864583333333 0.592035216796875 0 0.58662674609375 0
0 0.262607900390625 0.25690782291666664 0.27337935546875 0.30813204947916667 0.620917384765625 0.10852250520833334 0.607361298828125 0.056405401041666664 0.262607900390625 0.25690782291666664
0 0.27078630078125 0.31153668489583336 0.28161692578125 0.35246963802083336 0.6526255234375 0.14383265104166668 0.641857919921875 0.09964694270833334 0.27078630078125 0.31153668489583336
0 0.279004146484375 0.3593046927083334 0.289815048828125 0.4036680729166667 0.666221728515625 0.19611437760416664 0.653406404296875 0.15054840364583333 0.279004146484375 0.3593046927083334
0 0.293394046875 0.4078206901041667 0.298905484375 0.43394865624999995 0.674247328125 0.23255940885416668 0.666483294921875 0.2042104453125 0.293394046875 0.4078206901041667
0 0.297589234375 0.4390813984375 0.304900029296875 0.46557046354166665 0.683589177734375 0.2638716979166667 0.6760785546875 0.2365626328125 0.297589234375 0.4390813984375
0 0.30358377734375 0.470703203125 0.31089457421875 0.497192265625 0.69113166796875 0.294822890625 0.68387439453125 0.26855346614583336 0.30358377734375 0.470703203125
0 0.310623435546875 0.499590984375 0.33004166015625 0.5687411119791667 0.71823044140625 0.37091124479166665 0.6983845 0.29649459375000004 0.310623435546875 0.499590984375
0 0.32719719140625 0.5711140364583334 0.3430166953125 0.6395419713541667 0.739911412109375 0.4493467291666667 0.72005073828125 0.3783809739583333 0.32719719140625 0.5711140364583334
0 0.775177125 0.4957442916666666 0.763611974609375 0.44828579166666666 0.322911451171875 0.6483338463541667 0.32080150390625 0.6572323177083333 0.331380712890625 0.6971335651041667 0.775177125 0.4957442916666666
0 0.33105040625 0.7098235572916667 0.342906419921875 0.7514529114583333 0.79358968359375 0.5607675911458333 0.779521892578125 0.5100620234375001 0.33105040625 0.7098235572916667
0 0.36559803515625 0.7883879973958333 0.370858056640625 0.8134842604166667 0.800663806640625 0.6284217473958333 0.78458805078125 0.5694763463541667 0.355792798828125 0.7481514479166668 0.361092265625 0.766386859375 0.36559803515625 0.7883879973958333
0 0.38131892578125 0.8739680546874999 0.385844419921875 0.8925387708333333 0.819480583984375 0.7126605833333333 0.800082083984375 0.6400800338541667 0.370024916015625 0.8241108385416666 0.376542015625 0.8543656302083332 0.38131892578125 0.8739680546874999
0 0.387604333984375 0.8997607161458333 0.404740091796875 0.9630559088541667 0.85327396484375 0.78812990625 0.832391021484375 0.7164805442708334 0.387604333984375 0.8997607161458333
0 0.526924822265625 1 0.698072880859375 0.9399207395833334 0.872903638671875 0.8641794635416667 0.855566130859375 0.8045586979166667 0.4064408359375 0.980569125 0.41059676171875 1 0.526924822265625 1