0 0.171630701171875 0.8829479427083333 0.192970802734375 0.8799573619791666 0.110037171875 0.3092239453125 0.08925683203125 0.31398008072916667 0.171630701171875 0.8829479427083333
0 0.14384315234375 0.3511145546875 0.1202954296875 0.3544145078125 0.199516263671875 0.8780480364583334 0.22102641015625 0.8748596171875 0.14384315234375 0.3511145546875
0 0.224690462890625 0.8765043203124999 0.246030615234375 0.873513734375 0.169462064453125 0.3452910078125 0.145082828125 0.3479645416666666 0.224690462890625 0.8765043203124999
0 0.31330387890625 0.8680544661458334 0.241406162109375 0.3146241354166667 0.1718081875 0.3283458828125 0.252885470703125 0.8755293229166666 0.31330387890625 0.8680544661458334
0 0.322056953125 0.8658357005208334 0.364814560546875 0.8608358098958333 0.299769623046875 0.32827109114583336 0.254300560546875 0.33662725260416665 0.322056953125 0.8658357005208334
0 0.36659573828125 0.8645545390625 0.41341944140625 0.8639452213541667 0.3499457734375 0.31999820572916665 0.30271308203125 0.3278585989583333 0.36659573828125 0.8645545390625
0 0.39655492578125 0.319668125 0.35395197265625 0.3266305442708333 0.4168667421875 0.8604859010416667 0.454413986328125 0.8563365234375001 0.39655492578125 0.319668125
0 0.4568356328125 0.857860921875 0.49025901953125 0.8571453411458334 0.429008732421875 0.28491538541666667 0.396596744140625 0.29188380208333337 0.4568356328125 0.857860921875
0 0.495140388671875 0.8435641354166666 0.522290111328125 0.8387673463541666 0.465171572265625 0.2973043020833333 0.436835251953125 0.3021182291666667 0.495140388671875 0.8435641354166666
0 0.460556486328125 0.13113108333333334 0.454978966796875 0.13588106770833333 0.529101068359375 0.8874172499999999 0.583206123046875 0.884795484375 0.516327705078125 0.12133118489583333 0.460556486328125 0.13113108333333334
0 0.574680716796875 0.22922794791666667 0.534285380859375 0.23588099479166666 0.588359224609375 0.8652236171875001 0.62263559375 0.8564518203125 0.574680716796875 0.22922794791666667
0 0.634712375 0.21684683333333332 0.581962064453125 0.2272154609375 0.6275943125 0.8438518932291666 0.6719784453125 0.8406081666666667 0.634712375 0.21684683333333332
0 0.691374134765625 0.2089063125 0.6383917734375 0.21633120572916667 0.676006837890625 0.8350832421875 0.72399291796875 0.8303426901041666 0.691374134765625 0.2089063125
0 0.727517615234375 0.8278645729166666 0.782862294921875 0.8220927942708333 0.75496536328125 0.20541371875 0.693464712890625 0.2165500390625 0.727517615234375 0.8278645729166666