0 0.676566673828125 1 0.331289666015625 0.9061111276041666 0.322146130859375 0.9503453645833333 0.443955876953125 1 0.676566673828125 1
0 0.347243966796875 0.8284330885416668 0.34542677734375 0.8363581015625 0.3403051953125 0.8627435885416667 0.336151638671875 0.8808578203124999 0.671514626953125 0.9692848489583333 0.677696533203125 0.9544732968749999 0.6821096953125 0.9352268854166667 0.68437570703125 0.9212950598958334 0.347243966796875 0.8284330885416668
0 0.71320858984375 0.8562946302083333 0.71552301171875 0.8300028359375 0.37375304296875 0.7189954244791666 0.349531916015625 0.8306037526041666 0.6952743671875 0.9183099479166666 0.705869435546875 0.884251984375 0.71320858984375 0.8562946302083333
0 0.71752937890625 0.8172030885416667 0.727913306640625 0.7719173567708334 0.386470556640625 0.6724396458333333 0.376930498046875 0.7192139218750001 0.71752937890625 0.8172030885416667
0 0.382148935546875 0.6681085989583333 0.75298858203125 0.7759492109375 0.76126923046875 0.7681830442708333 0.763016046875 0.7565154973958333 0.765871626953125 0.7440619244791667 0.76592774609375 0.7277267395833333 0.394138869140625 0.6036701458333333 0.382148935546875 0.6681085989583333
0 0.765757287109375 0.7081142942708333 0.7764008046875 0.6616964583333333 0.423583294921875 0.5562505546875 0.4147789609375 0.6108458880208333 0.765757287109375 0.7081142942708333
0 0.778996794921875 0.6503749895833334 0.787233498046875 0.6104038932291667 0.449133796875 0.52581303125 0.443114595703125 0.5642123125 0.778996794921875 0.6503749895833334
0 0.412293224609375 0.4637526666666667 0.406414833984375 0.5096371223958334 0.7967637890625 0.6093369817708333 0.805519703125 0.56710153125 0.412293224609375 0.4637526666666667
0 0.81932241015625 0.5393028958333334 0.824514357421875 0.5166601041666666 0.82708834375 0.48923603125 0.824589193359375 0.4758377395833333 0.454632322265625 0.37072334114583333 0.437628076171875 0.4666523333333333 0.812242826171875 0.5661282213541666 0.81932241015625 0.5393028958333334
0 0.826027970703125 0.47766216666666667 0.841414671875 0.41460837500000003 0.443954921875 0.27922981510416667 0.430421162109375 0.35229766927083334 0.826027970703125 0.47766216666666667
0 0.45992298828125 0.20338817708333334 0.44859302734375 0.27304767708333333 0.842263826171875 0.41495452604166666 0.85308844921875 0.3520605104166667 0.45992298828125 0.20338817708333334
0 0.857060935546875 0.3504223072916666 0.864400109375 0.32246488020833336 0.469134134765625 0.15605926822916666 0.460631369140625 0.19624925520833333 0.857060935546875 0.3504223072916666
0 0.864919287109375 0.32020067708333333 0.87023008984375 0.2889403932291667 0.476402966796875 0.1154518515625 0.4693873125 0.15401381510416667 0.864919287109375 0.32020067708333333
0 0.874665216796875 0.28579648697916665 0.878867181640625 0.25532228385416667 0.48593123046875 0.07781396354166667 0.476185296875 0.11221815364583333 0.874665216796875 0.28579648697916665
0 0.880495197265625 0.252272 0.89387547265625 0.20201793489583333 0.505056041015625 0.012759481770833333 0.4949906875 0.06665142447916667 0.880495197265625 0.252272
0 0.509707740234375 0 0.50815977734375 0.005169653645833334 0.89295590234375 0.19792915364583333 0.906265765625 0.14393245572916666 0.89360956640625 0.137605484375 0.55604412890625 0 0.509707740234375 0