0 0.447297185546875 0 0.1661225703125 0.10750069791666667 0.17147803515625 0.12761864583333335 0.503458419921875 0 0.447297185546875 0
0 0.5106837578125 0 0.170684068359375 0.12587868229166668 0.179822525390625 0.16641957291666667 0.584095759765625 0.012157052083333333 0.5820871953125 0 0.5106837578125 0
0 0.180348298828125 0.16652068229166667 0.18842470703125 0.2040750546875 0.593298916015625 0.05303667708333334 0.586047693359375 0.012642395833333334 0.180348298828125 0.16652068229166667
0 0.611972087890625 0.10741522916666667 0.603638931640625 0.051485304687500004 0.190376626953125 0.20456040364583336 0.2035033359375 0.2670848359375 0.611972087890625 0.10741522916666667
0 0.204082052734375 0.2682890755208333 0.216199623046875 0.3289299661458333 0.623486859375 0.1781393828125 0.610999125 0.11148199739583332 0.204082052734375 0.2682890755208333
0 0.6966033671875 0.2561009270833333 0.679704341796875 0.16034060416666665 0.205347720703125 0.3343105625 0.224677779296875 0.42695428385416667 0.6966033671875 0.2561009270833333
0 0.238470935546875 0.43248902864583333 0.25265382421875 0.48125613020833335 0.680955794921875 0.32836196354166663 0.67246416015625 0.2727195572916667 0.238470935546875 0.43248902864583333
0 0.68876032421875 0.3785629973958333 0.68214036328125 0.33059915624999997 0.25399691796875 0.4832057864583333 0.26593209765625 0.5290280572916667 0.68876032421875 0.3785629973958333
0 0.2630582890625 0.533930984375 0.274555033203125 0.5787986770833333 0.705575337890625 0.4286683255208333 0.697911078125 0.3824539661458333 0.2630582890625 0.533930984375
0 0.713831130859375 0.4736621822916667 0.704775767578125 0.4315557734375 0.275534021484375 0.5833508619791666 0.28786664453125 0.626297296875 0.713831130859375 0.4736621822916667
0 0.287394845703125 0.6256162005208333 0.302807484375 0.688692078125 0.718267314453125 0.5443713723958333 0.7079813828125 0.48082501302083336 0.287394845703125 0.6256162005208333
0 0.729661849609375 0.6117047734375 0.721203326171875 0.5508964635416667 0.30073619140625 0.6919472265625001 0.31578462109375 0.7576254218749999 0.729661849609375 0.6117047734375
0 0.316274115234375 0.7599015130208334 0.327162046875 0.80623359375 0.7467933125 0.6675662057291666 0.737350146484375 0.6173864166666666 0.316274115234375 0.7599015130208334
0 0.75913196484375 0.7186693854166667 0.751413673828125 0.6698939296875 0.328385767578125 0.8119237473958334 0.33820276171875 0.8603545052083333 0.75913196484375 0.7186693854166667
0 0.349439369140625 0.9184114453125 0.364469865234375 0.9582333984375001 0.77040200390625 0.7882555677083333 0.7629439375 0.7426647760416666 0.349439369140625 0.9184114453125
0 0.395622103515625 1 0.776287740234375 0.83280534375 0.770646736328125 0.7893935390625 0.36398637890625 0.9645760989583333 0.376389158203125 1 0.395622103515625 1
0 0.51949027734375 1 0.7799495234375 0.8878734114583334 0.772145162109375 0.8393154765625 0.394996294921875 1 0.51949027734375 1
0 0.552702814453125 1 0.783989662109375 0.9115727499999999 0.780233587890625 0.8941074375000001 0.52820854296875 1 0.552702814453125 1