0 0.55939416796875 1 0.885286876953125 0.85881471875 0.874405974609375 0.8172604739583332 0.47077359765625 1 0.55939416796875 1
0 0.87775327734375 0.8169509583333333 0.863151408203125 0.7605424088541667 0.452113228515625 0.9488805807291666 0.461556291015625 0.9981649973958334 0.87775327734375 0.8169509583333333
0 0.863402826171875 0.7615741145833334 0.85589978125 0.7237620729166667 0.4423079921875 0.9086440286458334 0.4500078046875 0.9472635364583333 0.863402826171875 0.7615741145833334
0 0.354026892578125 0.8623979140625 0.3720710859375 0.9399550286458332 0.870837830078125 0.7183457083333334 0.87112869140625 0.7125165651041666 0.856585990234375 0.6458167395833333 0.354026892578125 0.8623979140625
0 0.845602564453125 0.5866999583333333 0.840051681640625 0.5674328411458334 0.33569322265625 0.7836529140624999 0.3529782421875 0.8580946953124999 0.8543232421875 0.6365313828125 0.85241052734375 0.611125609375 0.845602564453125 0.5866999583333333
0 0.325868265625 0.7468467890625 0.333633919921875 0.7752024010416667 0.837537517578125 0.5571157760416666 0.824000484375 0.49454277864583335 0.316565861328125 0.7086736484374999 0.325868265625 0.7468467890625
0 0.300031552734375 0.6302897447916667 0.31657244140625 0.6981665755208333 0.81939609765625 0.48969375520833336 0.8071358671875 0.4288488671875 0.805124537109375 0.4205952135416667 0.300031552734375 0.6302897447916667
0 0.78259290234375 0.35271440625 0.324268533203125 0.5296006510416666 0.323938224609375 0.5422906432291666 0.329198244140625 0.5673869036458333 0.337011873046875 0.5959393802083334 0.3415373828125 0.6074874427083333 0.79558766015625 0.42008483854166667 0.78259290234375 0.35271440625
0 0.758511125 0.2890065338541667 0.753675046875 0.27969538020833334 0.30721166796875 0.45258376302083336 0.3240565625 0.5217080989583334 0.769243134765625 0.347091609375 0.770076275390625 0.33646503125 0.758511125 0.2890065338541667
0 0.73942320703125 0.20716641666666666 0.735301931640625 0.20781123437500001 0.288606861328125 0.3762374817708333 0.30440664453125 0.4480958385416667 0.750076326171875 0.27897319010416666 0.7508897421875 0.2717770338541667 0.73942320703125 0.20716641666666666
0 0.269770361328125 0.2954290729166667 0.286092697265625 0.3659204166666667 0.7319743515625 0.2046903203125 0.73203351953125 0.19439904947916667 0.718496482421875 0.13182604947916668 0.269770361328125 0.2954290729166667
0 0.289898607421875 0.24108392187500002 0.2973822734375 0.27179372916666666 0.71727884765625 0.11980666927083333 0.709696912109375 0.09571632552083333 0.7081884140625 0.0895260859375 0.289898607421875 0.24108392187500002
0 0.279841955078125 0.19981566145833332 0.2868421640625 0.23556429166666668 0.705634806640625 0.0860698671875 0.700143091796875 0.056511476562499996 0.695790125 0.0526941640625 0.279841955078125 0.19981566145833332
0 0.701789650390625 0.03868874479166667 0.69428660546875 0.0008767005208333333 0.2649295 0.15266667708333334 0.27218112890625 0.18944701302083333 0.701789650390625 0.03868874479166667
0 0.597729091796875 0 0.2548136796875 0.12168969010416668 0.26281248046875 0.15100203645833335 0.685270083984375 0.002501640625 0.684590541015625 0 0.597729091796875 0
0 0.4584138671875 0 0.343847896484375 0.04191808072916667 0.245568337890625 0.08449536458333333 0.250450953125 0.107298265625 0.5460219375 0 0.4584138671875 0