0 0.100205263671875 0.6925066302083334 0.13788515234375 0.7019858984375 0.186788876953125 0.20829682291666665 0.140381720703125 0.18986376822916665 0.100205263671875 0.6925066302083334
0 0.231660880859375 0.22298922135416666 0.188985412109375 0.20667322916666667 0.1402072578125 0.6954835364583333 0.177887162109375 0.7049627317708334 0.231660880859375 0.22298922135416666
0 0.1797134140625 0.7093560807291667 0.209347767578125 0.7132959348958333 0.273106150390625 0.2536152447916667 0.237464732421875 0.23917225260416666 0.1797134140625 0.7093560807291667
0 0.308463990234375 0.26959689322916663 0.27603065234375 0.25719674739583337 0.211663501953125 0.7154129557291666 0.240473732421875 0.7211902526041666 0.308463990234375 0.26959689322916663
0 0.242760095703125 0.7211435989583334 0.272877658203125 0.7314266276041667 0.340815814453125 0.33964122395833335 0.3048864921875 0.32488721354166666 0.242760095703125 0.7211435989583334
0 0.2772707890625 0.7281794635416667 0.307877875 0.7361862604166666 0.379710984375 0.3477391223958333 0.344273392578125 0.33501911718750005 0.2772707890625 0.7281794635416667
0 0.440770431640625 0.302937484375 0.39358269921875 0.28612802604166665 0.30945931640625 0.7417176666666667 0.34945498046875 0.7533140546875 0.440770431640625 0.302937484375
0 0.503202076171875 0.3218800234375 0.456616796875 0.31515445052083335 0.39359270703125 0.7714207578125 0.433224361328125 0.7804145885416666 0.503202076171875 0.3218800234375
0 0.436632126953125 0.7903392890625001 0.4634611640625 0.794438328125 0.534524525390625 0.3523308984375 0.507086708984375 0.346767453125 0.436632126953125 0.7903392890625001
0 0.46748391015625 0.7972079869791666 0.49175253125 0.8003280286458333 0.56695970703125 0.3651471380208333 0.538666572265625 0.3588412942708334 0.46748391015625 0.7972079869791666
0 0.615256427734375 0.3634897552083333 0.5802563359375 0.3587301276041666 0.4974759453125 0.8123698802083333 0.52813969140625 0.8149180885416666 0.615256427734375 0.3634897552083333
0 0.528817365234375 0.8169623932291666 0.56247446484375 0.82367190625 0.65776109765625 0.3822537421875 0.61585887890625 0.37357364062500004 0.528817365234375 0.8169623932291666
0 0.5651542109375 0.8283914869791666 0.598930609375 0.838841734375 0.70218875 0.40165311718749996 0.660850130859375 0.39200671354166666 0.5651542109375 0.8283914869791666
0 0.64646337109375 0.8841121510416667 0.788167322265625 0.40989110156249997 0.740783453125 0.397740765625 0.60658681640625 0.8762565078125001 0.64646337109375 0.8841121510416667
0 0.652193169921875 0.8875345442708333 0.69146088671875 0.8939257604166667 0.84847524609375 0.4307869270833333 0.79852869921875 0.41754761718750005 0.652193169921875 0.8875345442708333
0 0.701113166015625 0.8705187369791667 0.73501501953125 0.8760901744791667 0.876996935546875 0.50129203125 0.8294555546875 0.4884933177083333 0.701113166015625 0.8705187369791667
0 0.950038587890625 0.5419856510416666 0.89346226171875 0.5215866796875 0.73756929296875 0.8856886406250001 0.7853590703125 0.9037781536458334 0.950038587890625 0.5419856510416666