0 0.209824779296875 0.08603153125 0.14925135546875 0.14316935677083334 0.16198398828125 0.19814303125 0.342115818359375 0.03876849479166667 0.209824779296875 0.08603153125
0 0.450630310546875 0 0.359503259765625 0.03255655989583333 0.164721466796875 0.21176490885416666 0.160215607421875 0.214497765625 0.162377587890625 0.22944831510416666 0.1757838359375 0.2751967838541667 0.479429267578125 0 0.450630310546875 0
0 0.4811613671875 0 0.164315783203125 0.28940153645833333 0.173622984375 0.32313763802083334 0.54029155078125 0 0.4811613671875 0
0 0.5927058125 0 0.169805078125 0.33348619010416664 0.18305698046875 0.38265900520833335 0.646373302734375 0.03856421354166666 0.6335534375 0 0.5927058125 0
0 0.178453001953125 0.39328839322916664 0.193277048828125 0.44189953645833335 0.664945814453125 0.11840513020833333 0.644796943359375 0.05168206510416667 0.178453001953125 0.39328839322916664
0 0.194021232421875 0.4539874140625 0.21083857421875 0.5041325546875001 0.600686365234375 0.25142348697916667 0.579924322265625 0.18584163020833333 0.194021232421875 0.4539874140625
0 0.2091683125 0.5125907604166667 0.2247784296875 0.5609210651041666 0.61836034765625 0.32260087239583335 0.5972333828125 0.25939552604166666 0.2091683125 0.5125907604166667
0 0.63794271875 0.35715828125 0.635080140625 0.3471062838541667 0.63032012109375 0.33180487239583334 0.6280536875 0.3205269505208333 0.225045234375 0.5664410833333333 0.230786994140625 0.599204859375 0.63794271875 0.35715828125
0 0.60060596875 0.46483513020833334 0.587407720703125 0.4159293072916667 0.22890615625 0.6066152291666667 0.237637861328125 0.6416800026041667 0.277095830078125 0.6242138229166666 0.60060596875 0.46483513020833334
0 0.217621126953125 0.6510774296875 0.228402353515625 0.6921483880208333 0.60453745703125 0.5263223541666667 0.59134213671875 0.4774310807291667 0.217621126953125 0.6510774296875
0 0.232964443359375 0.6938877135416667 0.24027834765625 0.7260898151041667 0.63182620703125 0.5614957447916666 0.621735947265625 0.5238630911458334 0.232964443359375 0.6938877135416667
0 0.25209811328125 0.7555590625 0.6437584296875 0.5999093567708333 0.6348161484375 0.5637967447916666 0.24929006640625 0.7206241015625 0.248827025390625 0.7308971458333334 0.25209811328125 0.7555590625
0 0.249622208984375 0.7600083541666667 0.254844701171875 0.7985729843749999 0.657622490234375 0.6479359348958333 0.6485944609375 0.6030118489583333 0.249622208984375 0.7600083541666667
0 0.259982287109375 0.7989836406249999 0.2676192265625 0.8411779453125 0.684981806640625 0.7044224036458333 0.6729103203125 0.6527386458333333 0.259982287109375 0.7989836406249999
0 0.686049021484375 0.726502484375 0.681771798828125 0.7136035000000001 0.26646823046875 0.8438352916666667 0.273529671875 0.8873582708333334 0.695777373046875 0.7623342604166666 0.686049021484375 0.726502484375
0 0.27874374609375 1 0.735111927734375 0.9077570338541667 0.732121984375 0.9054560338541666 0.728696552734375 0.8842184635416667 0.7247518515625 0.86878175 0.719122546875 0.8449623411458332 0.71259471484375 0.8124794036458334 0.70723221484375 0.794180015625 0.707793373046875 0.7760104453125 0.2260147421875 0.923425875 0.22303913671875 0.9379657734375 0.222632326171875 0.9527109973958333 0.225426033203125 0.9708050572916668 0.230002458984375 0.98938528125 0.2352596171875 1 0.27874374609375 1