0 0.11472125390625 0.764575609375 0.137307453125 0.7702613776041667 0.150161884765625 0.2663878203125 0.1250117734375 0.26425854427083334 0.11472125390625 0.764575609375
0 0.173662875 0.27023523177083336 0.150071703125 0.26736711458333334 0.138595896484375 0.7724604322916666 0.162197626953125 0.775664265625 0.173662875 0.27023523177083336
0 0.164300068359375 0.7766685338541667 0.1833044140625 0.7807738125 0.20104555078125 0.2736777369791667 0.177979109375 0.27193591145833335 0.164300068359375 0.7766685338541667
0 0.2160011796875 0.3447628203125 0.198375462890625 0.341877265625 0.184051759765625 0.7888487083333334 0.200373896484375 0.7884735156249999 0.2160011796875 0.3447628203125
0 0.2001184921875 0.7924730651041667 0.216275404296875 0.79511815625 0.2343764375 0.3480071692708333 0.2160011796875 0.3447628203125 0.2001184921875 0.7924730651041667
0 0.227394625 0.80389696875 0.244204318359375 0.8022084244791667 0.26748632421875 0.28758344531249996 0.237002033203125 0.2786165234375 0.2174736640625 0.7982965390625 0.227394625 0.80389696875
0 0.298614859375 0.2976498984375 0.296591990234375 0.295330609375 0.28767600390625 0.2869124973958333 0.268491296875 0.2847657760416667 0.24666951171875 0.805064390625 0.250985744140625 0.8067651067708334 0.26329025390625 0.8107676328125 0.274699935546875 0.8093873802083333 0.298614859375 0.2976498984375
0 0.27632919140625 0.8148903932291667 0.31965908203125 0.8219840494791667 0.349816951171875 0.2921154453125 0.30208059375 0.28430039583333333 0.27632919140625 0.8148903932291667
0 0.322145837890625 0.8273614270833334 0.3689673515625 0.837014890625 0.404184029296875 0.3025612213541667 0.351105392578125 0.29431451822916666 0.322145837890625 0.8273614270833334
0 0.458418689453125 0.31088901041666667 0.40701033984375 0.3024728098958333 0.370436205078125 0.8372553619791666 0.420220248046875 0.8496091822916667 0.458418689453125 0.31088901041666667
0 0.4577749609375 0.36645112760416665 0.42056903515625 0.8514271041666667 0.431404740234375 0.8551891666666666 0.461051501953125 0.8570605078125001 0.502200005859375 0.36974783333333333 0.466858388671875 0.36495602083333334 0.46309612109375 0.36533414843749995 0.4577749609375 0.36645112760416665
0 0.545722923828125 0.3771141979166666 0.502200005859375 0.36974783333333333 0.46398911328125 0.8575414322916667 0.472441220703125 0.8629013906249999 0.501997796875 0.8657520572916666 0.545722923828125 0.3771141979166666
0 0.504291208984375 0.8651334895833332 0.542840984375 0.86746834375 0.59286915234375 0.38155298177083335 0.548647875 0.3753638203125 0.504291208984375 0.8651334895833332
0 0.635320583984375 0.3975057265625 0.593639908203125 0.38869395052083333 0.543949111328125 0.8716259947916667 0.58641553515625 0.8790039088541667 0.635320583984375 0.3975057265625
0 0.653577623046875 0.39353621875 0.6498153515625 0.3939143463541666 0.64137616796875 0.396508984375 0.586647728515625 0.8855747552083333 0.592432771484375 0.8875158671875 0.62832840234375 0.89438653125 0.68598162890625 0.39784710677083335 0.6625708203125 0.3930204010416667 0.653577623046875 0.39353621875
0 0.732635337890625 0.36075207291666667 0.697564265625 0.3530223697916666 0.631085748046875 0.8968260651041667 0.638713291015625 0.9030451249999999 0.6645076015625 0.9062738880208333 0.732635337890625 0.36075207291666667
0 0.666517546875 0.9006385833333334 0.69938538671875 0.9080075885416666 0.769989318359375 0.3635414296875 0.73593367578125 0.3573158125 0.666517546875 0.9006385833333334
0 0.700673779296875 0.9102066328124999 0.738502197265625 0.9203758671875 0.81477262890625 0.35928806249999995 0.774380349609375 0.3526753307291666 0.700673779296875 0.9102066328124999
0 0.7404218671875 0.9157198098958333 0.7782501796875 0.9258890911458333 0.85892708203125 0.3655226510416667 0.817156130859375 0.3576901380208333 0.7404218671875 0.9157198098958333
0 0.778984658203125 0.9260093359375 0.81966041015625 0.9376387395833333 0.8976576875 0.422560546875 0.852034380859375 0.41608548697916664 0.778984658203125 0.9260093359375
0 0.821219345703125 0.9368999322916666 0.861160720703125 0.948409109375 0.94422005078125 0.43032785677083335 0.89912654296875 0.422801015625 0.821219345703125 0.9368999322916666
0 0.972850029296875 0.3831792135416667 0.95816197265625 0.38077459114583334 0.86327376953125 0.9497491354166666 0.880074875 0.9534937864583334 0.972850029296875 0.3831792135416667
0 0.881724099609375 0.9517755989583333 0.89741717578125 0.9513626067708333 0.996637005859375 0.3864347083333333 0.9815726796875 0.38560129947916666 0.881724099609375 0.9517755989583333