0 0.646500203125 1 0.6489054296875 0.969487734375 0.219143771484375 0.9092613723958333 0.21451863671875 0.957554375 0.2145074296875 0.9576965520833333 0.505838177734375 1 0.646500203125 1
0 0.64907551953125 0.9673300208333333 0.652987560546875 0.9177025625 0.221862345703125 0.8540127864583332 0.218047630859375 0.9024055624999999 0.64907551953125 0.9673300208333333
0 0.653242693359375 0.9144659895833334 0.658049123046875 0.8638730963541666 0.226199609375 0.7989910416666667 0.22221583984375 0.849528421875 0.653242693359375 0.9144659895833334
0 0.65847434375 0.8584788072916667 0.662301341796875 0.8099302083333333 0.231985474609375 0.7463538541666667 0.228087802734375 0.7957989973958334 0.65847434375 0.8584788072916667
0 0.661192921875 0.8032302213541667 0.666254484375 0.7494007552083333 0.237642345703125 0.6849723828125001 0.232511208984375 0.7396844791666667 0.661192921875 0.8032302213541667
0 0.6657002734375 0.7460507604166667 0.66931323828125 0.6898367369791667 0.245002953125 0.6227388958333333 0.23978797265625 0.6785145963541667 0.6657002734375 0.7460507604166667
0 0.670462759765625 0.6856347239583332 0.67356545703125 0.6358938489583333 0.247466396484375 0.5707268828125 0.242847884765625 0.6189358645833333 0.670462759765625 0.6856347239583332
0 0.251463482421875 0.5200205677083333 0.248549716796875 0.5673646901041667 0.250064517578125 0.5689094296875 0.67245703515625 0.6291938619791667 0.6777326328125 0.5830298203125001 0.251463482421875 0.5200205677083333
0 0.681131564453125 0.5191503697916667 0.2881305625 0.45971251041666666 0.286810951171875 0.46607223437499995 0.283576419921875 0.48634369010416667 0.281661498046875 0.5002554192708334 0.280490837890625 0.5151062083333333 0.677518599609375 0.5753643958333333 0.681131564453125 0.5191503697916667
0 0.68075229296875 0.5135811197916667 0.684110125 0.46060366927083335 0.68202226953125 0.4559479765625 0.294601630859375 0.39838291666666664 0.291493244140625 0.40667351562500004 0.290217578125 0.4228563828125 0.288941912109375 0.43903925 0.28857692578125 0.454050015625 0.68075229296875 0.5135811197916667
0 0.687086677734375 0.42284365104166666 0.296982873046875 0.36817490104166667 0.296771685546875 0.38123461458333335 0.294959279296875 0.3938458385416667 0.6848755234375 0.45089395052083336 0.686406322265625 0.4314745104166667 0.687086677734375 0.42284365104166666
0 0.68857353125 0.3936010677083333 0.2985547734375 0.3378534635416666 0.297449197265625 0.3518786145833333 0.2982355234375 0.36266462239583336 0.6883212421875 0.41756278125 0.68878756640625 0.40126649479166665 0.68857353125 0.3936010677083333
0 0.69061744140625 0.3884336197916667 0.69503975 0.33233301822916667 0.30429669140625 0.2753931328125 0.29916880078125 0.3300640234375 0.69061744140625 0.3884336197916667
0 0.30536116796875 0.2722699791666667 0.6961042265625 0.3292098671875 0.695676162109375 0.31387901562500004 0.6979312578125 0.29565185416666667 0.69724805859375 0.283557578125 0.30884798828125 0.2280368125 0.30723214453125 0.248535109375 0.304741810546875 0.26974642708333335 0.30536116796875 0.2722699791666667
0 0.312252607421875 0.205607640625 0.310103380859375 0.22249175520833334 0.320604025390625 0.2242304140625 0.6982274921875 0.28151328645833334 0.700397544921875 0.26436498177083334 0.312252607421875 0.205607640625
0 0.7014620234375 0.261241828125 0.702737689453125 0.24505896354166667 0.313613318359375 0.18834591927083333 0.311719625 0.20198837239583334 0.7014620234375 0.261241828125
0 0.701629267578125 0.23835897656250002 0.7057113984375 0.18657380468749998 0.317396373046875 0.1299741796875 0.31582162890625 0.13957047916666668 0.314290830078125 0.15898991666666668 0.313250802734375 0.18256411718749999 0.326988044921875 0.184766359375 0.701629267578125 0.23835897656250002
0 0.70596653125 0.18333723177083336 0.70936830859375 0.14018291927083334 0.32267196875 0.08381013802083333 0.3177592734375 0.1253704765625 0.70596653125 0.18333723177083336
0 0.707032533203125 0.13867229166666667 0.709158642578125 0.11170084635416666 0.362674369140625 0.06423566927083334 0.360095470703125 0.08657052604166666 0.707032533203125 0.13867229166666667
0 0.364630390625 0.03942194010416667 0.363755728515625 0.060898359374999995 0.363568759765625 0.06327023177083334 0.70528201171875 0.10897602604166667 0.7053642109375 0.08717203125 0.364630390625 0.03942194010416667
0 0.708044533203125 0.06355058072916667 0.368290146484375 0.013756195312499999 0.36697053515625 0.020115921875 0.366035046875 0.031983359375 0.704085701171875 0.08262976041666667 0.706384744140625 0.07422573958333333 0.708044533203125 0.06355058072916667
0 0.367213935546875 0 0.36637237890625 0.0069427890624999995 0.3777031953125 0.008530677083333334 0.708554798828125 0.057077434895833334 0.710554763671875 0.04208684635416667 0.709446341796875 0.035386859375 0.456933740234375 0 0.367213935546875 0