0 0.114641037109375 0.7422502864583334 0.1625630546875 0.7556454010416668 0.2157162578125 0.12193578385416666 0.16177113671875 0.10457712239583333 0.114641037109375 0.7422502864583334
0 0.16255672265625 0.7642648802083333 0.211577044921875 0.7768481666666666 0.273265302734375 0.14640175520833335 0.217416939453125 0.13120790104166666 0.16255672265625 0.7642648802083333
0 0.325448556640625 0.1700479140625 0.27667305859375 0.15632651302083334 0.2158382734375 0.7870992526041666 0.259470125 0.7934718046875 0.325448556640625 0.1700479140625
0 0.25948641796875 0.8074821640625 0.3046031171875 0.8210364661458334 0.377141171875 0.18962805208333333 0.32654052734375 0.17785559114583335 0.25948641796875 0.8074821640625
0 0.443935431640625 0.25476298177083334 0.377600173828125 0.23679141666666667 0.307157333984375 0.8306349088541666 0.3667836796875 0.8497365598958333 0.443935431640625 0.25476298177083334
0 0.43567308984375 0.8773065885416668 0.5135528046875 0.2875381067708333 0.482336955078125 0.27806682552083334 0.47757354296875 0.2873309322916667 0.471096912109375 0.30456188802083334 0.4604845 0.306662984375 0.450242314453125 0.30274711979166663 0.44524052734375 0.30452988541666665 0.3761217578125 0.8651620260416667 0.43567308984375 0.8773065885416668
0 0.442369294921875 0.8934154062499999 0.48724137109375 0.90810775 0.565610478515625 0.31606307031249997 0.517933224609375 0.30152984374999997 0.442369294921875 0.8934154062499999
0 0.53160474609375 0.9509347734375 0.548555796875 0.9537204973958334 0.5981819921875 0.30634546875 0.57867051953125 0.3025807838541667 0.53160474609375 0.9509347734375
0 0.62182912109375 0.32524000520833335 0.619268576171875 0.3242610364583333 0.612440529296875 0.32165048958333337 0.603479712890625 0.31815468229166666 0.55453025 0.9560046953125 0.577581326171875 0.9561958463541668 0.62182912109375 0.32524000520833335
0 0.580505810546875 0.9597774270833334 0.610749001953125 0.9651817083333333 0.65914763671875 0.3191196953125 0.62708205859375 0.3136996692708333 0.580505810546875 0.9597774270833334
0 0.61915216015625 0.981943140625 0.65195578125 0.9883263463541666 0.702329314453125 0.33562922395833333 0.670974955078125 0.33294450520833335 0.61915216015625 0.981943140625
0 0.69967749609375 1 0.750729455078125 0.37038859114583333 0.70510265625 0.36323620833333337 0.65517234765625 1 0.69967749609375 1
0 0.7509385625 1 0.804605482421875 0.39019355729166666 0.76118945703125 0.3859114114583333 0.702948544921875 1 0.7509385625 1