0 0.300803732421875 0 0.29220196875 0.05900298958333333 0.697193173828125 0.1186568046875 0.7038944609375 0.11818339322916667 0.7150998203125 0.046389877604166664 0.650656046875 0.029687744791666665 0.40481605078125 0 0.300803732421875 0
0 0.695909189453125 0.15589757291666667 0.700049544921875 0.1218105 0.287741990234375 0.06116239322916667 0.278472732421875 0.13611734635416667 0.688923287109375 0.203816703125 0.695909189453125 0.15589757291666667
0 0.699712611328125 0.26628864583333334 0.70837474609375 0.20687155208333333 0.27527733203125 0.13528918229166667 0.272437693359375 0.14339405729166668 0.266405884765625 0.19045535677083333 0.699712611328125 0.26628864583333334
0 0.688645134765625 0.3308316041666667 0.697304919921875 0.271430625 0.26627328125 0.19705161458333334 0.261680701171875 0.20580727864583334 0.255626251953125 0.24733719010416666 0.688645134765625 0.3308316041666667
0 0.256137255859375 0.255205359375 0.24806466015625 0.31057857552083334 0.676335716796875 0.40389352083333335 0.686568099609375 0.33939213802083334 0.256137255859375 0.255205359375
0 0.245690748046875 0.31548884375 0.2395263359375 0.3691464010416667 0.664003662109375 0.47142404947916666 0.67343473046875 0.40673252864583337 0.245690748046875 0.31548884375
0 0.22785722265625 0.3695760755208333 0.222469021484375 0.41790928645833336 0.64952078125 0.5252745755208333 0.656972408203125 0.4741608385416667 0.22785722265625 0.3695760755208333
0 0.221359685546875 0.419831984375 0.219144248046875 0.4634619713541666 0.64222439453125 0.5753234453125 0.649186640625 0.5275665703125 0.221359685546875 0.419831984375
0 0.221873921875 0.46748474218749997 0.220855142578125 0.49153299739583334 0.587550044921875 0.5920962109375 0.592204451171875 0.5658564427083334 0.221873921875 0.46748474218749997
0 0.2077210078125 0.5190718932291667 0.584490478515625 0.6244563776041666 0.58524405078125 0.6136006432291666 0.586747177734375 0.5976034114583334 0.211446822265625 0.4935150260416667 0.20767573046875 0.5080091145833333 0.2077210078125 0.5190718932291667
0 0.202640060546875 0.5254907760416666 0.19838383203125 0.5774326770833333 0.62264123046875 0.7039656197916666 0.63068578515625 0.648784765625 0.202640060546875 0.5254907760416666
0 0.182542662109375 0.6064801927083333 0.180880275390625 0.6292565338541667 0.610286537109375 0.7659647630208334 0.6200894375 0.7044093671875 0.19008484765625 0.5774920078125 0.1856475078125 0.5851827994791666 0.182542662109375 0.6064801927083333
0 0.17023324609375 0.6795421093749999 0.170766890625 0.6929416666666667 0.599730064453125 0.8383758906250001 0.60634975390625 0.7872820729166666 0.17775279296875 0.6450225338541666 0.174114302734375 0.6529203723958333 0.17023324609375 0.6795421093749999
0 0.160320380859375 0.7532251484375 0.16655594140625 0.7559463463541666 0.586777041015625 0.9101658984375001 0.59210697265625 0.8565456901041667 0.1626910625 0.7085302916666666 0.161206556640625 0.7357731536458334 0.160320380859375 0.7532251484375
0 0.572869923828125 0.982813734375 0.579972626953125 0.9340934036458334 0.157969109375 0.7636668046875 0.15539790625 0.7983637526041667 0.1573740078125 0.8132422630208334 0.572869923828125 0.982813734375
0 0.57048337890625 1 0.571432185546875 0.9926757578125001 0.152270421875 0.8141297552083334 0.15009703125 0.8290379296875 0.146526458984375 0.8535299296875 0.150232865234375 0.8622262604166666 0.464953013671875 1 0.57048337890625 1
0 0.148749720703125 0.9183234973958333 0.363575677734375 0.9740007447916667 0.142933248046875 0.8724905390625 0.13951791796875 0.8959176692708333 0.138631744140625 0.9133696666666666 0.148749720703125 0.9183234973958333