0 0.526222552734375 1 0.587467177734375 0.9885235052083333 0.794233021484375 0.9230725260416667 0.78722934765625 0.8809237421875 0.40550311328125 1 0.526222552734375 1
0 0.397376009765625 1 0.789413701171875 0.8773508515625 0.78283568359375 0.8319586536458333 0.374431208984375 0.9595919479166667 0.37904384765625 1 0.397376009765625 1
0 0.368663673828125 0.9095694270833333 0.3754888359375 0.9573063203125001 0.7825885390625 0.8296139583333333 0.777171916015625 0.7855072864583333 0.368663673828125 0.9095694270833333
0 0.769513056640625 0.7651157890625 0.76728875 0.7440134479166667 0.762041359375 0.7282596171875001 0.7586618671875 0.7217198723958332 0.366045458984375 0.8251790963541666 0.373830517578125 0.8990371927083333 0.76936080859375 0.7806859036458333 0.769513056640625 0.7651157890625
0 0.752483248046875 0.6631023333333333 0.750106697265625 0.6575701119791667 0.360266220703125 0.7533360598958333 0.368312767578125 0.8211676822916667 0.75754844921875 0.7116065859375 0.756946224609375 0.6969357500000001 0.755848376953125 0.6780133333333334 0.752483248046875 0.6631023333333333
0 0.757402955078125 0.6502253255208333 0.75071568359375 0.5952896510416666 0.362757498046875 0.6918984244791666 0.3698154609375 0.7503511848958334 0.757402955078125 0.6502253255208333
0 0.33834541015625 0.6474571067708333 0.34453837109375 0.6977034739583333 0.756238947265625 0.5966456692708334 0.750416673828125 0.5499163880208333 0.33834541015625 0.6474571067708333
0 0.3340347109375 0.5980535729166666 0.339101185546875 0.6461200208333333 0.752807591796875 0.5470773541666667 0.748744005859375 0.500018515625 0.3340347109375 0.5980535729166666
0 0.746999685546875 0.49197681510416663 0.736343787109375 0.40789710937499996 0.291998173828125 0.5055080885416666 0.303919484375 0.5993791614583334 0.746999685546875 0.49197681510416663
0 0.28036804296875 0.4036784244791667 0.291133166015625 0.49730161458333333 0.73597306640625 0.4043800260416666 0.72563019921875 0.3152345026041667 0.28036804296875 0.4036784244791667
0 0.724837193359375 0.3072397604166667 0.7169429140625 0.22383794010416666 0.261478611328125 0.29965022395833335 0.2742269453125 0.39646062760416667 0.724837193359375 0.3072397604166667
0 0.273620041015625 0.23757178385416666 0.28106306640625 0.29117045572916667 0.71256053125 0.21629058072916665 0.706827408203125 0.16491699479166666 0.273620041015625 0.23757178385416666
0 0.26151880078125 0.19082364322916667 0.26673753515625 0.2233199765625 0.715436857421875 0.14999869791666667 0.716206966796875 0.14029036197916667 0.7173907734375 0.108985359375 0.7091346640625 0.09020877083333334 0.25690987890625 0.144035671875 0.256794384765625 0.16301685677083333 0.26151880078125 0.19082364322916667
0 0.26996137109375 0.10077410677083333 0.275412892578125 0.14398630989583333 0.69582085546875 0.09150815364583333 0.68861067578125 0.04862550260416667 0.26996137109375 0.10077410677083333
0 0.638003759765625 0 0.2631505546875 0.04466604166666666 0.270469994140625 0.09709224739583333 0.688116388671875 0.043936111979166664 0.68175659765625 0 0.638003759765625 0