0 0.853977544921875 0.836952421875 0.844855994140625 0.7790096145833334 0.417367541015625 0.9312561328125 0.4275706640625 0.9988806015625 0.853977544921875 0.836952421875
0 0.40651469140625 0.8580510963541667 0.417100634765625 0.9191881145833333 0.84185995703125 0.7617066015625 0.83160722265625 0.7077570677083332 0.40651469140625 0.8580510963541667
0 0.82927755859375 0.7048291276041666 0.820422052734375 0.6431593541666667 0.404180708984375 0.7761486536458334 0.414434318359375 0.8458930859375 0.82927755859375 0.7048291276041666
0 0.39159739453125 0.7034762161458333 0.40318203125 0.770380984375 0.819423388671875 0.6373917604166667 0.8066982265625 0.5721465755208334 0.39159739453125 0.7034762161458333
0 0.80657402734375 0.5684462864583334 0.80271190234375 0.5356147916666667 0.387215244140625 0.6558382734375 0.3955240546875 0.6998374739583334 0.80657402734375 0.5684462864583334
0 0.380543927734375 0.61332271875 0.38713518359375 0.6513892083333334 0.801513482421875 0.5286935572916667 0.79476153125 0.49163197135416664 0.380543927734375 0.61332271875
0 0.796918736328125 0.48636750520833333 0.784136525390625 0.4283364036458333 0.369159044921875 0.54757159375 0.38014445703125 0.6110156640625 0.796918736328125 0.48636750520833333
0 0.784802052734375 0.4269165677083333 0.776346015625 0.3675538489583334 0.3584396328125 0.48040048697916665 0.369824515625 0.5461516145833333 0.784802052734375 0.4269165677083333
0 0.355176705078125 0.4510295338541667 0.359304857421875 0.4801341510416666 0.774681880859375 0.3632060729166667 0.7694244296875 0.33372599479166665 0.355176705078125 0.4510295338541667
0 0.77081976953125 0.33037465625 0.767956296875 0.3033106796875 0.347818703125 0.41673479166666666 0.353911994140625 0.4489887421875 0.77081976953125 0.33037465625
0 0.307782759765625 0.35626727083333337 0.316838005859375 0.4190906067708333 0.769353552734375 0.29559059375 0.75763337109375 0.24247589322916666 0.307782759765625 0.35626727083333337
0 0.75783606640625 0.23960020052083333 0.747117544921875 0.1882240703125 0.29642611328125 0.29357599739583334 0.3063183515625 0.3530731458333333 0.75783606640625 0.23960020052083333
0 0.32048908203125 0.24543478645833336 0.3274798203125 0.28580840625 0.743456912109375 0.1881359296875 0.735600919921875 0.14802865625 0.32048908203125 0.24543478645833336
0 0.307241169921875 0.18997722395833336 0.31596322265625 0.24561298697916667 0.733403833984375 0.13533982552083332 0.723750294921875 0.0848508359375 0.307241169921875 0.18997722395833336
0 0.674823400390625 0 0.254190982421875 0.1151814375 0.266627515625 0.1851513828125 0.73206855859375 0.05920504947916667 0.721059859375 0 0.674823400390625 0
0 0.4572741484375 0 0.284468310546875 0.053193828125 0.291328650390625 0.09281435416666667 0.63407659375 0 0.4572741484375 0