0 0.497453828125 0 0.215287396484375 0.14819591145833333 0.229150181640625 0.18818488020833335 0.57777026953125 0.010863184895833334 0.57535344921875 0 0.497453828125 0
0 0.23593234765625 0.21820297916666667 0.247407076171875 0.2588687421875 0.58670176171875 0.06688899739583333 0.57538493359375 0.020951054687499998 0.23593234765625 0.21820297916666667
0 0.246398166015625 0.2744593697916667 0.2572937890625 0.3146238385416667 0.595633251953125 0.12291480729166666 0.583739509765625 0.0764893046875 0.246398166015625 0.2744593697916667
0 0.252099787109375 0.32275007552083335 0.2631983984375 0.36418785937500003 0.603752787109375 0.17384736458333336 0.590905837890625 0.1277052109375 0.252099787109375 0.32275007552083335
0 0.260052337890625 0.3757664895833333 0.2701061484375 0.40751905989583337 0.657275353515625 0.19332077604166667 0.646597025390625 0.1545193671875 0.260052337890625 0.3757664895833333
0 0.265998720703125 0.41932988020833334 0.273025650390625 0.44462065885416663 0.660702328125 0.23360566406250002 0.653082703125 0.20459700260416666 0.265998720703125 0.41932988020833334
0 0.27117492578125 0.4517993828125 0.27898394921875 0.47886477604166666 0.667096462890625 0.27371504947916664 0.660332126953125 0.24380880208333333 0.27117492578125 0.4517993828125
0 0.275192919921875 0.4832662916666666 0.28472734375 0.5211548515625 0.673813025390625 0.32837232552083334 0.663689126953125 0.2867860963541667 0.275192919921875 0.4832662916666666
0 0.68135345703125 0.37880358333333336 0.6707539375 0.33736518750000005 0.669299623046875 0.3376365182291667 0.280010953125 0.5291457291666667 0.28848866015625 0.5666683515625001 0.68135345703125 0.37880358333333336
0 0.29154540234375 0.5764487864583333 0.29982012109375 0.6126980911458334 0.67223721875 0.44060970052083337 0.661568404296875 0.4018679765625 0.29154540234375 0.5764487864583333
0 0.699717876953125 0.47208129687499994 0.691122484375 0.4400831354166667 0.68918645703125 0.44046408593749997 0.2968828203125 0.616192234375 0.303491857421875 0.6482556614583334 0.699717876953125 0.47208129687499994
0 0.301509779296875 0.6514790859375 0.30808895703125 0.6802238671874999 0.706619484375 0.5153739713541666 0.697822763671875 0.4821129140625 0.301509779296875 0.6514790859375
0 0.311288966796875 0.684640328125 0.318781591796875 0.7191150208333333 0.715592748046875 0.5653991484374999 0.705884341796875 0.5264192343749999 0.311288966796875 0.684640328125
0 0.315193552734375 0.7247898515625 0.3224115546875 0.7606732213541667 0.7231630390625 0.6191490494791666 0.714208931640625 0.5786380520833333 0.315193552734375 0.7247898515625
0 0.719085068359375 0.6749833671875001 0.710277123046875 0.641651890625 0.314369279296875 0.7697207239583334 0.3140528828125 0.7771300286458334 0.3152588984375 0.7940891848958334 0.31823208984375 0.8158708828125 0.324345572265625 0.8354317473958334 0.331802306640625 0.8446306067708332 0.7293478984375 0.7299664427083333 0.726129943359375 0.7129120651041667 0.719085068359375 0.6749833671875001
0 0.3067695703125 0.8723531640625 0.320399654296875 0.9609838359374999 0.842285501953125 0.8716338958333334 0.825041783203125 0.7728608177083333 0.3067695703125 0.8723531640625
0 0.388230017578125 1 0.721485044921875 0.9483994973958333 0.848433642578125 0.9124211536458334 0.843183765625 0.8835312395833333 0.32103848046875 0.9681224244791666 0.32689444921875 1 0.388230017578125 1
0 0.488219849609375 1 0.58923758984375 0.9858795833333334 0.712232259765625 0.9510218177083334 0.384848310546875 1 0.488219849609375 1