0 0.306228599609375 0.056143270833333335 0.1609494453125 0.17630041666666665 0.16994463671875 0.20439588020833332 0.41125019921875 0.013332171875 0.306228599609375 0.056143270833333335
0 0.443955875 0 0.43273027734375 0.004576013020833333 0.17550096875 0.21007145833333332 0.181145314453125 0.23839849479166667 0.47738898828125 0.0087382421875 0.474928029296875 0 0.443955875 0
0 0.1846047890625 0.2460632083333333 0.191503126953125 0.27614780208333334 0.48714180859375 0.051271632812499995 0.4772712109375 0.0156471328125 0.1846047890625 0.2460632083333333
0 0.19556759375 0.27902842708333336 0.20300630078125 0.30775837760416663 0.49851573828125 0.08974109375 0.4893611796875 0.05723934114583334 0.19556759375 0.27902842708333336
0 0.2044981640625 0.31055333333333335 0.212585869140625 0.3458249244791667 0.508982181640625 0.13538668229166667 0.497148513671875 0.09491223958333334 0.2044981640625 0.31055333333333335
0 0.21120263671875 0.35092625520833337 0.2198307109375 0.384843203125 0.522496974609375 0.18319273958333335 0.50995228125 0.13961741927083335 0.21120263671875 0.35092625520833337
0 0.520637994140625 0.18621927083333334 0.218209603515625 0.3889071328125 0.22964815625 0.42394715104166664 0.53296341796875 0.22883833072916668 0.520637994140625 0.18621927083333334
0 0.225216572265625 0.4268880130208333 0.238687357421875 0.46336834375 0.545224220703125 0.27488683333333336 0.532922712890625 0.23237207031249998 0.225216572265625 0.4268880130208333
0 0.23933635546875 0.4699099869791667 0.247250810546875 0.500714734375 0.557009275390625 0.31886053645833334 0.544921724609375 0.27727887760416664 0.23933635546875 0.4699099869791667
0 0.2474240625 0.505181578125 0.2581489921875 0.5371093958333334 0.568080708984375 0.35972204166666666 0.557722896484375 0.3219727369791667 0.2474240625 0.505181578125
0 0.258797990234375 0.5436510390625 0.267966435546875 0.5762133463541667 0.583389861328125 0.40793101302083334 0.570317837890625 0.3657671979166666 0.258797990234375 0.5436510390625
0 0.2740631328125 0.5805342838541666 0.282691208984375 0.6144512291666667 0.598223265625 0.4540651848958333 0.5849160234375 0.41087554947916666 0.2740631328125 0.5805342838541666
0 0.285977431640625 0.6176490963541666 0.290799529296875 0.6349676510416666 0.60572659375 0.47936569270833335 0.599752142578125 0.4570215546875 0.285977431640625 0.6176490963541666
0 0.293049021484375 0.6522005338541667 0.4790696640625 0.5616241432291667 0.495477384765625 0.5515325859375 0.509118638671875 0.5516436848958334 0.611673435546875 0.5053006875 0.60546252734375 0.48192532552083334 0.290497033203125 0.6373596927083334 0.293049021484375 0.6522005338541667
0 0.24220753515625 0.7273752135416666 0.2461427578125 0.7371147239583333 0.491720978515625 0.6279320598958333 0.477230859375 0.5795837239583334 0.23405520703125 0.6955330625 0.2344017109375 0.7044667473958334 0.24220753515625 0.7273752135416666
0 0.248045748046875 0.745413921875 0.2595929296875 0.7883502239583334 0.50815487890625 0.6847574713541666 0.4939704375 0.6340309895833333 0.248045748046875 0.745413921875
0 0.608612822265625 0.6404036067708333 0.605933265625 0.6212951588541666 0.547216875 0.647281234375 0.539780951171875 0.6593873567708334 0.533599017578125 0.6732510338541666 0.608612822265625 0.6404036067708333
0 0.32561432421875 0.76824340625 0.330198546875 0.7845245572916667 0.6112088203125 0.6665701744791667 0.604163599609375 0.6469788046875 0.32561432421875 0.76824340625
0 0.326178087890625 0.7929696614583334 0.329443697265625 0.8109227005208334 0.62314373046875 0.6889298203125 0.618672587890625 0.6694305520833334 0.326178087890625 0.7929696614583334
0 0.62705833984375 0.7134245 0.622048244140625 0.6952860546875 0.334286408203125 0.8134860807291666 0.3326006796875 0.8209794557291666 0.335995533203125 0.8320736067708333 0.62705833984375 0.7134245
0 0.30484520703125 0.8595185260416667 0.309364806640625 0.8792291223958334 0.313949029296875 0.8955102734375 0.31944073828125 0.904615296875 0.689431958984375 0.7776134427083333 0.67043309375 0.7096018541666668 0.307244556640625 0.8551373515625 0.30484520703125 0.8595185260416667
0 0.320976609375 0.9187359817708334 0.327593064453125 0.9364574479166666 0.3315282890625 0.9461969557291666 0.337798240234375 0.9549847369791666 0.710385458984375 0.8541494531249999 0.6926535625 0.7842407526041667 0.323980951171875 0.9095707213541666 0.320976609375 0.9187359817708334
0 0.35174198828125 0.9527037942708333 0.3601968125 0.9821539010416668 0.7119447265625 0.8943510338541666 0.701646876953125 0.8568632317708333 0.35174198828125 0.9527037942708333
0 0.472504078125 1 0.65348392578125 0.9602795520833333 0.721874689453125 0.9324006796875 0.713910333984375 0.9029233125 0.359829693359375 0.9879753880208333 0.36317776953125 1 0.472504078125 1