0 0.166857611328125 0.7715832682291667 0.16897505859375 0.7790494895833334 0.1724345546875 0.780662859375 0.587333509765625 0.9753159010416667 0.590901615234375 0.9597549036458334 0.5962537734375 0.9364134088541666 0.600892310546875 0.9161841119791667 0.605887658203125 0.8943987187500001 0.1800596015625 0.7140075833333334 0.170588662109375 0.7441778437500001 0.166857611328125 0.7715832682291667
0 0.227049142578125 0.6872205833333332 0.22291163671875 0.7108317135416667 0.226463373046875 0.7176097031249999 0.602905322265625 0.8795705911458334 0.605953671875 0.8774101249999999 0.612473193359375 0.8545444947916666 0.617825353515625 0.831203 0.617177744140625 0.8173266067708332 0.234185353515625 0.6560985885416667 0.232044490234375 0.6654351875 0.227049142578125 0.6872205833333332
0 0.28211747265625 0.5973663697916667 0.2654645703125 0.65329125 0.266223943359375 0.6555464270833333 0.6216533359375 0.8089417395833333 0.63521213671875 0.7498099531250001 0.28211747265625 0.5973663697916667
0 0.286337359375 0.5344276614583333 0.27273634765625 0.5881766328125 0.273135369140625 0.5920033489583333 0.6340447734375 0.7493340859375 0.649484560546875 0.6875659661458333 0.286337359375 0.5344276614583333
0 0.30096659375 0.4706275729166667 0.287465875 0.5295060494791667 0.2912666953125 0.529630859375 0.649387626953125 0.6824218020833334 0.664016861328125 0.6186217135416666 0.30096659375 0.4706275729166667
0 0.67141294921875 0.5807994583333334 0.678452228515625 0.5445332994791666 0.325648361328125 0.4075222109375 0.31053051953125 0.4623193854166667 0.308587466796875 0.4652264010416667 0.6645366171875 0.6052211848958333 0.67141294921875 0.5807994583333334
0 0.676474310546875 0.54202546875 0.680496158203125 0.5300525364583334 0.685037763671875 0.504679078125 0.691006611328125 0.47308121875 0.339370107421875 0.3365459947916667 0.323639115234375 0.3995840989583333 0.331745060546875 0.40320127343749995 0.676474310546875 0.54202546875
0 0.390280388671875 0.35389600781249997 0.692433853515625 0.46685682031250003 0.696552634765625 0.4600280520833333 0.701191171875 0.43979875520833334 0.70404565625 0.42734995833333334 0.397222734375 0.31248568489583334 0.39274714453125 0.3208705520833333 0.387561505859375 0.3490527291666667 0.390280388671875 0.35389600781249997
0 0.70664026171875 0.42160142447916665 0.711278798828125 0.40137213020833334 0.713582609375 0.38019110156249997 0.400306177734375 0.27120386979166666 0.397451693359375 0.2836526640625 0.3940525859375 0.30404353385416666 0.394434263671875 0.307945890625 0.70664026171875 0.42160142447916665
0 0.361430521484375 0.19580230208333335 0.35070390625 0.23701564322916668 0.35260719140625 0.23984895572916667 0.718415009765625 0.3702501354166667 0.727951962890625 0.32309128125000003 0.361430521484375 0.19580230208333335
0 0.25686075390625 0.05618702083333333 0.250081353515625 0.0857529140625 0.246525849609375 0.11795965364583333 0.2472577890625 0.12033446874999999 0.73885014453125 0.28669661979166666 0.744656046875 0.26694319010416667 0.754483796875 0.23521682552083334 0.761523076171875 0.19895066927083335 0.764280626953125 0.18135770572916665 0.275379810546875 0.014391190104166666 0.267402126953125 0.021348458333333334 0.25686075390625 0.05618702083333333
0 0.409436513671875 0 0.4071237265625 0.013228692708333335 0.40749000390625 0.017198200520833335 0.605259216796875 0.12334027864583334 0.762302708984375 0.17884987500000002 0.763276208984375 0.16903741406249997 0.453560544921875 0 0.409436513671875 0
0 0.457318609375 0 0.664926818359375 0.1136322265625 0.7599370625 0.15576538802083334 0.76583989453125 0.14115612239583333 0.774403349609375 0.10380973177083334 0.535003955078125 0 0.457318609375 0