0 0.162232234375 0.8458271848958333 0.167784712890625 0.8402871093750001 0.10344018359375 0.32835038541666667 0.04398561328125 0.325381484375 0.113324998046875 0.84596646875 0.119438875 0.8487648984375 0.162232234375 0.8458271848958333
0 0.17665162109375 0.8409067031249999 0.23363200390625 0.8389602578124999 0.182494767578125 0.3303176328125 0.116834349609375 0.3305109947916667 0.17665162109375 0.8409067031249999
0 0.2782414921875 0.8124372708333333 0.3065690546875 0.81560228125 0.246637234375 0.31219996093749997 0.207972634765625 0.3154994401041667 0.2782414921875 0.8124372708333333
0 0.285253908203125 0.31734280989583336 0.246893943359375 0.32059035416666665 0.308671392578125 0.8299765260416666 0.341781044921875 0.8273577239583334 0.285253908203125 0.31734280989583336
0 0.3521191015625 0.8330125234375 0.393139095703125 0.8299508151041667 0.361284046875 0.37363675 0.31228386328125 0.3761407890625 0.3521191015625 0.8330125234375
0 0.4516568203125 0.8115133203124999 0.462529408203125 0.806345 0.439633544921875 0.35306724739583334 0.366414548828125 0.35621109895833336 0.401162109375 0.8067992552083334 0.41530258984375 0.8089729947916666 0.4516568203125 0.8115133203124999
0 0.44257673828125 0.3639043359375 0.468693412109375 0.8304879036458334 0.5057484609375 0.8378196223958333 0.542335 0.8344481145833332 0.5377776640625 0.3622574192708334 0.44257673828125 0.3639043359375
0 0.59236126171875 0.8284589635416667 0.606827060546875 0.8223561588541667 0.61309961328125 0.3687062994791667 0.538385478515625 0.36941352083333334 0.547372552734375 0.8193872213541668 0.576400875 0.8273436979166666 0.59236126171875 0.8284589635416667
0 0.60524330078125 0.8400296067708334 0.6282506953125 0.842822859375 0.64217075390625 0.3529535859375 0.61197681640625 0.35202933072916665 0.60524330078125 0.8400296067708334
0 0.669658015625 0.35487431510416667 0.64389758984375 0.354259859375 0.628204220703125 0.8440052578125 0.652928658203125 0.8477959270833333 0.669658015625 0.35487431510416667
0 0.6553198125 0.855384859375 0.686214390625 0.8611005338541666 0.71079696875 0.3707114739583333 0.67087376171875 0.36918657031249996 0.6553198125 0.855384859375
0 0.755248515625 0.37152557291666666 0.71609483984375 0.37234648697916667 0.687987818359375 0.8612244557291667 0.72060935546875 0.8682463723958334 0.755248515625 0.37152557291666666
0 0.72424904296875 0.8661294921875 0.755283162109375 0.8682980651041667 0.793333255859375 0.38560595833333333 0.757350794921875 0.38589981510416665 0.72424904296875 0.8661294921875
0 0.83378445703125 0.3414452005208333 0.8300016953125 0.3245823203125 0.81581473828125 0.32359097656249997 0.763081056640625 0.8961119973958334 0.76653484765625 0.8987245494791667 0.782262869140625 0.9057515625 0.797522494140625 0.9020754375000001 0.852501533203125 0.36290841927083334 0.8491406875 0.3579311510416667 0.841392921875 0.3514616953125 0.83793912890625 0.3488491458333333 0.83378445703125 0.3414452005208333
0 0.853434662109375 0.3617880182291667 0.852176216796875 0.37118496354166663 0.80013233203125 0.8809168359375 0.841012962890625 0.8814022421875 0.898082822265625 0.33294751562499997 0.8624373359375 0.33633370572916665 0.855765775390625 0.34772360677083336 0.853434662109375 0.3617880182291667
0 0.83998688671875 0.8848873984375 0.880820923828125 0.8865551145833334 0.950591197265625 0.33300875520833334 0.8998640546875 0.3342065546875 0.83998688671875 0.8848873984375
0 1 0.3360619401041667 0.95749878125 0.3382338984375 0.883341587890625 0.8902881041666667 0.923288970703125 0.8918938671875 1 0.37916801041666665 1 0.3360619401041667