0 0.24253189453125 1 0.0853592890625 0.45480294010416666 0.033779400390625 0.47469436718749997 0.188087568359375 1 0.24253189453125 1
0 0.28577650390625 1 0.292947025390625 0.9965074791666666 0.13802874609375 0.4321980677083333 0.0898128828125 0.451852828125 0.24516387109375 1 0.28577650390625 1
0 0.297377392578125 0.9935668333333334 0.32125900390625 0.9826970625000001 0.150618091796875 0.36466048437500004 0.126534123046875 0.3744780963541667 0.297377392578125 0.9935668333333334
0 0.324371203125 0.9814284036458334 0.349873166015625 0.9664941640625 0.177373970703125 0.3514843984375 0.15532910546875 0.36274008333333335 0.324371203125 0.9814284036458334
0 0.3529853671875 0.9652255052083333 0.386743693359375 0.9491949348958334 0.25005587890625 0.44212898437500003 0.2155708984375 0.4584557708333334 0.3529853671875 0.9652255052083333
0 0.3958805078125 0.9148348958333333 0.417427970703125 0.9049166197916666 0.290926083984375 0.431141859375 0.2715399375 0.43904444791666664 0.3958805078125 0.9148348958333333
0 0.428089763671875 0.9402831223958333 0.454845642578125 0.9271070338541666 0.2869695703125 0.2988662109375 0.257943791015625 0.30956365885416665 0.428089763671875 0.9402831223958333
0 0.45663967578125 0.9275103619791666 0.4828554375 0.9156890963541667 0.32174387890625 0.2835561328125 0.2922552421875 0.29557690625 0.45663967578125 0.9275103619791666
0 0.5573745390625 0.8807734713541667 0.39734321484375 0.245930859375 0.341863744140625 0.2674119166666667 0.327642990234375 0.275478171875 0.49057168359375 0.9159475833333333 0.548211623046875 0.8890472421875 0.5573745390625 0.8807734713541667
0 0.412666279296875 0.23854990625000003 0.405943134765625 0.24582912499999998 0.5634704375 0.885096421875 0.626080857421875 0.8539006119791667 0.477784533203125 0.21087039322916667 0.412666279296875 0.23854990625000003
0 0.631462955078125 0.85511059375 0.66031505078125 0.8399453541666667 0.514398052734375 0.20729170833333332 0.4841788359375 0.219610296875 0.631462955078125 0.85511059375
0 0.667491181640625 0.8415586640625 0.69245302734375 0.8279792499999999 0.548413388671875 0.17754058854166666 0.52016566015625 0.18792087239583333 0.667491181640625 0.8415586640625
0 0.696581208984375 0.8274310833333334 0.726989404296875 0.8116315130208333 0.58450586328125 0.16055852343750002 0.55663970703125 0.17191790885416666 0.696581208984375 0.8274310833333334
0 0.731053333984375 0.8145134791666666 0.771338244140625 0.7935531119791667 0.645117455078125 0.19485246614583332 0.6024766484375 0.21223460156249999 0.731053333984375 0.8145134791666666
0 0.7751642421875 0.7953974218750001 0.816703068359375 0.7761952005208334 0.692102626953125 0.17343008854166667 0.649473595703125 0.19080742708333334 0.7751642421875 0.7953974218750001
0 0.820181703125 0.7691039270833334 0.837838916015625 0.7607714739583334 0.72651753125 0.20478709375 0.704494203125 0.2126300546875 0.820181703125 0.7691039270833334
0 0.84017306640625 0.7598199791666667 0.858608328125 0.7511703671875 0.748605111328125 0.19351399739583333 0.728556890625 0.2016864739583333 0.84017306640625 0.7598199791666667
0 0.86327662890625 0.7492673750000001 0.88996825390625 0.7395214244791667 0.77817100390625 0.18146172916666667 0.75292034765625 0.192889578125 0.86327662890625 0.7492673750000001
0 0.80695884765625 0.16972662760416668 0.783033884765625 0.179479421875 0.8939227578125 0.7345054635416667 0.91229376953125 0.729285984375 0.91804230078125 0.7246733489583334 0.80695884765625 0.16972662760416668
0 0.918646669921875 0.7198883932291666 0.9521028125 0.7062503020833333 0.841642802734375 0.13176041666666666 0.8039942265625 0.14937681249999998 0.918646669921875 0.7198883932291666
0 1 0.4780465208333333 0.925450630859375 0.08511578645833334 0.889281421875 0.10099448437500001 1 0.7014831796875001 1 0.4780465208333333