0 0.562753478515625 1 0.6658074140625 0.9526875781249999 0.881563537109375 0.8188975156249999 0.871817869140625 0.7920696380208333 0.55845208984375 0.9860204973958333 0.5623034609375 1 0.562753478515625 1
0 0.867303150390625 0.7891340208333334 0.861521681640625 0.7667465442708333 0.5488474140625 0.9549304609374999 0.556456173828125 0.9819284088541668 0.867303150390625 0.7891340208333334
0 0.867109873046875 0.762928859375 0.858809556640625 0.7416977942708334 0.555067279296875 0.91902425 0.561768263671875 0.9406748697916667 0.867109873046875 0.762928859375
0 0.546502583984375 0.8888353072916666 0.55372940625 0.9168195963541667 0.858809556640625 0.7416977942708334 0.85314256640625 0.7174526666666666 0.546502583984375 0.8888353072916666
0 0.854679724609375 0.7147958333333334 0.848609171875 0.6912889505208333 0.53901428125 0.8634751510416666 0.548759970703125 0.8903031015625 0.854679724609375 0.7147958333333334
0 0.84803102734375 0.6890502083333333 0.837390482421875 0.6551205833333333 0.4770617734375 0.8529306927083334 0.48695853515625 0.887374125 0.84803102734375 0.6890502083333333
0 0.465883791015625 0.8094034583333333 0.476551904296875 0.8470767239583333 0.834554978515625 0.6514140338541666 0.82430160546875 0.6177706093750001 0.465883791015625 0.8094034583333333
0 0.4600471015625 0.779528828125 0.46895315625 0.8067422604166666 0.83036990625 0.61702484375 0.821287892578125 0.5861035703125 0.4600471015625 0.779528828125
0 0.822826408203125 0.5841775208333333 0.811291060546875 0.5431461927083333 0.495129337890625 0.7069247838541667 0.507271447265625 0.7478312916666666 0.822826408203125 0.5841775208333333
0 0.485068017578125 0.6691266848958333 0.495736109375 0.7067998750000001 0.8118416328125 0.5416413802083333 0.797821416015625 0.5032336145833333 0.485068017578125 0.6691266848958333
0 0.79358943359375 0.5036937838541666 0.783238005859375 0.4708834635416667 0.473243615234375 0.6269759375 0.4842007890625 0.6657685364583333 0.79358943359375 0.5036937838541666
0 0.464309958984375 0.5960189661458334 0.473532697265625 0.6280953463541666 0.789665794921875 0.46668039843750003 0.780622328125 0.43263448958333334 0.464309958984375 0.5960189661458334
0 0.776217375 0.43278774999999997 0.768412408203125 0.4025647213541667 0.469555439453125 0.5479041770833334 0.47994585546875 0.5838321328125 0.776217375 0.43278774999999997
0 0.76890773828125 0.3935726822916667 0.76766861328125 0.37786434375 0.76417209375 0.3606883046875 0.757895314453125 0.34729294010416667 0.378474853515625 0.5327549114583333 0.3937405234375 0.5845945625 0.76890773828125 0.3935726822916667
0 0.756600986328125 0.32409752864583335 0.7522925 0.311050390625 0.74407499609375 0.30105010416666667 0.74179006640625 0.29583874479166666 0.361532263671875 0.47355807031249997 0.378419650390625 0.5252678333333333 0.757289556640625 0.3413105 0.756600986328125 0.32409752864583335
0 0.743964607421875 0.2860757734375 0.736159640625 0.2558527421875 0.37409381640625 0.41821504687500005 0.38298791015625 0.45931402083333334 0.743964607421875 0.2860757734375
0 0.347144458984375 0.3968881848958334 0.35466040234375 0.4259920338541667 0.73332408203125 0.25214621875 0.724128923828125 0.22381330468750002 0.347144458984375 0.3968881848958334
0 0.3250514921875 0.33315795833333334 0.342891224609375 0.3913284401041666 0.725463927734375 0.21443593489583335 0.709116810546875 0.15974444270833335 0.3250514921875 0.33315795833333334
0 0.70710124609375 0.1615138828125 0.6932257265625 0.10778396614583334 0.308312849609375 0.2719778828125 0.32534059375 0.3342774427083333 0.70710124609375 0.1615138828125
0 0.697313341796875 0.09088231770833333 0.677945435546875 0.015884333333333334 0.2871043984375 0.18135302864583333 0.30880815234375 0.26298585677083336 0.697313341796875 0.09088231770833333
0 0.500400810546875 0 0.260960041015625 0.0958878125 0.28148427734375 0.1753634296875 0.675054689453125 0.004690557291666667 0.67364041796875 0 0.500400810546875 0