0 0.200900603515625 0.7479963020833332 0.190860322265625 0.16921682291666665 0.1556266796875 0.16428034114583334 0.171367935546875 0.744058671875 0.187999080078125 0.7489706041666667 0.200900603515625 0.7479963020833332
0 0.20612987109375 0.7482238098958334 0.23579104296875 0.7511897473958333 0.229994271484375 0.17575311458333334 0.196946734375 0.16998730989583333 0.20612987109375 0.7482238098958334
0 0.238191759765625 0.7557616458333333 0.265666876953125 0.7582136328125001 0.264970919921875 0.18397621614583334 0.232780529296875 0.17741005989583333 0.238191759765625 0.7557616458333333
0 0.31053448828125 0.19168271875 0.26702842578125 0.18546183072916667 0.268324587890625 0.7608422135416667 0.305144087890625 0.7664929270833333 0.30866507421875 0.3705786536458333 0.31053448828125 0.19168271875
0 0.353783603515625 0.19984695833333332 0.31344924609375 0.19236798697916668 0.309259154296875 0.7694641328124999 0.34350705078125 0.7775159036458333 0.35072323046875 0.4786502890625 0.353783603515625 0.19984695833333332
0 0.34500833203125 0.7888894713541666 0.38337134375 0.7999124609375 0.4013076328125 0.20877726562499999 0.355841111328125 0.20133255729166666 0.34500833203125 0.7888894713541666
0 0.38812889453125 0.7980253932291667 0.42284849609375 0.8081918046875001 0.4551453359375 0.22033284374999998 0.4122064140625 0.21258042968750002 0.38812889453125 0.7980253932291667
0 0.4390894296875 0.7649219895833334 0.46690769921875 0.7704603020833334 0.50077001171875 0.3155556328125 0.472222986328125 0.3098460234375 0.4390894296875 0.7649219895833334
0 0.47402060546875 0.7450819479166667 0.50329618359375 0.7509628776041667 0.53949394140625 0.3261044765625 0.5083999921875 0.32035507552083337 0.47402060546875 0.7450819479166667
0 0.504753583984375 0.751305515625 0.5327003671875 0.7558720677083333 0.579467333984375 0.33405758072916664 0.55006315625 0.3291483229166667 0.504753583984375 0.751305515625
0 0.53415776953125 0.7562147083333333 0.56210454296875 0.7607813281250001 0.6153944296875 0.33954165104166667 0.58323919140625 0.333942484375 0.53415776953125 0.7562147083333333
0 0.565318580078125 0.7535219869791666 0.59095090234375 0.7585463072916667 0.641365904296875 0.3886850703125 0.61063291796875 0.38246153385416665 0.565318580078125 0.7535219869791666
0 0.67977279296875 0.4107389895833333 0.64942530078125 0.40160046875000005 0.59223895703125 0.7828941692708334 0.61980033984375 0.7903757630208333 0.660067193359375 0.5313403880208333 0.67977279296875 0.4107389895833333
0 0.624471681640625 0.7834590364583334 0.6477894453125 0.7889411067708334 0.723485658203125 0.33585669791666667 0.696396033203125 0.3304897291666667 0.624471681640625 0.7834590364583334
0 0.651904462890625 0.7919122994791666 0.675093734375 0.7983659973958334 0.76332757421875 0.34567410416666666 0.729315171875 0.33722723177083336 0.651904462890625 0.7919122994791666
0 0.678994091796875 0.7972792395833334 0.702440349609375 0.8017896770833333 0.79552643359375 0.35214233333333333 0.765020423828125 0.3456216302083333 0.678994091796875 0.7972792395833334
0 0.705226564453125 0.8034465651041667 0.73450223828125 0.8093275130208334 0.83167341796875 0.36429754166666667 0.7966968203125 0.3560744505208333 0.705226564453125 0.8034465651041667
0 0.741018072265625 0.8168706302083333 0.769308001953125 0.8245235703125 0.87859341796875 0.37387521875 0.84333225 0.3670385651041667 0.741018072265625 0.8168706302083333
0 0.77432260546875 0.8206931302083333 0.788167494140625 0.8239480989583333 0.905747466796875 0.3747501640625 0.88868120703125 0.37068712499999995 0.77432260546875 0.8206931302083333
0 0.7896248984375 0.8242907395833333 0.80432694140625 0.8267453229166667 0.92432187109375 0.37801524739583336 0.905912462890625 0.37674198177083335 0.7896248984375 0.8242907395833333