0 0.033793431640625 0.4547141614583334 0.0577799921875 0.46572647395833333 0.184116013671875 0.1713212630208333 0.164069404296875 0.1598095546875 0.033793431640625 0.4547141614583334
0 0.061977650390625 0.4676536328125 0.085364572265625 0.47839065104166667 0.20646364453125 0.18419114843749998 0.187114306640625 0.1726977890625 0.061977650390625 0.4676536328125
0 0.10661882421875 0.4792041927083333 0.114807634765625 0.4838581640625 0.24749792578125 0.15384762239583333 0.225230380859375 0.14458095833333334 0.087370046875 0.47841691145833337 0.10556649609375 0.4858765651041667 0.10661882421875 0.4792041927083333
0 0.134783201171875 0.494817875 0.140573359375 0.4983706171875 0.2708307265625 0.16062519270833334 0.2474378203125 0.1520931484375 0.1166066015625 0.4846840755208333 0.123989275390625 0.4898623463541667 0.134783201171875 0.494817875
0 0.190119177734375 0.5246949947916667 0.211500576171875 0.5354056692708333 0.285630369140625 0.21758591927083334 0.266043681640625 0.2125122890625 0.190119177734375 0.5246949947916667
0 0.210094744140625 0.5356547083333333 0.231082994140625 0.5452904869791667 0.3064872109375 0.22213572395833334 0.2890969375 0.21415178645833333 0.210094744140625 0.5356547083333333
0 0.231889181640625 0.5447661510416667 0.25267092578125 0.5552015807291667 0.347673396484375 0.18016552604166666 0.32853137109375 0.170540421875 0.231889181640625 0.5447661510416667
0 0.253270568359375 0.5554768776041666 0.27365917578125 0.564837359375 0.370530248046875 0.1916428359375 0.352517955078125 0.1815527447916667 0.253270568359375 0.5554768776041666
0 0.276470826171875 0.5643393385416667 0.299651232421875 0.5758759427083333 0.397798546875 0.20317815625 0.379316193359375 0.1920670182291667 0.276470826171875 0.5643393385416667
0 0.2998379140625 0.5777505104166667 0.327029283203125 0.5893397630208334 0.423405484375 0.22393621614583334 0.402804271484375 0.21236185416666667 0.2998379140625 0.5777505104166667
0 0.329034798828125 0.5893660416666667 0.35542003125 0.6014795911458334 0.447646357421875 0.25474280729166665 0.42729746875 0.240033953125 0.329034798828125 0.5893660416666667
0 0.35622620703125 0.6009553098958333 0.38540323828125 0.6152449869791666 0.474909193359375 0.27595863020833333 0.45021183203125 0.26039277604166666 0.35622620703125 0.6009553098958333
0 0.38761524609375 0.6144716692708333 0.416192662109375 0.6284861197916667 0.504383212890625 0.2875229557291667 0.48120772265625 0.2728342369791667 0.38761524609375 0.6144716692708333
0 0.415986169921875 0.62928571875 0.445721328125 0.6432310026041667 0.445969337890625 0.64305109375 0.53139285546875 0.294085546875 0.507013130859375 0.28199829947916666 0.415986169921875 0.62928571875
0 0.558977453125 0.30674973177083337 0.53319186328125 0.29491147916666666 0.447581701171875 0.6420024791666666 0.475854888671875 0.655098125 0.558977453125 0.30674973177083337
0 0.476965228515625 0.6554925572916667 0.512345419921875 0.6717357265625 0.59082664453125 0.32130753385416666 0.561789109375 0.30625168229166666 0.476965228515625 0.6554925572916667
0 0.5127385546875 0.6728106744791668 0.5485119765625 0.6901287786458333 0.621803337890625 0.33847999218749997 0.59214563671875 0.32376621875 0.5127385546875 0.6728106744791668
0 0.548924974609375 0.6885295286458333 0.57069955078125 0.7003151692708333 0.644087662109375 0.33789065104166666 0.62619931640625 0.32956162239583336 0.548924974609375 0.6885295286458333
0 0.57090604296875 0.6995155703124999 0.593300125 0.7089023151041666 0.664965890625 0.34845957031249997 0.646381462890625 0.33972174739583333 0.57090604296875 0.6995155703124999
0 0.60107593359375 0.7151555338541667 0.633850982421875 0.7310970729166667 0.698667763671875 0.3550793645833333 0.673632337890625 0.34328838802083333 0.60107593359375 0.7151555338541667
0 0.63924792578125 0.733574828125 0.66983081640625 0.7476155416666667 0.730779947265625 0.3678548802083333 0.706427234375 0.3565557786458333 0.63924792578125 0.733574828125
0 0.764892203125 0.34314777604166663 0.755297603515625 0.33874286197916664 0.742684771484375 0.33563555729166666 0.735449181640625 0.33768028385416665 0.6710301796875 0.748166171875 0.69902769921875 0.7592310703125 0.764892203125 0.34314777604166663
0 0.767517216796875 0.3407751796875 0.765491845703125 0.3434230729166667 0.70041370703125 0.7616562526041667 0.7295907265625 0.775945984375 0.79176230859375 0.35453878645833337 0.7859201328125 0.3474351614583333 0.777918041015625 0.34465580468749996 0.767517216796875 0.3407751796875
0 0.824699990234375 0.3920721223958333 0.789133076171875 0.3739543671875 0.73279560546875 0.7765228958333333 0.772579947265625 0.7938936249999999 0.820637630859375 0.4259844010416667 0.824699990234375 0.3920721223958333
0 0.773572740234375 0.7952438177083333 0.80016446484375 0.8065577734375 0.848301509765625 0.4279517630208333 0.824914568359375 0.4172147369791666 0.773572740234375 0.7952438177083333
0 0.870655943359375 0.4426869427083333 0.849274509765625 0.4319762213541667 0.80055761328125 0.8076326692708333 0.82714161328125 0.8203096848958333 0.870655943359375 0.4426869427083333