0 0.516372849609375 1 0.57026634765625 0.9937132395833334 0.78143637890625 0.9444424114583333 0.779566220703125 0.9159410859375 0.420745423828125 1 0.516372849609375 1
0 0.399129076171875 1 0.778248677734375 0.9071818098958334 0.7762331328125 0.8784503385416667 0.38213712890625 0.9722050625 0.383960935546875 1 0.399129076171875 1
0 0.777530419921875 0.8735943802083334 0.7756602578125 0.8450929869791667 0.37821724609375 0.937950078125 0.379796615234375 0.9704974348958334 0.777530419921875 0.8735943802083334
0 0.772740509765625 0.7553136848958334 0.35647619140625 0.841504015625 0.365551283203125 0.9345266588541666 0.7772913515625 0.8359897473958333 0.772740509765625 0.7553136848958334
0 0.771229453125 0.7436059739583333 0.768226328125 0.6865172552083334 0.36772843359375 0.7639360911458333 0.3732010546875 0.8246981119791666 0.771229453125 0.7436059739583333
0 0.77104603515625 0.6842076119791667 0.7714063046875 0.6217748828124999 0.362400408203125 0.6969003645833333 0.36747048046875 0.7600048776041667 0.77104603515625 0.6842076119791667
0 0.362966328125 0.6347585338541667 0.36744382421875 0.6916753307291666 0.76887237109375 0.6171188072916667 0.766416103515625 0.5669910260416667 0.362966328125 0.6347585338541667
0 0.767601490234375 0.5637892578125 0.76764820703125 0.5192190390625 0.337472138671875 0.5908868619791666 0.34213198828125 0.6342178802083334 0.767601490234375 0.5637892578125
0 0.757549044921875 0.512474515625 0.754425830078125 0.4761966848958334 0.3473935390625 0.5428933020833333 0.3505088984375 0.5807533255208334 0.757549044921875 0.512474515625
0 0.2227020625 0.5461456927083334 0.22616666796875 0.5536641484375 0.791026568359375 0.4679658489583333 0.7900048046875 0.3957910078125 0.2163266015625 0.4716243619791667 0.2227020625 0.5461456927083334
0 0.298255248046875 0.3957152526041667 0.30253927734375 0.449683609375 0.77541807421875 0.3885796744791667 0.769438435546875 0.3427317213541667 0.298255248046875 0.3957152526041667
0 0.290018525390625 0.31546915364583333 0.29687319140625 0.3859731458333333 0.76007646875 0.335901203125 0.758418654296875 0.2766747630208333 0.290018525390625 0.31546915364583333
0 0.285052923828125 0.23979306510416667 0.289696078125 0.3105550364583333 0.7543458984375 0.27120796875000003 0.751628498046875 0.20715353645833334 0.285052923828125 0.23979306510416667
0 0.749831708984375 0.20241140885416667 0.746469431640625 0.1285290078125 0.28354369921875 0.15495671875 0.29082133203125 0.23713945312499998 0.749831708984375 0.20241140885416667