0 0.410830341796875 0 0.774010705078125 0.15412784635416668 0.78589115625 0.10675827083333334 0.78832830078125 0.09008602864583333 0.5527028125 0 0.410830341796875 0
0 0.72499334375 0.17735065104166667 0.722912171875 0.17521810677083335 0.321948462890625 0.008376575520833334 0.316013494140625 0.024163752604166668 0.313765650390625 0.042489135416666664 0.3126391015625 0.055600630208333335 0.716173900390625 0.22229664322916667 0.72099283203125 0.20382573958333336 0.72335017578125 0.18892777604166666 0.72499334375 0.17735065104166667
0 0.6817274375 0.24862492447916665 0.684533298828125 0.23164140885416665 0.68830179296875 0.21411834375000002 0.6901345078125 0.21346959114583333 0.30515009375 0.05499441145833334 0.30223473046875 0.06855051302083333 0.29831283203125 0.08285030729166666 0.293832916015625 0.09580823958333333 0.291251314453125 0.11174898177083332 0.67656948828125 0.272608796875 0.67881207421875 0.2621810286458333 0.6817274375 0.24862492447916665
0 0.689502892578125 0.32269427864583333 0.69158745703125 0.30906470572916667 0.69208449609375 0.30675353906249997 0.29804651953125 0.14707397135416667 0.294458380859375 0.16375840625000002 0.689502892578125 0.32269427864583333
0 0.279146603515625 0.16016133072916666 0.27343589453125 0.17490572916666666 0.7014507890625 0.3419330104166667 0.704316908203125 0.32860588541666663 0.279146603515625 0.16016133072916666
0 0.704903142578125 0.36130921614583333 0.701763521484375 0.37590809374999995 0.715395986328125 0.38337719010416665 0.721067076171875 0.35307068229166666 0.276340744140625 0.17714484895833335 0.27297686328125 0.19278650520833332 0.704903142578125 0.36130921614583333
0 0.701763521484375 0.37590809374999995 0.703621380859375 0.3633326744791667 0.703338587890625 0.3607110442708333 0.26157647265625 0.19068485937500002 0.255083484375 0.20513017447916668 0.701763521484375 0.37590809374999995
0 0.723167005859375 0.38660866145833334 0.25564150390625 0.20647203645833334 0.247907208984375 0.23849904166666666 0.721075154296875 0.4160184557291667 0.724559048828125 0.3880089921875 0.723167005859375 0.38660866145833334
0 0.252012228515625 0.262713578125 0.24428319140625 0.28684296875 0.70605074609375 0.46226073958333336 0.71016242578125 0.43920530989583334 0.252012228515625 0.262713578125
0 0.244392693359375 0.29027038541666667 0.237221673828125 0.3157416432291667 0.702900611328125 0.49265484114583336 0.706562107421875 0.47169272395833334 0.244392693359375 0.29027038541666667
0 0.236992158203125 0.32468203125 0.220407533203125 0.38605230989583333 0.64283698828125 0.5475585729166667 0.656025177734375 0.4862349973958333 0.236992158203125 0.32468203125
0 0.646926337890625 0.5482264947916666 0.215823373046875 0.3876852135416667 0.198341712890625 0.4532266015625 0.636421962890625 0.61281696875 0.6470821328125 0.5514386432291667 0.646926337890625 0.5482264947916666
0 0.712818771484375 0.7063510286458333 0.721186166015625 0.6556338463541667 0.72090259765625 0.6530158307291667 0.1828056796875 0.4506723046875 0.170810470703125 0.5025120755208333 0.712818771484375 0.7063510286458333
0 0.169913435546875 0.5066831848958333 0.15847624609375 0.5598648151041666 0.7021572109375 0.7677358203125001 0.710800443359375 0.7157360208333333 0.169913435546875 0.5066831848958333
0 0.180133318359375 0.6008788984375 0.17743695703125 0.6212898333333333 0.60635414453125 0.7762483932291667 0.614821166015625 0.7368777057291668 0.61487597265625 0.7366228645833334 0.188086615234375 0.5757067291666667 0.180133318359375 0.6008788984375
0 0.592544244140625 0.7814140963541667 0.590927609375 0.7771215156250001 0.178996255859375 0.6297856171875 0.171825236328125 0.6552568723958333 0.1709229453125 0.6673255885416666 0.584418853515625 0.8152596614583333 0.587104701171875 0.8106439453125001 0.588565009765625 0.7999170911458333 0.59091709765625 0.792916734375 0.592544244140625 0.7814140963541667
0 0.57352916796875 0.8855783776041667 0.58222014453125 0.8372931614583333 0.5835113046875 0.8352259921875 0.159626796875 0.6765489739583334 0.147631587890625 0.7283887395833334 0.57352916796875 0.8855783776041667