0 0.3518868359375 0.2329192838541667 0.351382599609375 0.2534786041666667 0.590937912109375 0.2851417864583333 0.5952420078125 0.25466361458333336 0.3518868359375 0.2329192838541667
0 0.35794958984375 0.292308 0.358785400390625 0.29402360677083333 0.592357287109375 0.32842722135416663 0.59754482421875 0.29588662239583335 0.362155357421875 0.26244661979166667 0.360755681640625 0.26426803125000004 0.35794958984375 0.292308
0 0.5859956171875 0.36137442968750005 0.589620111328125 0.3351592994791666 0.35492469140625 0.2973656380208333 0.353233103515625 0.307976703125 0.3526824609375 0.32186858333333335 0.5859956171875 0.36137442968750005
0 0.3649277421875 0.3563923385416667 0.591534431640625 0.39621560677083334 0.593969025390625 0.3739852734375 0.594514244140625 0.3705651953125 0.3658830703125 0.33300340104166665 0.3646889765625 0.34745228645833337 0.3649277421875 0.3563923385416667
0 0.3661814609375 0.35896575000000003 0.364005599609375 0.3760938515625 0.567534361328125 0.4145521927083333 0.570333830078125 0.3969915703125 0.3661814609375 0.35896575000000003
0 0.363859642578125 0.38048867708333334 0.361909326171875 0.39620197395833334 0.56498699609375 0.43748992968749995 0.56736773046875 0.41907670572916667 0.363859642578125 0.38048867708333334
0 0.347660578125 0.39512121093749997 0.34564389453125 0.41820934895833334 0.564449576171875 0.4617366666666667 0.567280626953125 0.44049868750000004 0.347660578125 0.39512121093749997
0 0.344854486328125 0.42316117968750006 0.34230712109375 0.44609891927083334 0.560661712890625 0.49245585416666665 0.564360689453125 0.4692527682291667 0.344854486328125 0.42316117968750006
0 0.342127982421875 0.4541811640625 0.340515982421875 0.4677722473958333 0.34260551171875 0.47206126302083334 0.56058860546875 0.5242278307291667 0.563082822265625 0.5190197942708333 0.56504270703125 0.4997672109375 0.344204291015625 0.44811532031249995 0.342127982421875 0.4541811640625
0 0.330061578125 0.470724296875 0.32687076171875 0.4942190416666667 0.554293302734375 0.5498001953125 0.557877341796875 0.5273180989583334 0.330061578125 0.470724296875
0 0.679487544921875 0.5995000520833333 0.245610501953125 0.47858282291666665 0.244628732421875 0.48126204166666664 0.243952095703125 0.48550646875 0.243049916015625 0.49116570052083336 0.243547412109375 0.4950035208333334 0.242983548828125 0.49854054427083333 0.24348104296875 0.5023783619791666 0.676289591796875 0.6265188229166666 0.679487544921875 0.5995000520833333
0 0.24061532421875 0.5133960338541667 0.236960197265625 0.5293655364583333 0.23837309375 0.5378989791666667 0.667141791015625 0.6734637161458333 0.6673673359375 0.67204890625 0.66989473828125 0.6631534479166666 0.6710556484375 0.652391984375 0.67092965625 0.64274453125 0.24061532421875 0.5133960338541667
0 0.237776046875 0.545123421875 0.234923548828125 0.5664959505208333 0.659844759765625 0.715757578125 0.663987875 0.6897684739583334 0.237776046875 0.545123421875
0 0.23725184765625 0.5797250182291667 0.234837216796875 0.5879130729166667 0.233789080078125 0.5979671328125 0.2344789375 0.6040775651041667 0.660348732421875 0.7543473932291667 0.66064064453125 0.7455577447916667 0.66267055078125 0.7328244661458333 0.663880296875 0.7252359244791666 0.23725184765625 0.5797250182291667
0 0.230080806640625 0.6316663333333333 0.230432345703125 0.6398989791666666 0.65752267578125 0.796429640625 0.660939892578125 0.7680354713541666 0.23290012109375 0.6139812265625 0.2313213046875 0.6238848880208333 0.230080806640625 0.6316663333333333
0 0.22513203515625 0.6731469843750001 0.226127025390625 0.6808226249999999 0.6477578671875 0.8646412578125 0.651703193359375 0.8364135859375 0.226020994140625 0.657132890625 0.22508562890625 0.6664795494791667 0.22513203515625 0.6731469843750001