0 0.3577060390625 0.9804595781250001 0.365792013671875 0.9817833541666667 0.71332251171875 0.9464322552083333 0.708172201171875 0.8954930208333334 0.35774508203125 0.9216170468749999 0.3577060390625 0.9804595781250001
0 0.360511396484375 0.8624317890625001 0.360605625 0.9196998359375 0.70750728125 0.8929986458333333 0.70329335546875 0.8410921692708334 0.360511396484375 0.8624317890625001
0 0.713149783203125 0.8414408125 0.711556337890625 0.8101681145833334 0.343377955078125 0.8250366744791666 0.340425583984375 0.8603977942708334 0.713149783203125 0.8414408125
0 0.347057033203125 0.7850850833333333 0.3461302578125 0.8242945442708334 0.7136437578125 0.8069315338541667 0.711063560546875 0.7780830260416667 0.347057033203125 0.7850850833333333
0 0.70863305859375 0.7739065885416667 0.706002935546875 0.7150306614583334 0.37650743359375 0.7036339973958333 0.375461568359375 0.7778075885416667 0.70863305859375 0.7739065885416667
0 0.38083886328125 0.6319780494791667 0.378969609375 0.7008523255208333 0.7083067109375 0.7094439817708333 0.703579197265625 0.6456715651041667 0.38083886328125 0.6319780494791667
0 0.700048037109375 0.6436827526041666 0.69843892578125 0.6028653333333334 0.3877964921875 0.5703603984375 0.3874412890625 0.6282879114583334 0.700048037109375 0.6436827526041666
0 0.38847455859375 0.5199155833333333 0.3874552734375 0.5698447786458333 0.693583560546875 0.5972994088541667 0.692299009765625 0.5529568880208333 0.38847455859375 0.5199155833333333
0 0.35875410546875 0.46376118489583334 0.357502703125 0.5064958203125 0.703308296875 0.5499882083333333 0.70148276953125 0.5115208776041666 0.35875410546875 0.46376118489583334
0 0.700601373046875 0.5113765833333334 0.6993325546875 0.47657871354166664 0.361028294921875 0.422985171875 0.360516837890625 0.464049765625 0.700601373046875 0.5113765833333334
0 0.379547529296875 0.3156843411458333 0.376735828125 0.4142234401041667 0.708795517578125 0.47097144270833335 0.709458650390625 0.38950920312500004 0.379547529296875 0.3156843411458333
0 0.71306105859375 0.3857907526041667 0.714790673828125 0.2990021822916667 0.385392849609375 0.2118286328125 0.380861728515625 0.31112845572916664 0.71306105859375 0.3857907526041667
0 0.380254443359375 0.14284948958333335 0.37779708984375 0.18896485416666667 0.7344896875 0.289106765625 0.738617330078125 0.25399964583333334 0.380254443359375 0.14284948958333335
0 0.740596486328125 0.25193805989583334 0.744059142578125 0.2143366328125 0.3940300234375 0.08069546614583333 0.392670416015625 0.12460510937500001 0.740596486328125 0.25193805989583334
0 0.40519289453125 0.037198026041666665 0.40316834375 0.07861320833333334 0.743502373046875 0.2106671640625 0.745692630859375 0.1776721171875 0.40519289453125 0.037198026041666665
0 0.40666874609375 0 0.40650709375 0.032642140625 0.7482792734375 0.1685096953125 0.748232150390625 0.13987559114583334 0.427379265625 0 0.40666874609375 0