0 0.022260166015625 0.6634640598958333 0.053157958984375 0.6680583515624999 0.084256859375 0.049772460937500006 0.0538533359375 0.04048838541666667 0.022260166015625 0.6634640598958333
0 0.120726720703125 0.06021151041666667 0.088193927734375 0.05411526302083333 0.0554601484375 0.6708991614583333 0.09053211328125 0.6738150651041667 0.120726720703125 0.06021151041666667
0 0.090754283203125 0.6763171979166667 0.12893333203125 0.6798846744791667 0.168429740234375 0.12654020052083334 0.131871421875 0.11610277083333333 0.090754283203125 0.6763171979166667
0 0.203476703125 0.13430319010416666 0.169185388671875 0.12787741666666666 0.13232679296875 0.6817161458333333 0.165131541015625 0.6864792057291668 0.203476703125 0.13430319010416666
0 0.166123775390625 0.6928317473958333 0.204179240234375 0.6975716484375 0.2541063046875 0.05754608072916667 0.21186621484375 0.046203822916666665 0.166123775390625 0.6928317473958333
0 0.206322720703125 0.7027557708333334 0.24413101953125 0.7098405833333333 0.299930310546875 0.06987967447916667 0.258220013671875 0.057281190104166664 0.206322720703125 0.7027557708333334
0 0.3396247734375 0.15264195833333333 0.302819287109375 0.1445494453125 0.25328023046875 0.6995988776041666 0.288627546875 0.7030464505208333 0.3396247734375 0.15264195833333333
0 0.28945359765625 0.7051816666666667 0.3184692890625 0.7106188515624999 0.372033923828125 0.15991065364583332 0.34314181640625 0.1533010078125 0.28945359765625 0.7051816666666667
0 0.320379791015625 0.7265199869791666 0.36133438671875 0.7377811848958333 0.424291408203125 0.09796590885416667 0.381454654296875 0.0875475703125 0.320379791015625 0.7265199869791666
0 0.470768732421875 0.10787080729166666 0.426929162109375 0.09846019010416666 0.3615815546875 0.7354362682291667 0.40263591796875 0.7441334192708333 0.470768732421875 0.10787080729166666
0 0.529669203125 0.18705834635416665 0.5085669453125 0.1831040416666667 0.492863775390625 0.17896584375 0.4796748359375 0.1764943984375 0.410435376953125 0.7398084140625 0.45867134375 0.7500428203124999 0.529669203125 0.18705834635416665
0 0.46180337109375 0.7458472604166667 0.489816244140625 0.7522921848958334 0.557724625 0.21861924218749998 0.52870893359375 0.21318205468749998 0.46180337109375 0.7458472604166667
0 0.590010193359375 0.22706039583333334 0.560238734375 0.2202859713541667 0.490571896484375 0.7536293619791666 0.519362513671875 0.7594321588541666 0.590010193359375 0.22706039583333334
0 0.519739578125 0.7746380755208334 0.5268972421875 0.7747837604166666 0.60101311328125 0.19923170833333334 0.595490439453125 0.20058805729166665 0.519739578125 0.7746380755208334
0 0.57425391796875 0.7848533984375 0.66666821875 0.18881788541666666 0.628474962890625 0.1768784765625 0.6077576015625 0.1777787578125 0.5316642734375 0.77209015625 0.53468709765625 0.7774390598958334 0.547381697265625 0.7846004166666667 0.555295013671875 0.7860832760416666 0.56596973046875 0.7868879296875 0.57425391796875 0.7848533984375
0 0.575751064453125 0.7791559062500001 0.609671634765625 0.7890990156250001 0.68519341015625 0.30228629427083337 0.653787072265625 0.2940098984375 0.575751064453125 0.7791559062500001
0 0.610180109375 0.7927811822916667 0.66444728515625 0.805341421875 0.760929654296875 0.2387630625 0.703929703125 0.22467490625 0.610180109375 0.7927811822916667
0 0.77991683984375 0.2542772291666667 0.7598173984375 0.24931522135416664 0.66844451953125 0.7929386380208333 0.68888528125 0.7977730520833334 0.77991683984375 0.2542772291666667
0 0.6906874375 0.8030848072916666 0.728125046875 0.8136869661458334 0.830733865234375 0.231517984375 0.79797485546875 0.22125974479166666 0.6906874375 0.8030848072916666
0 0.85174094140625 0.2533887552083333 0.833647130859375 0.246411328125 0.730130677734375 0.8116715677083333 0.750233390625 0.8145284583333333 0.85174094140625 0.2533887552083333
0 0.74904192578125 0.8193999791666666 0.7648686796875 0.82236571875 0.85191101171875 0.3538526848958334 0.8387220703125 0.35138123958333334 0.74904192578125 0.8193999791666666
0 0.920623375 0.22086293229166667 0.89461624609375 0.21240266666666666 0.879668724609375 0.20960168489583333 0.76843337109375 0.8140665598958333 0.784768599609375 0.82071446875 0.804235982421875 0.8231667630208334 0.923137603515625 0.22252968489583333 0.920623375 0.22086293229166667
0 0.929278197265625 0.2153110234375 0.808247359375 0.8191359817708334 0.818427732421875 0.8246305494791667 0.83613665234375 0.826753328125 0.849572759765625 0.8268798567708333 0.968364943359375 0.23578722135416666 0.95617881640625 0.23230807291666666 0.945751271484375 0.2291584609375 0.940090751953125 0.223315265625 0.929278197265625 0.2153110234375