0 0.13059325390625 0.17715145572916668 0.109329322265625 0.17060590104166665 0.01636995703125 0.750022484375 0.062838041015625 0.7565312083333334 0.1506555 0.18666793489583333 0.13059325390625 0.17715145572916668
0 0.0665582265625 0.7543355390625001 0.103207689453125 0.7645035234374999 0.194866310546875 0.20139070572916665 0.15538077734375 0.1892361015625 0.0665582265625 0.7543355390625001
0 0.101682681640625 0.76848853125 0.145466873046875 0.7808527578125001 0.236089193359375 0.214080109375 0.1995419140625 0.19948913802083335 0.101682681640625 0.76848853125
0 0.144674125 0.7806087317708333 0.1728469140625 0.7915082187500001 0.267006357421875 0.22359716145833333 0.238213125 0.21250668229166667 0.144674125 0.7806087317708333
0 0.3422049765625 0.14652011197916667 0.28305196484375 0.12719776822916667 0.168635296875 0.8113703958333334 0.172232904296875 0.8147050494791667 0.2226026328125 0.8324372942708332 0.3422049765625 0.14652011197916667
0 0.266264244140625 0.8503318437499999 0.281509517578125 0.8539110963541666 0.4022707421875 0.16612341927083332 0.345511505859375 0.14753794010416668 0.229737361328125 0.8346335364583334 0.247055232421875 0.8455324557291667 0.266264244140625 0.8503318437499999
0 0.4309927265625 0.17385113541666666 0.408763990234375 0.16812220052083335 0.289436994140625 0.8563513645833334 0.336635728515625 0.8731075052083334 0.46032439453125 0.1828801328125 0.4309927265625 0.17385113541666666
0 0.51923128125 0.20435393489583334 0.46707574609375 0.18829919531249997 0.34212448046875 0.8703426302083334 0.38755465234375 0.8876679713541668 0.393896634765625 0.8896201874999999 0.51923128125 0.20435393489583334
0 0.44914019140625 0.8988302161458334 0.57147886328125 0.2839128489583333 0.563490900390625 0.2769995130208333 0.54464801953125 0.2700856067708333 0.522268015625 0.264310109375 0.5125132421875 0.2635345755208333 0.39913659765625 0.878983453125 0.44914019140625 0.8988302161458334
0 0.502499453125 0.9041193802083334 0.51097612890625 0.9033878723958333 0.62977606640625 0.30408536197916664 0.57666196484375 0.2877355546875 0.45963058984375 0.886468859375 0.466033056640625 0.8928941380208334 0.502499453125 0.9041193802083334
0 0.564943462890625 0.9244547708333334 0.566651537109375 0.9194125026041666 0.68843940234375 0.322143359375 0.6341059375 0.3031909817708333 0.51329388671875 0.8996468880208334 0.517501177734375 0.9042828281249999 0.564943462890625 0.9244547708333334
0 0.750090662109375 0.34223472656250004 0.696366880859375 0.3245836302083333 0.5703717265625 0.9172168333333334 0.576957259765625 0.9225848541666667 0.624155994140625 0.9393409895833332 0.750090662109375 0.34223472656250004
0 0.774661013671875 0.3932289140625 0.75106405859375 0.38596519791666667 0.63251008984375 0.9441398072916667 0.651902166015625 0.9478819348958334 0.65665865234375 0.9493460963541667 0.774661013671875 0.3932289140625
0 0.80637092578125 0.40298999479166664 0.7797836328125 0.3925785546875 0.660195775390625 0.9482076875000001 0.68202658203125 0.9571549609375 0.68672258203125 0.9541460598958333 0.80637092578125 0.40298999479166664
0 0.69263633984375 0.9682161796875 0.72080912890625 0.9791156692708333 0.84436233203125 0.4102302239583333 0.81698229296875 0.39957476302083333 0.69263633984375 0.9682161796875
0 0.724408345703125 0.9679738750000001 0.74837384375 0.9742374244791666 0.8694867109375 0.41462328385416664 0.846522833984375 0.4086680572916667 0.724408345703125 0.9679738750000001
0 0.760752162109375 0.9847294375 0.784291044921875 0.9886344427083333 0.9027821171875 0.42487241666666664 0.880985576171875 0.4170493020833333 0.760752162109375 0.9847294375
0 0.956932515625 0.4448820572916667 0.904590841796875 0.42542918750000003 0.7861821875 0.9825349140625 0.792158037109375 0.9866016510416666 0.833380921875 0.9992910546874999 0.956932515625 0.4448820572916667
0 1 0.4588596067708333 0.965891306640625 0.4476397916666666 0.839517890625 0.997839328125 0.84053021484375 1 0.897702376953125 1 1 0.5473804010416666 1 0.4588596067708333