0 0.429984486328125 0 0.710073146484375 0.088840828125 0.71144862109375 0.0769999765625 0.71517461328125 0.057074460937499995 0.54360012109375 0 0.429984486328125 0
0 0.31988508203125 0 0.319820607421875 0.00047268489583333337 0.740884888671875 0.13038808333333332 0.74736737109375 0.10020686718749999 0.428379931640625 0 0.31988508203125 0
0 0.319827560546875 0.013891119791666668 0.31392968359375 0.05888686458333334 0.72828559765625 0.1932802109375 0.737145162109375 0.15038704947916667 0.319827560546875 0.013891119791666668
0 0.336842822265625 0.09333629166666667 0.327791064453125 0.14622765104166666 0.657459880859375 0.25358585677083334 0.668466056640625 0.20369845833333333 0.336842822265625 0.09333629166666667
0 0.327594236328125 0.14728022916666667 0.31834333203125 0.196751359375 0.64505509765625 0.31095259635416667 0.65625546484375 0.26002671875 0.327594236328125 0.14728022916666667
0 0.317162365234375 0.20306682291666667 0.308897919921875 0.251747875 0.63442408203125 0.36331895572916667 0.64424175 0.31530214322916666 0.317162365234375 0.20306682291666667
0 0.308701091796875 0.25280045052083333 0.300239818359375 0.30253408072916665 0.624383552734375 0.4125275807291667 0.63301554296875 0.3663662135416667 0.308701091796875 0.25280045052083333
0 0.280103126953125 0.29360387239583335 0.272623673828125 0.3336018046875 0.635656041015625 0.4554053307291666 0.6431071875 0.42004398437499996 0.280103126953125 0.29360387239583335
0 0.2722323359375 0.3401797734375 0.265540193359375 0.37596739583333333 0.626405138671875 0.5048764557291666 0.633654990234375 0.4661063619791667 0.2722323359375 0.3401797734375
0 0.665513775390625 0.5603620130208333 0.669253501953125 0.5403630442708334 0.671580513671875 0.5279188697916667 0.250937857421875 0.3822931354166667 0.244826927734375 0.39703178385416665 0.24009842578125 0.413348015625 0.237146009765625 0.429136671875 0.2375466171875 0.4404499505208333 0.234987857421875 0.45413345312500003 0.236374923828125 0.4646566588541667 0.652912166015625 0.618781328125 0.665513775390625 0.5603620130208333
0 0.2470499765625 0.4972737057291667 0.2456745 0.5091145572916667 0.598645474609375 0.6398714088541667 0.60632407421875 0.6032937083333333 0.251773841796875 0.47201185156250003 0.248228625 0.4864854322916667 0.2470499765625 0.4972737057291667
0 0.60457580078125 0.6574950130208334 0.606150423828125 0.6490743932291666 0.60456884765625 0.6440765807291667 0.599986978515625 0.6416678489583333 0.259100505859375 0.5180499036458334 0.254372005859375 0.5343661328125 0.251220443359375 0.5467345572916666 0.24866168359375 0.5604180598958334 0.24866863671875 0.5738364921875 0.59315283984375 0.7051260572916668 0.594530634765625 0.697758015625 0.599453646484375 0.6759163958333333 0.60457580078125 0.6574950130208334
0 0.22696427734375 0.5867453359375 0.21672691796875 0.6370065390625 0.574437982421875 0.7738112161458334 0.583838857421875 0.719052875 0.22696427734375 0.5867453359375
0 0.19700937890625 0.6751720963541666 0.191509791015625 0.7270083098958334 0.598763681640625 0.8679847604166667 0.60895042578125 0.8135090234375001 0.19700937890625 0.6751720963541666
0 0.195654763671875 0.7272682421875 0.18818226171875 0.7806846093750001 0.58714852734375 0.9256140026041666 0.59831909375 0.8703622890624999 0.195654763671875 0.7272682421875
0 0.181476212890625 0.7896353697916667 0.17380456640625 0.8396315 0.564286380859375 0.9895664192708334 0.57506219140625 0.9409109427083333 0.181476212890625 0.7896353697916667
0 0.55090121484375 1 0.174399685546875 0.845419390625 0.16633206640625 0.8930478671875001 0.3170640078125 0.9544920598958333 0.45395579296875 1 0.55090121484375 1