0 0.316246490234375 0 0.316150755859375 0.0121734375 0.54179708984375 0.0029657760416666665 0.516372857421875 0 0.316246490234375 0
0 0.653213939453125 0.015962723958333334 0.557115486328125 0.004752690104166666 0.316021779296875 0.014139046875 0.314372861328125 0.05058885677083333 0.652951919921875 0.03963743229166667 0.653213939453125 0.015962723958333334
0 0.317671814453125 0.05691564322916667 0.316345333984375 0.08845146875 0.652688791015625 0.0809968828125 0.652818005859375 0.043523523437499996 0.317671814453125 0.05691564322916667
0 0.31174777734375 0.12455731510416666 0.695962185546875 0.12184074479166666 0.69639594921875 0.0871846015625 0.313267669921875 0.09007310677083334 0.31174777734375 0.12455731510416666
0 0.3108171171875 0.12741969791666666 0.311315248046875 0.16511032552083335 0.69293123828125 0.1680326015625 0.694773599609375 0.12863434375 0.3108171171875 0.12741969791666666
0 0.310449125 0.16698994270833334 0.306947818359375 0.18638809635416667 0.30524334765625 0.20104419010416666 0.3061650703125 0.22095829687500002 0.308468873046875 0.23113036458333333 0.738858451171875 0.26053902864583334 0.740277193359375 0.23891729166666667 0.743538291015625 0.17789729427083334 0.7419380390625 0.17745586718749998 0.310449125 0.16698994270833334
0 0.306672091796875 0.23587236197916664 0.30428601953125 0.2722362526041667 0.679849255859375 0.3020080390625 0.681709123046875 0.2598144296875 0.306672091796875 0.23587236197916664
0 0.29966063671875 0.297445234375 0.29917255859375 0.31620452604166666 0.297689326171875 0.33880910156250005 0.300057619140625 0.34799833333333335 0.735791966796875 0.39783705989583334 0.738777349609375 0.38630133333333333 0.74227356640625 0.30928992968749996 0.30409255859375 0.2751846276041667 0.29966063671875 0.297445234375
0 0.3091071953125 0.40253171354166667 0.310637140625 0.424497421875 0.698547490234375 0.4786606666666667 0.703863333984375 0.40896745833333337 0.312423927734375 0.3633054453125 0.310461453125 0.38189274739583334 0.3091071953125 0.40253171354166667
0 0.308453423828125 0.4351363072916667 0.3082421875 0.4836377369791667 0.701010650390625 0.5397468229166666 0.703993462890625 0.4862282630208334 0.308453423828125 0.4351363072916667
0 0.31011351171875 0.5343628203125 0.64174066796875 0.5859219791666667 0.643684208984375 0.5336611901041667 0.31320894921875 0.48718813020833335 0.31011351171875 0.5343628203125
0 0.31200260546875 0.5395349166666666 0.30823446484375 0.5856407109375 0.641151125 0.6427747552083333 0.64449590234375 0.5892143932291667 0.31200260546875 0.5395349166666666
0 0.307516201171875 0.6192282031249999 0.682599958984375 0.6877404218750001 0.68436179296875 0.6565290598958333 0.31012355859375 0.5908128046875 0.307516201171875 0.6192282031249999
0 0.31155235546875 0.6256409166666667 0.309811166015625 0.6521767734375 0.6813729140625 0.7269793255208333 0.6851617265625 0.6939812786458334 0.31155235546875 0.6256409166666667
0 0.303268865234375 0.661316796875 0.300947283203125 0.6966978463541666 0.692246875 0.7729055755208334 0.694505953125 0.7327037500000001 0.303268865234375 0.661316796875
0 0.298348861328125 0.7023367604166667 0.295677015625 0.7317349296875001 0.68024873046875 0.806360828125 0.68202071484375 0.7758122291666667 0.298348861328125 0.7023367604166667
0 0.29602728125 0.7377178098958334 0.2940926328125 0.7672019765625001 0.678980876953125 0.8447806432291666 0.681910654296875 0.8114512604166667 0.29602728125 0.7377178098958334
0 0.292231365234375 0.7729267473958333 0.289135927734375 0.8201014375 0.6781315625 0.9008754947916667 0.68074098046875 0.8519182760416667 0.292231365234375 0.7729267473958333
0 0.287994017578125 0.8714654479166667 0.67605225390625 0.9573365078124999 0.679599111328125 0.9032821588541666 0.291153951171875 0.8233078541666666 0.287994017578125 0.8714654479166667
0 0.678611009765625 1 0.680152865234375 0.9627664479166667 0.28988312109375 0.8766374114583333 0.285313337890625 0.9236401171874999 0.61270251171875 1 0.678611009765625 1
0 0.59254272265625 1 0.289349435546875 0.9300529583333333 0.286270376953125 0.9769780260416666 0.48362714453125 1 0.59254272265625 1