0 0.190958927734375 0.8392234140625 0.226500703125 0.8407645572916667 0.157858966796875 0.4136946484375 0.11345380859375 0.41594230729166665 0.190958927734375 0.8392234140625
0 0.2031042109375 0.4102732760416667 0.16142553125 0.41479580208333333 0.2273884375 0.8407438958333334 0.2635362265625 0.8382954869791667 0.2031042109375 0.4102732760416667
0 0.270904642578125 0.8409153229166666 0.31884415234375 0.8397996067708333 0.269645923828125 0.40970261979166667 0.211140634765625 0.4136387604166667 0.270904642578125 0.8409153229166666
0 0.3398516640625 0.40945905468750005 0.27772326953125 0.41208915625 0.32329851171875 0.8408800625 0.373888025390625 0.8370295026041666 0.3398516640625 0.40945905468750005
0 0.39078444140625 0.8404936354166667 0.422744154296875 0.8397498229166667 0.382480072265625 0.40965110677083333 0.3461124921875 0.41286582552083334 0.39078444140625 0.8404936354166667
0 0.446729435546875 0.8403757239583333 0.49373471875 0.8357293046875 0.46011478125 0.4104788854166667 0.403941501953125 0.4209932734375 0.446729435546875 0.8403757239583333
0 0.503593162109375 0.8426048307291666 0.55329270703125 0.8402639505208334 0.5480090625 0.40973556770833336 0.491722169921875 0.41066115364583333 0.503593162109375 0.8426048307291666
0 0.620448640625 0.4076652473958333 0.555672470703125 0.41154113020833333 0.55511479296875 0.8437740677083333 0.60838071875 0.8432925911458334 0.620448640625 0.4076652473958333
0 0.6137385546875 0.8447780130208334 0.66435683203125 0.8447841562499999 0.690566962890625 0.4048491927083333 0.627550892578125 0.40749995312500004 0.6137385546875 0.8447780130208334
0 0.6705712265625 0.8446395260416667 0.71586296484375 0.8447695520833333 0.747214515625 0.40640165624999997 0.693245791015625 0.4059710078125 0.6705712265625 0.8446395260416667
0 0.7231355703125 0.8576260989583333 0.769659423828125 0.8525619010416667 0.813234130859375 0.41383595572916665 0.76707003515625 0.41491035156249995 0.75915765234375 0.4210153020833333 0.7231355703125 0.8576260989583333
0 0.80108878515625 0.8427860546875 0.83392073828125 0.8408378229166668 0.8722452109375 0.44443498177083335 0.837653283203125 0.447608375 0.80108878515625 0.8427860546875
0 0.90415843359375 0.4401397708333334 0.874005306640625 0.443209859375 0.83663055859375 0.8443271979166668 0.863258796875 0.8399652708333334 0.90415843359375 0.4401397708333334
0 0.8641513515625 0.8436866953125 0.891687759765625 0.8442300286458333 0.941089828125 0.44356252864583334 0.911369046875 0.44826111979166666 0.8641513515625 0.8436866953125