0 0.82068798046875 0.7417980911458333 0.876147681640625 0.7385337526041668 0.900501677734375 0.19521886979166667 0.838725466796875 0.19764953124999998 0.82068798046875 0.7417980911458333
0 0.819961015625 0.7428017760416666 0.8379856875 0.19766674739583334 0.776581615234375 0.19909583072916667 0.762995826171875 0.7441275520833334 0.819961015625 0.7428017760416666
0 0.722241830078125 0.7401420651041667 0.75701280859375 0.7393328255208332 0.7693391484375 0.248192265625 0.7298666875 0.24853642447916668 0.722241830078125 0.7401420651041667
0 0.67271348828125 0.7442551302083333 0.71784179296875 0.7432048411458334 0.723503318359375 0.2286395651041667 0.6734089140625 0.23208791927083336 0.67271348828125 0.7442551302083333
0 0.668988658203125 0.7423682161458333 0.669696896484375 0.23118751041666666 0.619395125 0.23431822395833335 0.623120572265625 0.7434357239583332 0.668988658203125 0.7423682161458333
0 0.6052747421875 0.736943421875 0.61926649609375 0.7316838177083334 0.615167046875 0.3054800729166667 0.575983115234375 0.3083656171875 0.582327833984375 0.7364907057291666 0.591945279296875 0.736266875 0.6052747421875 0.736943421875
0 0.5750201328125 0.7435684192708334 0.5823536640625 0.7384637083333333 0.57218758984375 0.23433166927083335 0.52544733203125 0.2355314921875 0.540976119140625 0.74337390625 0.559509974609375 0.7459029947916668 0.5750201328125 0.7435684192708334
0 0.517353904296875 0.7478708802083333 0.52473909375 0.746712234375 0.53799096875 0.7414697812500001 0.524006517578125 0.23852543489583333 0.47705826171875 0.24197182552083332 0.49737903515625 0.7483357630208333 0.50702241015625 0.7500849296875001 0.517353904296875 0.7478708802083333
0 0.494953060546875 0.7326033463541667 0.478990794921875 0.304702140625 0.42744818359375 0.3071552734375 0.4498764140625 0.737599703125 0.494953060546875 0.7326033463541667
0 0.44398380078125 0.7397104453125 0.4257633515625 0.308901328125 0.375415390625 0.31162195833333334 0.39738880078125 0.7417816406250001 0.44398380078125 0.7397104453125
0 0.370222560546875 0.7582027630208333 0.392378078125 0.7547266953124999 0.37139582421875 0.28253614583333336 0.34107659375 0.2842285963541667 0.370222560546875 0.7582027630208333
0 0.3650568125 0.7593098229166667 0.339584068359375 0.283276515625 0.309138189453125 0.28494835156250004 0.33991629296875 0.7608816979166666 0.3650568125 0.7593098229166667
0 0.3016012890625 0.7736150911458334 0.33708621875 0.7708156328125 0.309251970703125 0.2839824453125 0.267640603515625 0.28591414062500004 0.3016012890625 0.7736150911458334
0 0.29873241796875 0.7805894296874999 0.261891361328125 0.284097890625 0.2256666015625 0.2869145807291667 0.26105392578125 0.7854136067708333 0.29873241796875 0.7805894296874999
0 0.242455400390625 0.7779519869791667 0.258705337890625 0.7756001927083332 0.2264156484375 0.34413174739583335 0.206427962890625 0.3436101276041667 0.242455400390625 0.7779519869791667
0 0.20069397265625 0.30131102083333333 0.1696349609375 0.303020671875 0.209808103515625 0.7799566692708333 0.238743435546875 0.777051609375 0.20069397265625 0.30131102083333333
0 0.16147124609375 0.3012370677083333 0.12671318359375 0.30303280729166665 0.168480953125 0.7939413098958333 0.20114237890625 0.78779471875 0.16147124609375 0.3012370677083333