0 0.116453833984375 0.8500521718749999 0.15764267578125 0.8407997552083333 0.060372396484375 0.31035655989583333 0.0175087578125 0.3206492447916667 0.116453833984375 0.8500521718749999
0 0.108324607421875 0.29797691666666665 0.062478638671875 0.31218049479166665 0.1586958203125 0.8417116770833334 0.203692490234375 0.8309691770833334 0.108324607421875 0.29797691666666665
0 0.20925350390625 0.8285936588541666 0.251495443359375 0.8202532552083334 0.158941625 0.287221796875 0.115457279296875 0.29716588541666666 0.20925350390625 0.8285936588541666
0 0.20472830859375 0.27065526302083337 0.1597508125 0.28461270833333335 0.253471705078125 0.8269557526041668 0.29968691015625 0.8150683489583334 0.20472830859375 0.27065526302083337
0 0.30434404296875 0.8101172265625 0.34032183203125 0.8023416666666666 0.248386412109375 0.26586588020833335 0.21470566015625 0.27630063020833334 0.30434404296875 0.8101172265625
0 0.33963798046875 0.8037458671875001 0.37301025390625 0.7967088177083334 0.2877535625 0.2560400572916667 0.2522358828125 0.2668746692708333 0.33963798046875 0.8037458671875001
0 0.376299681640625 0.79456609375 0.401670806640625 0.7885861666666667 0.323885818359375 0.26976096614583334 0.293773169921875 0.2768904791666667 0.376299681640625 0.79456609375
0 0.3594308203125 0.23891556770833333 0.32121675 0.24974577083333335 0.404276333984375 0.7878477369791667 0.4411136328125 0.7796560182291666 0.3594308203125 0.23891556770833333
0 0.443728177734375 0.7790876041666667 0.479206681640625 0.77387440625 0.40394457421875 0.22710402604166668 0.36377328515625 0.23768487500000002 0.443728177734375 0.7790876041666667
0 0.481431814453125 0.172868109375 0.4035813359375 0.1913003203125 0.48615473046875 0.7719052682291667 0.556687966796875 0.7531259244791667 0.481431814453125 0.172868109375
0 0.562268263671875 0.7539652812500001 0.633355384765625 0.7386603776041666 0.565177189453125 0.15155479947916667 0.486749052734375 0.17035719531250001 0.562268263671875 0.7539652812500001
0 0.625301486328125 0.17566984895833335 0.575427712890625 0.18738362760416669 0.63727395703125 0.7290767578125 0.680015224609375 0.7181739010416667 0.625301486328125 0.17566984895833335
0 0.677973171875 0.1074831015625 0.6270461875 0.11828494010416667 0.682675283203125 0.7234722135416667 0.7312750390625 0.7147269817708333 0.677973171875 0.1074831015625
0 0.73583855078125 0.7096157500000001 0.781239876953125 0.704011203125 0.7315056796875 0.09594281249999999 0.684052693359375 0.10576011197916667 0.73583855078125 0.7096157500000001
0 0.78131520703125 0.6930959322916667 0.826162673828125 0.6840171041666667 0.78395684375 0.14336633072916666 0.742289150390625 0.15219798958333333 0.78131520703125 0.6930959322916667
0 0.83675042578125 0.141162484375 0.791718345703125 0.14908324479166665 0.82584806640625 0.6877375182291666 0.867525716796875 0.6801058671875001 0.83675042578125 0.141162484375
0 0.868219984375 0.6745185572916667 0.88924869140625 0.6697692265624999 0.86020843359375 0.1457170703125 0.838227412109375 0.15042738281249998 0.868219984375 0.6745185572916667
0 0.889378671875 0.6648906640625 0.913566662109375 0.6628773020833333 0.887300404296875 0.18493707552083335 0.885865025390625 0.14176821354166666 0.8630993671875 0.14700974739583333 0.889378671875 0.6648906640625
0 0.9181841953125 0.13381910677083333 0.891944546875 0.14004522395833333 0.921253259765625 0.665540578125 0.945304798828125 0.6607249401041667 0.9181841953125 0.13381910677083333
0 0.947123669921875 0.6569982838541667 0.971995513671875 0.6535807213541667 0.949104076171875 0.1271791328125 0.9223420390625 0.13143030729166666 0.947123669921875 0.6569982838541667