0 0.197313220703125 0.04656754427083334 0.195898533203125 0.08679237760416668 0.61460503515625 0.10854947395833332 0.614541984375 0.06101408333333333 0.197313220703125 0.04656754427083334
0 0.60827419921875 0.20058642447916666 0.610576765625 0.16038226041666667 0.2020824609375 0.08930439583333333 0.200111341796875 0.13666895833333334 0.60827419921875 0.20058642447916666
0 0.21369112890625 0.1523293828125 0.20766670703125 0.20547159114583333 0.601753873046875 0.29160674999999997 0.60612659375 0.22895370572916665 0.21369112890625 0.1523293828125
0 0.6776133359375 0.3312619947916667 0.6806023046875 0.30646640364583333 0.19520575390625 0.20754967968750002 0.19294051953125 0.2367777578125 0.6776133359375 0.3312619947916667
0 0.187731048828125 0.23579297916666667 0.185428482421875 0.2759971484375 0.688196703125 0.3811367942708333 0.69082264453125 0.3398577265625 0.187731048828125 0.23579297916666667
0 0.685066228515625 0.4403682239583333 0.69003234375 0.400226046875 0.19161241015625 0.27850916666666664 0.1860083046875 0.3186601666666667 0.685066228515625 0.4403682239583333
0 0.19184945703125 0.3282449140625 0.183145955078125 0.3825087786458334 0.601919322265625 0.48070679427083335 0.606124822265625 0.43261078124999996 0.19184945703125 0.3282449140625
0 0.599356587890625 0.542570125 0.602670970703125 0.49291711197916666 0.194486587890625 0.3981654765625 0.184941755859375 0.44885757291666667 0.599356587890625 0.542570125
0 0.19173463671875 0.4726966536458333 0.1866910078125 0.518757390625 0.673832294921875 0.6200828984375 0.67678430078125 0.5814225651041667 0.19173463671875 0.4726966536458333
0 0.67498815234375 0.6674719322916666 0.677244232421875 0.6308187109375 0.19198717578125 0.521248828125 0.187669177734375 0.5648300572916667 0.67498815234375 0.6674719322916666
0 0.62849441796875 0.691254859375 0.631498880859375 0.6652756197916666 0.1966479453125 0.5722714609375 0.1920399453125 0.6040002317708334 0.62849441796875 0.691254859375
0 0.1908714609375 0.6064745729166666 0.1869171015625 0.6371679036458333 0.63194732421875 0.7236300416666667 0.633744037109375 0.6972974010416667 0.1908714609375 0.6064745729166666
0 0.702396787109375 0.8125642369791667 0.706005599609375 0.7404209401041667 0.19042207421875 0.6408016614583333 0.18079303515625 0.7170369817708333 0.702396787109375 0.8125642369791667
0 0.183994693359375 0.7247197760416667 0.17410894921875 0.8014531822916666 0.70844587109375 0.89322053125 0.710340962890625 0.8163013124999999 0.183994693359375 0.7247197760416667
0 0.776607828125 1 0.7814713125 0.9458344010416666 0.158754443359375 0.8337294192708334 0.150703916015625 0.8932645494791666 0.755139005859375 1 0.776607828125 1
0 0.535863388671875 1 0.15120439453125 0.9228775494791667 0.147920970703125 0.970163265625 0.266169541015625 0.9946341302083334 0.496727439453125 1 0.535863388671875 1