0 0.44143759765625 0.1573745546875 0.27101437109375 0.11978608072916667 0.6564907890625 0.2698961588541667 0.662484041015625 0.24332293229166668 0.44143759765625 0.1573745546875
0 0.24686525 0.11493472395833333 0.24046909375 0.13986810156249999 0.65253553125 0.3044911666666667 0.6576086640625 0.28018910677083336 0.24686525 0.11493472395833333
0 0.24510617578125 0.1797878359375 0.23941705859375 0.20406128125 0.641688998046875 0.36307699218749995 0.646053208984375 0.33944911197916666 0.24510617578125 0.1797878359375
0 0.235213294921875 0.23116241927083334 0.2337298359375 0.24237990104166665 0.67259821484375 0.41991345572916666 0.67811009765625 0.3922936979166667 0.24185795703125 0.21372290885416667 0.238428716796875 0.21622132812499997 0.235213294921875 0.23116241927083334
0 0.233024689453125 0.25708501041666665 0.230762919921875 0.2648148645833333 0.228289224609375 0.2741472161458333 0.228643693359375 0.28083983854166666 0.587106248046875 0.41964191927083333 0.592140572265625 0.40031981770833336 0.234650693359375 0.2541626458333333 0.233024689453125 0.25708501041666665
0 0.238058505859375 0.35492924218750005 0.23791785546875 0.3606792994791667 0.581137724609375 0.4694606536458333 0.583766177734375 0.4495850651041667 0.243005892578125 0.3362645364583334 0.239224080078125 0.3461155078125 0.238058505859375 0.35492924218750005
0 0.218683328125 0.35615721093749997 0.218153521484375 0.36016345572916664 0.215608556640625 0.36534825 0.21373594140625 0.37482191666666664 0.213383369140625 0.38217447135416666 0.6920945078125 0.5302456249999999 0.694356279296875 0.5225157682291667 0.6963480078125 0.5074548906249999 0.218683328125 0.35615721093749997
0 0.21090967578125 0.3915068255208333 0.20822405859375 0.4024416744791666 0.208578525390625 0.409134296875 0.21006387890625 0.41196198697916664 0.688173939453125 0.5598918255208333 0.69216578125 0.5343931822916667 0.21324271875 0.38792452604166666 0.21090967578125 0.3915068255208333
0 0.212999896484375 0.4225661796875 0.209925123046875 0.43175721614583334 0.208547625 0.44217344791666663 0.20738205078125 0.4509871822916667 0.586277501953125 0.566503640625 0.592012953125 0.5325068203125 0.214943783203125 0.4172400677083334 0.212999896484375 0.4225661796875
0 0.20126908984375 0.47846562499999995 0.200280748046875 0.490625671875 0.581969671875 0.6084512005208333 0.587208724609375 0.5735215052083333 0.20854951953125 0.45621862239583333 0.203954705078125 0.46753077604166665 0.20126908984375 0.47846562499999995
0 0.197947705078125 0.49420796875 0.195899751953125 0.5143805 0.669307142578125 0.6603785677083334 0.672920603515625 0.6424276171875 0.197947705078125 0.49420796875
0 0.194874826171875 0.5174441796875 0.19162471484375 0.5373340833333333 0.665386572265625 0.690024765625 0.669105091796875 0.67127940625 0.194874826171875 0.5174441796875
0 0.191378103515625 0.5438853854166666 0.1887290703125 0.5639166041666667 0.571797384765625 0.6853710703125001 0.57562136328125 0.6658282604166667 0.191378103515625 0.5438853854166666
0 0.19753333203125 0.5676388307291667 0.19509622265625 0.586067546875 0.568441310546875 0.7060622239583334 0.571239611328125 0.6895887864583333 0.19753333203125 0.5676388307291667
0 0.181697146484375 0.5936574739583333 0.1782716953125 0.6242462395833334 0.56141128125 0.7498482682291666 0.567063814453125 0.7164784557291667 0.181697146484375 0.5936574739583333