0 0.105922458984375 1 0.0743603203125 0.2843321458333333 0.07067419921875 0.27884737239583335 0.051805580078125 0.2802034609375 0.082270671875 1 0.105922458984375 1
0 0.12912623046875 1 0.095722228515625 0.27677044791666666 0.07638812109375 0.2781808333333333 0.108291173828125 1 0.12912623046875 1
0 0.177888541015625 1 0.139954896484375 0.24119185416666666 0.099351490234375 0.24423837239583335 0.1337726875 1 0.177888541015625 1
0 0.207334244140625 1 0.166896939453125 0.22452956510416666 0.140977630859375 0.226708125 0.180283931640625 1 0.207334244140625 1
0 0.213438671875 0.9990041953125001 0.238958265625 0.9968722604166667 0.19519090625 0.22122903125 0.170693666015625 0.223241703125 0.213438671875 0.9990041953125001
0 0.201251005859375 0.20362278385416666 0.24833456640625 0.9949335364583334 0.291302107421875 0.9907662708333334 0.293604916015625 0.9896526796875 0.296072791015625 0.9910547317708334 0.315933591796875 0.9895829036458333 0.3218988828125 0.9863521432291668 0.2756713984375 0.19494153125 0.27090071484375 0.19465307291666667 0.201251005859375 0.20362278385416666
0 0.41060833984375 0.9768490130208334 0.4156855234375 0.9745668203125 0.35494953125 0.18653858072916665 0.282018859375 0.1958910234375 0.337877109375 0.9836432942708333 0.341924751953125 0.9873959583333334 0.41060833984375 0.9768490130208334
0 0.42581160546875 0.9759204973958333 0.470445322265625 0.9681790052083333 0.4751059609375 0.9667903671875 0.477935357421875 0.9664603125000001 0.415950126953125 0.231810671875 0.36567140625 0.23936569270833333 0.42517497265625 0.9734598619791667 0.42581160546875 0.9759204973958333
0 0.4828160859375 0.9684258671875 0.534468271484375 0.9590206953124999 0.472066498046875 0.225264609375 0.422190533203125 0.2327726484375 0.4828160859375 0.9684258671875
0 0.543836822265625 0.9714472994791666 0.595905552734375 0.9611485703125 0.529432109375 0.16533995052083333 0.479544033203125 0.17115947135416668 0.543836822265625 0.9714472994791666
0 0.60220098046875 0.9629490989583332 0.654906341796875 0.9551110026041667 0.58937603125 0.1591923671875 0.539502806640625 0.16501015625 0.60220098046875 0.9629490989583332
0 0.713027962890625 0.9415712942708333 0.65090905078125 0.1976426171875 0.64755306640625 0.19718913281249997 0.601379390625 0.20257536458333333 0.660959234375 0.9518700260416666 0.71072515625 0.9426848880208333 0.713027962890625 0.9415712942708333
0 0.7106328828125 0.18814084114583332 0.662006419921875 0.1921232604166667 0.720486611328125 0.9466159973958334 0.768004748046875 0.939383 0.76989101171875 0.9391629635416666 0.7106328828125 0.18814084114583332
0 0.739759939453125 0.18305319270833334 0.7195517578125 0.18541050781250001 0.775408376953125 0.9435891536458333 0.79374443359375 0.9406052578124999 0.79640876171875 0.9377595598958334 0.739759939453125 0.18305319270833334
0 0.766584185546875 0.17907913541666667 0.74685435546875 0.18138065104166667 0.80339584375 0.9428592708333333 0.8231466015625 0.9397103489583333 0.824034708984375 0.9387617812500001 0.766584185546875 0.17907913541666667
0 0.881149234375 0.9329442499999999 0.88439517578125 0.9317206380208334 0.827353447265625 0.185509765625 0.77129209765625 0.19289437760416664 0.827697193359375 0.9366446145833334 0.830110046875 0.9372081171875001 0.881149234375 0.9329442499999999