0 0.78079766796875 1 0.781911794921875 0.9594709244791666 0.30117204296875 0.9301931875 0.296360734375 0.9742163411458334 0.45391976953125 0.9962965026041667 0.532704603515625 1 0.78079766796875 1
0 0.780004892578125 0.9496805755208334 0.7833911171875 0.8953970130208333 0.308971021484375 0.8539104973958334 0.301402662109375 0.9159407473958333 0.780004892578125 0.9496805755208334
0 0.384770501953125 0.78715740625 0.378827755859375 0.839892265625 0.7569556015625 0.8720120703125 0.76228043359375 0.8233957213541667 0.384770501953125 0.78715740625
0 0.7658129765625 0.8238907682291666 0.771106041015625 0.7793976328125 0.38946962890625 0.738029859375 0.384956123046875 0.7848026380208334 0.7658129765625 0.8238907682291666
0 0.40074820703125 0.6977361927083333 0.39610481640625 0.7339876848958333 0.776590388671875 0.777785421875 0.780658359375 0.7457174479166667 0.40074820703125 0.6977361927083333
0 0.78114097265625 0.7427112760416666 0.7855059296875 0.7099919739583332 0.404972537109375 0.655473984375 0.401909763671875 0.6943277630208334 0.78114097265625 0.7427112760416666
0 0.79549872265625 0.7078211458333333 0.803204888671875 0.6327158776041667 0.3729353125 0.5521817447916667 0.360680255859375 0.6423474557291667 0.79549872265625 0.7078211458333333
0 0.381150560546875 0.4592918489583333 0.3719115703125 0.542515 0.8042590390625 0.6207177786458333 0.81202477734375 0.5434820859375 0.381150560546875 0.4592918489583333
0 0.8104441640625 0.54087971875 0.81489910546875 0.48436514583333334 0.38661701171875 0.388058859375 0.37915084765625 0.45067884114583334 0.8104441640625 0.54087971875
0 0.391731044921875 0.32506972395833333 0.38337234765625 0.38579878906250004 0.817919740234375 0.48002689583333336 0.82258654296875 0.4255885833333333 0.391731044921875 0.32506972395833333
0 0.82609279296875 0.42165251822916666 0.8287843203125 0.3875082734375 0.39130676171875 0.27873860677083334 0.38777946484375 0.31856404427083335 0.82609279296875 0.42165251822916666
0 0.395949685546875 0.23757181770833333 0.392189421875 0.2739469869791667 0.8272036953125 0.3849060651041667 0.832494029296875 0.34973092968749997 0.395949685546875 0.23757181770833333
0 0.397620291015625 0.21637883333333333 0.3963209296875 0.23286228125 0.832730244140625 0.34877826041666665 0.834127287109375 0.32901172395833334 0.397620291015625 0.21637883333333333
0 0.830589869140625 0.330622421875 0.827009591796875 0.3194072135416667 0.39947598046875 0.20001884375 0.39780591796875 0.21402398697916666 0.830589869140625 0.330622421875
0 0.4050930078125 0.13290816145833334 0.4010093125 0.1847131953125 0.835095482421875 0.30744603125 0.83856623828125 0.26024325 0.4050930078125 0.13290816145833334
0 0.834931791015625 0.207580375 0.409733578125 0.07403874218749999 0.403779095703125 0.12692248697916667 0.83447338671875 0.25870310677083336 0.834931791015625 0.207580375
0 0.840194455078125 0.1974538828125 0.839676890625 0.14738488802083333 0.415554822265625 0.008502291666666667 0.41047606640625 0.06461967187499999 0.840194455078125 0.1974538828125
0 0.41735569921875 0 0.4172541484375 0.0012882447916666667 0.8471131015625 0.14366543229166667 0.856588388671875 0.09142561979166668 0.63540034375 0.0162207265625 0.519652919921875 0 0.41735569921875 0
0 0.6799437578125 0.022462994791666666 0.845059947265625 0.07909640625 0.84621040234375 0.06361690364583333 0.75677574609375 0.03323015104166666 0.6799437578125 0.022462994791666666