0 0.74963609375 1 0.754403078125 0.92593934375 0.268648912109375 0.8798288619791667 0.26020070703125 0.9599783281250001 0.33200364453125 0.9734333229166667 0.671985228515625 1 0.74963609375 1
0 0.754969234375 0.9205681276041666 0.761623353515625 0.8418463489583333 0.279305916015625 0.7865207161458333 0.26981356640625 0.8765761458333333 0.754969234375 0.9205681276041666
0 0.76460715625 0.8369281692708334 0.769649509765625 0.7579043645833333 0.297682046875 0.6979454270833334 0.289224458984375 0.7859804661458334 0.76460715625 0.8369281692708334
0 0.7726333125 0.7529861875 0.7794006640625 0.6731901666666666 0.306614052734375 0.6054095 0.29885150390625 0.6946471484375 0.7726333125 0.7529861875
0 0.7799668203125 0.6678189505208333 0.78312403125 0.6300694270833334 0.34394475 0.5631090572916667 0.340700771484375 0.60168175 0.7799668203125 0.6678189505208333
0 0.784269609375 0.6269977109375 0.78731358984375 0.5903224296874999 0.349972533203125 0.5215155963541667 0.34684291015625 0.5590033906249999 0.784269609375 0.6269977109375
0 0.78051357421875 0.58466634375 0.785848708984375 0.5418476276041667 0.361388505859375 0.46778628125 0.35629309765625 0.5161272239583333 0.78051357421875 0.58466634375
0 0.363560287109375 0.3926064140625 0.357602548828125 0.45692497656250003 0.7873339765625 0.5355531822916667 0.7899780859375 0.5338577317708334 0.79873668359375 0.4741531510416667 0.363560287109375 0.3926064140625
0 0.370793826171875 0.3161841328125 0.363918939453125 0.3814072760416667 0.7937748984375 0.46665060416666665 0.797451349609375 0.4629576822916666 0.805417330078125 0.4107728020833334 0.370793826171875 0.3161841328125
0 0.804498216796875 0.41169603385416664 0.81187151171875 0.3495409401041667 0.3773479765625 0.24620731510416669 0.37113351953125 0.31296140104166664 0.804498216796875 0.41169603385416664
0 0.813599337890625 0.34094534375 0.8203666875 0.26114932291666665 0.3854769296875 0.14569699479166667 0.376678046875 0.23696995052083333 0.813599337890625 0.34094534375
0 0.81977400390625 0.2511791067708333 0.827686931640625 0.1683113697916667 0.390832451171875 0.048109031249999996 0.381456732421875 0.13705797916666665 0.81977400390625 0.2511791067708333
0 0.3492752734375 0 0.34775345703125 0.012403229166666667 0.83318834765625 0.15510127083333333 0.84466449609375 0.06961485416666667 0.7660172734375 0.04493459895833333 0.526222560546875 0 0.3492752734375 0