0 0.2129165625 0.920476 0.2440079140625 0.9075625546875 0.1336035546875 0.4550411796875 0.100174455078125 0.4678220338541667 0.2129165625 0.920476
0 0.254070123046875 0.9078211458333333 0.28800648046875 0.8938199088541667 0.16854223046875 0.4390576614583333 0.135329359375 0.45232853125 0.254070123046875 0.9078211458333333
0 0.288513796875 0.8925995677083334 0.32478791796875 0.8787309869791667 0.209096142578125 0.4230990755208333 0.17322995703125 0.438864515625 0.288513796875 0.8925995677083334
0 0.328244849609375 0.8804885807291667 0.3654341640625 0.8672964687500001 0.2514635703125 0.4073545807291667 0.214990150390625 0.42187204687499996 0.328244849609375 0.8804885807291667
0 0.3906156875 0.8340613828125 0.399250115234375 0.8276809401041666 0.3108580859375 0.45914705208333334 0.28556192578125 0.47084525 0.375271361328125 0.8378750468749999 0.3832991640625 0.8358322447916667 0.3906156875 0.8340613828125
0 0.328292490234375 0.453610203125 0.31258970703125 0.4605117942708334 0.403015650390625 0.8344525651041667 0.4112474140625 0.8333581640625001 0.413684498046875 0.8303735755208334 0.328292490234375 0.453610203125
0 0.433934611328125 0.8636880130208334 0.4425690390625 0.8573075677083333 0.31380222265625 0.3122444791666667 0.2965604921875 0.31786978645833336 0.424583681640625 0.8631574791666666 0.4269213828125 0.86329009375 0.433934611328125 0.8636880130208334
0 0.48237309765625 0.8061648802083333 0.39844784765625 0.42665948177083335 0.361148115234375 0.44104860416666664 0.447218193359375 0.8216583776041667 0.48237309765625 0.8061648802083333
0 0.483795607421875 0.805621015625 0.5184432578125 0.7913479010416666 0.437586923828125 0.410695171875 0.399870359375 0.4261156171875 0.483795607421875 0.805621015625
0 0.467680568359375 0.4515106536458333 0.450103185546875 0.4592573776041667 0.517004970703125 0.770343046875 0.535497646484375 0.7632727942708333 0.492156833984375 0.5653224973958334 0.467680568359375 0.4515106536458333
0 0.536254955078125 0.763393765625 0.556145314453125 0.7565589739583333 0.488007515625 0.4437531510416666 0.46909820703125 0.45112254947916663 0.536254955078125 0.763393765625
0 0.557365142578125 0.7568624348958334 0.57618864453125 0.7504354817708333 0.50929722265625 0.43646011458333334 0.490208388671875 0.44459119531249996 0.557365142578125 0.7568624348958334
0 0.577483033203125 0.748400984375 0.595392599609375 0.7430932864583334 0.531592111328125 0.42793617187500005 0.510706728515625 0.4352144791666666 0.577483033203125 0.748400984375
0 0.60005639453125 0.7620951067708334 0.629701703125 0.7523005182291667 0.55384888671875 0.3660911380208333 0.5221754609375 0.3784825182291667 0.60005639453125 0.7620951067708334
0 0.63290238671875 0.7510768098958334 0.661861216796875 0.74077484375 0.5856551953125 0.3542124921875 0.5577631328125 0.3641065755208333 0.63290238671875 0.7510768098958334
0 0.667199658203125 0.7441225 0.691279064453125 0.7326068880208334 0.622096375 0.3704757916666667 0.597489158203125 0.37971069270833335 0.667199658203125 0.7441225
0 0.7151309921875 0.7227178125 0.7184061640625 0.7191561744791667 0.653191876953125 0.3585871354166667 0.626295017578125 0.3686974296875 0.694860189453125 0.730467890625 0.706901884765625 0.7274036432291666 0.7151309921875 0.7227178125
0 0.733574052734375 0.7172061484375 0.7347153984375 0.7144603776041666 0.66297649609375 0.3243686875 0.648981880859375 0.32923116927083335 0.7204654375 0.7206783098958334 0.727553208984375 0.7187382968749999 0.733574052734375 0.7172061484375
0 0.67982278125 0.31708129687500003 0.672833814453125 0.31934211979166666 0.66445173046875 0.32331662499999997 0.73608826953125 0.7154751119791666 0.750644169921875 0.7106797786458333 0.67982278125 0.31708129687500003
0 0.750946201171875 0.706715234375 0.7768574140625 0.6983483411458334 0.715818291015625 0.3575014973958333 0.68956303125 0.3676026901041667 0.750946201171875 0.706715234375
0 0.77868521484375 0.6961098541666666 0.8074165859375 0.6874345208333333 0.74708202734375 0.3463951171875 0.719435880859375 0.3561814869791667 0.77868521484375 0.6961098541666666
0 0.81244907421875 0.6893595338541667 0.834853640625 0.6807936614583333 0.7655783359375 0.28619279166666667 0.7434012421875 0.2931320807291667 0.81244907421875 0.6893595338541667
0 0.836912904296875 0.6823157473958333 0.861070794921875 0.6738493645833333 0.790878748046875 0.2754681796875 0.766872728515625 0.28415829427083333 0.836912904296875 0.6823157473958333