0 0.367346322265625 0.08108745572916666 0.6999453125 0.06397233333333334 0.701648240234375 0.029257473958333335 0.655784654296875 0.02174902083333333 0.366943173828125 0.0368891484375 0.3639901484375 0.04952609635416667 0.36511930078125 0.06640966927083333 0.367346322265625 0.08108745572916666
0 0.3672381171875 0.0822624609375 0.364424701171875 0.11281369791666666 0.6982453828125 0.10186241927083334 0.698955736328125 0.06500312760416667 0.3672381171875 0.0822624609375
0 0.6976432578125 0.13754679427083333 0.699126779296875 0.10200671614583333 0.362445494140625 0.1148751953125 0.359675703125 0.14822688020833333 0.6976432578125 0.13754679427083333
0 0.359307451171875 0.14895160677083333 0.35683438671875 0.1855224036458333 0.697547017578125 0.17599162499999998 0.698524623046875 0.13769108593749999 0.359307451171875 0.14895160677083333
0 0.35859712109375 0.18581098697916668 0.356216537109375 0.21166204427083335 0.647213 0.20973088020833333 0.647932259765625 0.1818900546875 0.35859712109375 0.18581098697916668
0 0.646696587890625 0.23416934114583332 0.646216625 0.21023548958333335 0.353247783203125 0.21475433854166667 0.35413362890625 0.24046175520833335 0.646696587890625 0.23416934114583332
0 0.35086719921875 0.2406054010416667 0.349106185546875 0.3083045963541667 0.691107056640625 0.31539115624999997 0.692684662109375 0.23947682031249998 0.35086719921875 0.2406054010416667
0 0.688804986328125 0.38896561458333334 0.69011748046875 0.31642195052083333 0.346029283203125 0.3125719088541667 0.34515735546875 0.38067329427083335 0.688804986328125 0.38896561458333334
0 0.3422890625 0.3823326067708333 0.33837789453125 0.4150896458333333 0.68732148046875 0.4245056927083333 0.688480357421875 0.39249078645833335 0.3422890625 0.3823326067708333
0 0.688373865234375 0.46165365104166667 0.688867796875 0.4271443645833333 0.340032416015625 0.41655330989583333 0.340056974609375 0.4467432473958333 0.688373865234375 0.46165365104166667
0 0.337110796875 0.4482795546875 0.334669072265625 0.5039397135416667 0.651605505859375 0.5252968098958334 0.65444899609375 0.4608707552083333 0.337110796875 0.4482795546875
0 0.647942517578125 0.58981671875 0.649719255859375 0.5316622526041667 0.331592169921875 0.5082070260416667 0.32898876171875 0.5669343828125 0.647942517578125 0.58981671875
0 0.30932749609375 0.5653929557291667 0.3049066875 0.6231145520833333 0.68066309375 0.6619681953125 0.6839704375 0.5969076692708334 0.30932749609375 0.5653929557291667
0 0.30436563671875 0.6289898932291667 0.300393333984375 0.6915559583333333 0.681503640625 0.7348419479166667 0.68121983203125 0.6656376588541667 0.30436563671875 0.6289898932291667
0 0.678703048828125 0.8095499817708333 0.6804640703125 0.7418508671874999 0.2995119375 0.6914116614583333 0.2928394375 0.7564836770833333 0.678703048828125 0.8095499817708333
0 0.291797748046875 0.7557507291666666 0.288706826171875 0.8184612447916666 0.678955310546875 0.8800414088541667 0.680249359375 0.8121887317708333 0.291797748046875 0.7557507291666666
0 0.302700544921875 0.8219449140625 0.299825986328125 0.8823052526041667 0.6393851875 0.9450520625 0.6437903203125 0.8777856588541666 0.302700544921875 0.8219449140625
0 0.6395473359375 1 0.640313658203125 0.9738302942708333 0.29006984375 0.9105271588541667 0.28939003125 0.969275375 0.477064017578125 1 0.6395473359375 1