0 0 0.25579838541666666 0.04659535546875 0.8274438072916667 0.12271342578125 0.8156055520833334 0.070651392578125 0.1336250546875 0 0.1347477265625 0 0.25579838541666666
0 0.12827305078125 0.8119573854166666 0.201396724609375 0.8068477187499999 0.1553202265625 0.1320548828125 0.080567001953125 0.1340187421875 0.12827305078125 0.8119573854166666
0 0.211916443359375 0.8050260729166667 0.258997998046875 0.8006495937500001 0.222150466796875 0.174107 0.167671361328125 0.17682728125 0.211916443359375 0.8050260729166667
0 0.26776497265625 0.7956907526041667 0.328573595703125 0.7881819505208334 0.29706622265625 0.19386295572916667 0.227107306640625 0.196578359375 0.26776497265625 0.7956907526041667
0 0.3375535234375 0.788641015625 0.38626005078125 0.7841509921875001 0.391862265625 0.7815864062500001 0.360571103515625 0.17204048697916666 0.346758853515625 0.17300564583333333 0.328242056640625 0.17864577864583334 0.311009501953125 0.175503703125 0.303875138671875 0.17600223177083332 0.3375535234375 0.788641015625
0 0.42210703125 0.16230774479166668 0.36290313671875 0.16427161979166668 0.398447330078125 0.7832993802083333 0.431844408203125 0.7831388072916666 0.4472390390625 0.7809765182291667 0.42210703125 0.16230774479166668
0 0.4840688671875 0.163410828125 0.427318349609375 0.16520327083333333 0.45117369140625 0.7774418984375 0.470758521484375 0.7782464895833333 0.50240285546875 0.7749487161458334 0.4840688671875 0.163410828125
0 0.509757814453125 0.7755213333333333 0.566461419921875 0.7672128177083333 0.55133478125 0.15436425 0.4929330234375 0.155185515625 0.509757814453125 0.7755213333333333
0 0.572833529296875 0.7635078776041667 0.596267830078125 0.7586106822916667 0.58926604296875 0.14519437500000001 0.563381228515625 0.143743453125 0.572833529296875 0.7635078776041667
0 0.596747703125 0.7477115651041667 0.618769986328125 0.7483458307291667 0.613219552734375 0.151126484375 0.59054062109375 0.15053810416666666 0.596747703125 0.7477115651041667
0 0.622789822265625 0.7469783776041666 0.66418398046875 0.7429993177083333 0.6646223359375 0.13232279166666666 0.61814030859375 0.13122458333333334 0.622789822265625 0.7469783776041666
0 0.6673487421875 0.7406050572916666 0.7079304140625 0.7366827708333333 0.7110191796875 0.13125383333333332 0.6688601484375 0.13202666666666665 0.6673487421875 0.7406050572916666
0 0.715200189453125 0.7350882239583334 0.74846949609375 0.7316769036458334 0.755915572265625 0.15419401041666667 0.7167459140625 0.1525848359375 0.715200189453125 0.7350882239583334
0 0.787553970703125 0.7311189114583333 0.80299119140625 0.7300402057291667 0.8253208046875 0.13739203645833334 0.77322478515625 0.13342644270833334 0.75890403125 0.72768809375 0.765489095703125 0.7294010651041667 0.787553970703125 0.7311189114583333
0 0.818172865234375 0.7224600026041667 0.83673225390625 0.717903453125 0.856411455078125 0.12000769270833334 0.839524375 0.12010115625000001 0.818172865234375 0.7224600026041667
0 0.844002029296875 0.71630890625 0.8651266484375 0.7148327786458334 0.885660923828125 0.11796382552083333 0.863092291015625 0.11845429947916668 0.844002029296875 0.71630890625
0 0.868333998046875 0.7135221015625 0.8918960703125 0.7118756536458334 0.91576547265625 0.11694676822916666 0.890723642578125 0.11652350260416666 0.868333998046875 0.7135221015625
0 0.897498287109375 0.7093110703125 0.92187284375 0.7076078489583333 0.94830747265625 0.115759390625 0.92164833203125 0.11544913281250001 0.897498287109375 0.7093110703125
0 0.922685330078125 0.7075510729166666 0.93564250390625 0.7055591067708334 0.962883109375 0.15494355208333332 0.946761177734375 0.15932978125 0.922685330078125 0.7075510729166666
0 0.93872208203125 0.7009976796875 0.954116708984375 0.6988353906250001 0.979217998046875 0.15597523697916668 0.9639437265625 0.15486944010416667 0.93872208203125 0.7009976796875