0 0.70973546875 1 0.709731853515625 0.99701353125 0.388012255859375 0.9825830755208332 0.470486859375 1 0.70973546875 1
0 0.255849103515625 0.8989662682291667 0.249393736328125 0.95330971875 0.318862041015625 0.967979984375 0.7107500546875 0.9884419739583333 0.712672939453125 0.930636953125 0.26388693359375 0.9006636901041666 0.255849103515625 0.8989662682291667
0 0.71157447265625 0.9260116875 0.72251325390625 0.8547341197916666 0.270471986328125 0.8174834791666666 0.26266792578125 0.8970531744791667 0.71157447265625 0.9260116875
0 0.719726958984375 0.8365725494791666 0.727155927734375 0.7601604921875 0.281210107421875 0.7132138567708334 0.273027189453125 0.7959729088541666 0.719726958984375 0.8365725494791666
0 0.73084002734375 0.7499552734375 0.7325152421875 0.6734264635416666 0.2924974609375 0.6112568697916666 0.283935623046875 0.6972058046875 0.73084002734375 0.7499552734375
0 0.733828125 0.6693104244791667 0.73934796484375 0.6089700390625 0.303396111328125 0.5333808880208334 0.295647837890625 0.5986084453125 0.733828125 0.6693104244791667
0 0.73905328515625 0.604514515625 0.7419072265625 0.5458077916666667 0.3113743125 0.45928146354166666 0.304032486328125 0.5280236640625 0.73905328515625 0.604514515625
0 0.746944341796875 0.5380849479166666 0.7576492109375 0.40635023697916667 0.322340611328125 0.30453719010416663 0.306785900390625 0.4493544661458333 0.746944341796875 0.5380849479166666
0 0.326714974609375 0.2538398046875 0.32224491015625 0.28453405729166664 0.762940875 0.3964845026041666 0.765533390625 0.36078734375 0.766940294921875 0.3281347760416667 0.770423734375 0.28493750260416667 0.77059801953125 0.2695977916666667 0.339060662109375 0.14990966666666666 0.334987857421875 0.18419589843749998 0.331042330078125 0.21741068489583334 0.326714974609375 0.2538398046875
0 0.3507160859375 0.0864716953125 0.34556701953125 0.13675450260416666 0.771910904296875 0.26548175520833334 0.776104103515625 0.25099075781249996 0.7778928359375 0.21512385416666668 0.3507160859375 0.0864716953125
0 0.781576935546875 0.2049186328125 0.7825618828125 0.16888198958333334 0.352042724609375 0.04062230989583333 0.347618884765625 0.07786368489583333 0.781576935546875 0.2049186328125
0 0.780405083984375 0.16622987239583334 0.78367410546875 0.13177390104166667 0.35717386328125 0.0043629322916666664 0.353260322265625 0.0373084296875 0.780405083984375 0.16622987239583334
0 0.35838882421875 0 0.784183205078125 0.12748811979166666 0.78635376171875 0.08840688541666668 0.488142029296875 0 0.35838882421875 0