0 0.632353234375 1 0.314617234375 0.9095826588541667 0.30705303515625 0.9463808489583333 0.447297189453125 1 0.632353234375 1
0 0.693528119140625 1 0.702667228515625 0.952233875 0.32757055078125 0.845771703125 0.315840943359375 0.9038925546875 0.6744038515625 1 0.693528119140625 1
0 0.705313568359375 0.94708775 0.712153412109375 0.9045448046875001 0.339195681640625 0.791716171875 0.329505564453125 0.8403536223958333 0.705313568359375 0.94708775
0 0.34409047265625 0.7689559505208333 0.339907001953125 0.7919881276041667 0.717033181640625 0.9033315625 0.7213161328125 0.8834163307291667 0.34409047265625 0.7689559505208333
0 0.28712508203125 0.6866237630208333 0.275494955078125 0.7478616276041666 0.748346458984375 0.8937507578125 0.7612430703125 0.8313247734375001 0.28712508203125 0.6866237630208333
0 0.761299734375 0.8299398567708334 0.77374067578125 0.7720908984375 0.302625265625 0.6145496770833333 0.290519830078125 0.6739304270833334 0.761299734375 0.8299398567708334
0 0.37046498828125 0.5532496145833333 0.357516681640625 0.6098782421875 0.753734125 0.7469944583333333 0.76251396875 0.6918510963541666 0.37046498828125 0.5532496145833333
0 0.764548466796875 0.6895499583333334 0.773631759765625 0.6365752395833334 0.383205251953125 0.49489512760416665 0.37036551953125 0.5501326067708333 0.764548466796875 0.6895499583333334
0 0.7770888984375 0.6348180208333333 0.786883490234375 0.58211525 0.396873962890625 0.4340304244791667 0.384433048828125 0.4918792552083333 0.7770888984375 0.6348180208333333
0 0.78586873046875 0.5796747213541666 0.791584291015625 0.5459387317708333 0.364993869140625 0.3818153359375 0.357216619140625 0.4149735442708333 0.78586873046875 0.5796747213541666
0 0.79453407421875 0.5429612526041666 0.799841771484375 0.5111220260416667 0.375390296875 0.34063216927083334 0.367232306640625 0.378565890625 0.79453407421875 0.5429612526041666
0 0.8020802109375 0.5078725807291666 0.8118647890625 0.46953446614583333 0.38101141796875 0.29659698697916664 0.372853427734375 0.33453071354166664 0.8020802109375 0.5078725807291666
0 0.8108500546875 0.4670938046875 0.820734123046875 0.4318727057291667 0.39171128515625 0.25758239322916665 0.381319849609375 0.29158323177083334 0.8108500546875 0.4670938046875
0 0.821554927734375 0.42089702083333336 0.83429925390625 0.36521675520833335 0.42187199609375 0.19700166927083332 0.409499384765625 0.2571990286458333 0.821554927734375 0.42089702083333336
0 0.435405984375 0.12957724739583334 0.422656626953125 0.19243983072916668 0.8399948359375 0.3602100911458333 0.85213236328125 0.3001925703125 0.435405984375 0.12957724739583334
0 0.428650296875 0 0.40950988671875 0.09607118229166667 0.86393141015625 0.2882826223958333 0.86769701953125 0.2815116588541667 0.882423583984375 0.19699070572916666 0.431644630859375 0 0.428650296875 0
0 0.467642345703125 0 0.464963693359375 0.013614468749999999 0.877929484375 0.18381829687499998 0.889733587890625 0.16472604166666668 0.896359427734375 0.13749603645833333 0.897735755859375 0.13191547395833333 0.5527028125 0 0.467642345703125 0