0 0.55841973046875 1 0.56006578515625 0.9702480260416667 0.249928314453125 0.9426490989583334 0.244003796875 0.9827979166666667 0.490180271484375 1 0.55841973046875 1
0 0.559731130859375 0.9626035833333333 0.562458408203125 0.925535671875 0.278456607421875 0.89552909375 0.27403333984375 0.9344517421875 0.559731130859375 0.9626035833333333
0 0.5606245546875 0.9237139635416667 0.56321905859375 0.8900239583333334 0.28252658203125 0.8605383567708333 0.279822998046875 0.8930842005208333 0.5606245546875 0.9237139635416667
0 0.566986345703125 0.8911339557291668 0.56894742578125 0.8573996328125001 0.26110847265625 0.8197998854166667 0.256825814453125 0.8568797890625 0.566986345703125 0.8911339557291668
0 0.56964723828125 0.85575496875 0.5723413203125 0.8195315494791666 0.264585962890625 0.7838465104166666 0.260508259765625 0.8189111354166667 0.56964723828125 0.85575496875
0 0.56870684765625 0.8150436484375 0.5707343125 0.7796203984375 0.2920653203125 0.7432121536458333 0.28922211328125 0.7790486588541666 0.56870684765625 0.8150436484375
0 0.570867080078125 0.7762425520833333 0.573494779296875 0.7417080546875 0.295558771484375 0.70281065625 0.29225808984375 0.7373506901041668 0.570867080078125 0.7762425520833333
0 0.580124841796875 0.7184613567708333 0.5787556796875 0.7048171848958332 0.288450263671875 0.6574343880208333 0.284356576171875 0.6969471927083334 0.5760947890625 0.740196171875 0.578326951171875 0.73188428125 0.580124841796875 0.7184613567708333
0 0.580254880859375 0.6989944479166667 0.583648736328125 0.6611263046875 0.293116478515625 0.6088863203125 0.28938240234375 0.6498784661458333 0.580254880859375 0.6989944479166667
0 0.587424755859375 0.6270632838541667 0.58940212890625 0.5908955885416667 0.31038873828125 0.5632486666666666 0.306672138671875 0.6004461067708333 0.587424755859375 0.6270632838541667
0 0.587797505859375 0.5893015963541667 0.590154830078125 0.5576060520833334 0.29308415234375 0.5227698723958333 0.288956482421875 0.5535727317708333 0.587797505859375 0.5893015963541667
0 0.592570240234375 0.52443275 0.297278427734375 0.4867570885416667 0.292927822265625 0.5147341302083334 0.59027100390625 0.5546504375 0.592570240234375 0.52443275
0 0.594320080078125 0.5223321979166667 0.598804806640625 0.478930375 0.59917994140625 0.45524666666666663 0.298839546875 0.40462232812500004 0.2955165625 0.41846789062499995 0.29420720703125 0.43764071614583333 0.29065429296875 0.4714754921875 0.292504783203125 0.47884813802083337 0.594320080078125 0.5223321979166667
0 0.603083802734375 0.42662292447916667 0.60568507421875 0.3887210208333333 0.304047947265625 0.32866990104166666 0.296276689453125 0.3984347369791667 0.599763236328125 0.4545464661458333 0.6029409765625 0.4443953984375 0.603083802734375 0.42662292447916667
0 0.599121419921875 0.38603964583333333 0.600605017578125 0.36243334114583337 0.36917074609375 0.31796187239583334 0.366327625 0.34191302083333336 0.599121419921875 0.38603964583333333
0 0.6017425390625 0.3617719192708333 0.604596029296875 0.3315928645833333 0.3725132578125 0.2835154401041667 0.368960345703125 0.31735016666666666 0.6017425390625 0.3617719192708333
0 0.612231873046875 0.29285688541666666 0.343393134765625 0.2325788515625 0.33989830859375 0.26493581770833335 0.608492583984375 0.323276109375 0.612231873046875 0.29285688541666666
0 0.610102046875 0.290485234375 0.612812708984375 0.2600143125 0.348054529296875 0.198821484375 0.34688798046875 0.20022188541666666 0.3423718046875 0.23028465625000002 0.610102046875 0.290485234375
0 0.329215513671875 0.1668546796875 0.326700865234375 0.1906609765625 0.613013619140625 0.25882841666666667 0.6147029453125 0.24412779166666665 0.6162470546875 0.23312166145833335 0.329215513671875 0.1668546796875
0 0.3288839296875 0.16339890885416666 0.615779974609375 0.23086619791666665 0.617382171875 0.2183822109375 0.61681340234375 0.20487938281249998 0.3316212421875 0.13617556770833333 0.33077658203125 0.14352583072916666 0.3288839296875 0.16339890885416666
0 0.61688362109375 0.20278779427083335 0.61997183984375 0.18077553645833333 0.35942535546875 0.11355116666666666 0.357261123046875 0.13426246354166668 0.61688362109375 0.20278779427083335
0 0.620526052734375 0.18081426302083334 0.6236143125 0.15880190624999999 0.36404074609375 0.089426109375 0.362157265625 0.10867189583333332 0.620526052734375 0.18081426302083334
0 0.3292736875 0.054508591145833334 0.328373345703125 0.077414640625 0.62028889453125 0.15856953645833333 0.624633216796875 0.14701816666666667 0.628069955078125 0.11613905989583334 0.6274842734375 0.10276128125 0.335348634765625 0.010818815104166666 0.332623298828125 0.025846122395833334 0.3292736875 0.054508591145833334
0 0.336417984375 0 0.335975333984375 0.011261682291666667 0.625412572265625 0.09891177083333334 0.630659625 0.07853228385416666 0.631037189453125 0.06892645572916667 0.63190848828125 0.04675928385416667 0.4950746171875 0 0.336417984375 0