0 0.399903451171875 1 0.7751552890625 0.9202374244791667 0.7719113984375 0.8790134244791666 0.2849569140625 0.9870766276041666 0.28672094921875 1 0.399903451171875 1
0 0.3195438828125 0.9639659531250001 0.320083990234375 0.97257284375 0.772876572265625 0.879848921875 0.76687640234375 0.816116328125 0.31228998828125 0.9028067473958333 0.3195438828125 0.9639659531250001
0 0.3081306875 0.8662783229166666 0.311762533203125 0.8994980989583333 0.76699579296875 0.8116463515625 0.7596921328125 0.7449560729166667 0.305732580078125 0.830359796875 0.3081306875 0.8662783229166666
0 0.7642990859375 0.7425413854166667 0.7571944921875 0.6979753984375 0.277831970703125 0.7805972291666667 0.280041064453125 0.8309867838541667 0.7642990859375 0.7425413854166667
0 0.760497955078125 0.6926030260416667 0.756408279296875 0.6460735494791666 0.3112745546875 0.7189946380208333 0.314931568359375 0.7732478776041667 0.760497955078125 0.6926030260416667
0 0.3093640625 0.7017915234375001 0.311028556640625 0.7122326328124999 0.755731650390625 0.641829171875 0.7524379921875 0.5950740989583333 0.30578185546875 0.6584453333333333 0.3093640625 0.7017915234375001
0 0.76787075 0.5718467161458333 0.76562194140625 0.5525214114583333 0.22471716015625 0.6248589661458334 0.224577912109375 0.6448610703125001 0.225354072265625 0.66016759375 0.22650849609375 0.6674091041666667 0.768527521484375 0.59162321875 0.76787075 0.5718467161458333
0 0.761243716796875 0.5094008151041667 0.2193239921875 0.5753718046874999 0.219065353515625 0.5998438854166667 0.221571017578125 0.6155615234375 0.7625572578125 0.5489538255208334 0.7630348203125 0.5310739114583333 0.761243716796875 0.5094008151041667
0 0.758009876953125 0.504772140625 0.75894514453125 0.4845444348958334 0.755820640625 0.43885045572916664 0.749134037109375 0.42300093229166663 0.218020255859375 0.4836913489583334 0.212328736328125 0.4897405182291667 0.2127964921875 0.5239880494791667 0.217817935546875 0.5711434479166667 0.758009876953125 0.504772140625
0 0.211565408203125 0.47973338281250005 0.748288251953125 0.4176954583333334 0.749462298828125 0.38852779947916666 0.74863637109375 0.36769020052083334 0.746845267578125 0.34601710416666664 0.744019365234375 0.3335095651041667 0.205064791015625 0.3919859895833333 0.204010134765625 0.416683671875 0.209015220703125 0.4585175703125 0.211565408203125 0.47973338281250005
0 0.214099490234375 0.34950020052083336 0.217033984375 0.37834559375 0.73812877734375 0.31743444010416666 0.72630764453125 0.22762567447916668 0.21140278515625 0.28039523437499997 0.214099490234375 0.34950020052083336
0 0.72825785546875 0.21376454166666667 0.715352154296875 0.12759025520833334 0.196755748046875 0.1780789270833333 0.204770974609375 0.27532722395833337 0.72825785546875 0.21376454166666667
0 0.245437404296875 0.1442229375 0.248836814453125 0.17076580208333333 0.709426986328125 0.1269548828125 0.708989138671875 0.11377054947916666 0.706451783203125 0.09785412239583334 0.245437404296875 0.1442229375
0 0.707914376953125 0.06527758333333333 0.24332784375 0.10489552604166667 0.2407507734375 0.12004335416666667 0.243760845703125 0.13892505989583334 0.70611346875 0.09573193489583333 0.709198009765625 0.08376739322916667 0.707914376953125 0.06527758333333333
0 0.70703868359375 0.038908911458333334 0.7044515625 0.0174614140625 0.25695766796875 0.05771002604166667 0.188650568359375 0.07706885677083333 0.18868105859375 0.08045762499999999 0.192246650390625 0.10804290364583334 0.707526296875 0.0576243203125 0.70703868359375 0.038908911458333334
0 0.46058591015625 0 0.321014015625 0.039555895833333334 0.710431630859375 0.008003361979166667 0.710165841796875 0 0.46058591015625 0