0 0.20586124609375 0.14543268489583333 0.203287759765625 0.1403441953125 0.19689854296875 0.13868827604166667 0.19138965625 0.13726051822916666 0.08358487890625 0.6487449895833334 0.09955792578125 0.6528847812499999 0.20586124609375 0.14543268489583333
0 0.108653658203125 0.6530314010416667 0.1356525546875 0.6611341822916666 0.2268264375 0.20060833854166668 0.200626197265625 0.19271254687499997 0.108653658203125 0.6530314010416667
0 0.138691880859375 0.6630272760416667 0.1624961640625 0.6703021015625 0.25127409375 0.2091552890625 0.2277176640625 0.20083932291666665 0.138691880859375 0.6630272760416667
0 0.1639381875 0.6717812109375 0.18869640625 0.6781978932291667 0.274435005859375 0.21515798958333332 0.251683171875 0.20705055208333334 0.1639381875 0.6717812109375
0 0.1899831484375 0.680742140625 0.213144060546875 0.6867448411458333 0.2983945703125 0.2213676796875 0.274590287109375 0.21409285416666668 0.1899831484375 0.680742140625
0 0.335442673828125 0.1889651953125 0.30764512890625 0.1806554244791667 0.213144060546875 0.6867448411458333 0.240142955078125 0.6948476223958333 0.24429149609375 0.6948174374999999 0.335442673828125 0.1889651953125
0 0.246376890625 0.6975686744791667 0.275283650390625 0.7039551666666667 0.364038873046875 0.19748195833333335 0.33860072265625 0.1908890572916667 0.246376890625 0.6975686744791667
0 0.387421810546875 0.21901749739583332 0.367116109375 0.2170709296875 0.2784782578125 0.7047831250000001 0.322248845703125 0.7172326927083333 0.407565642578125 0.228659765625 0.387421810546875 0.21901749739583332
0 0.417127220703125 0.22561098437500002 0.40741036328125 0.2297248984375 0.3241789609375 0.7210490625 0.367150896484375 0.733291640625 0.450692861328125 0.23983720833333333 0.417127220703125 0.22561098437500002
0 0.370656068359375 0.7319893307291667 0.41507002734375 0.7457110208333333 0.4908697421875 0.2712521901041667 0.4505968828125 0.2586037630208333 0.370656068359375 0.7319893307291667
0 0.499166828125 0.27119181770833334 0.491981814453125 0.27043503125 0.42083812109375 0.7516274713541667 0.463477248046875 0.76046765625 0.53319830859375 0.2822226432291667 0.499166828125 0.27119181770833334
0 0.470842646484375 0.7667980885416666 0.5136370546875 0.7745731406249999 0.572820353515625 0.29470239322916664 0.53385503515625 0.2846036041666667 0.470842646484375 0.7667980885416666
0 0.516055259765625 0.7807267682291666 0.55199460546875 0.7900413020833333 0.612308912109375 0.2739861953125 0.58229494140625 0.265101984375 0.516055259765625 0.7807267682291666
0 0.5561431484375 0.7900111171875 0.59159440625 0.7969883958333334 0.648403541015625 0.28223559895833333 0.618087921875 0.27548396354166665 0.5561431484375 0.7900111171875
0 0.59609800390625 0.8058932604166666 0.605681830078125 0.8083771354166666 0.66714984765625 0.3014640651041667 0.660161314453125 0.2996528229166667 0.59609800390625 0.8058932604166666
0 0.6080777890625 0.8089981041666667 0.62835465234375 0.8120425781249999 0.691486259765625 0.28234772395833335 0.674916677734375 0.2780533229166667 0.6080777890625 0.8089981041666667
0 0.629796677734375 0.8135216901041668 0.639380501953125 0.8160055677083333 0.699118181640625 0.3152763125 0.692293052734375 0.3124020390625 0.629796677734375 0.8135216901041668
0 0.64082252734375 0.8174846822916666 0.660145458984375 0.8213872994791668 0.72314403515625 0.2982902369791667 0.705939001953125 0.292725765625 0.64082252734375 0.8174846822916666
0 0.672946142578125 0.8302317916666667 0.684127271484375 0.8331296458333334 0.70313964453125 0.8391625338541666 0.717204822265625 0.8450186145833333 0.785239125 0.30443525 0.773880466796875 0.29706986979166666 0.758861357421875 0.29207193229166667 0.744394201171875 0.29053318229166664 0.672946142578125 0.8302317916666667
0 0.725036060546875 0.8481536432291666 0.7539428203125 0.8545401380208334 0.817585224609375 0.37250894010416663 0.792649478515625 0.3616247369791667 0.725036060546875 0.8481536432291666
0 0.842431978515625 0.36126251302083334 0.83229201953125 0.3586345026041667 0.761308220703125 0.8608705703125 0.784779693359375 0.8647430052083332 0.852193333984375 0.36821391406250004 0.842431978515625 0.36126251302083334
0 0.818988703125 0.8802413515624999 0.8915706484375 0.31983442447916666 0.882142103515625 0.31628541666666665 0.86786053515625 0.31368938541666663 0.791812283203125 0.8676710442708333 0.807008921875 0.8771365078125001 0.818988703125 0.8802413515624999
0 0.91207628125 0.3218328125 0.90076867578125 0.3211129348958333 0.82578421875 0.8853187057291666 0.852938392578125 0.8923563541666667 0.924854716796875 0.3251446458333333 0.91207628125 0.3218328125