0 0.51965291015625 1 0.5687263828125 0.9931228932291667 0.811940568359375 0.9164918515624999 0.805485974609375 0.8685902786458333 0.410257236328125 0.985877671875 0.41205869140625 1 0.51965291015625 1
0 0.805114724609375 0.8638806640625 0.799683826171875 0.8063125130208334 0.434529130859375 0.9086718098958334 0.44042406640625 0.9721270052083333 0.805114724609375 0.8638806640625
0 0.798522298828125 0.802904078125 0.793462642578125 0.7500454635416666 0.42737983984375 0.8406309244791667 0.433181953125 0.9029086145833333 0.798522298828125 0.802904078125
0 0.397781189453125 0.7709744270833333 0.400841130859375 0.8324460494791667 0.783424890625 0.73597703125 0.77480906640625 0.6783488541666666 0.397781189453125 0.7709744270833333
0 0.77814030078125 0.6236301953125 0.7741437578125 0.6182382760416667 0.404112171875 0.6927115755208333 0.41172555859375 0.7666394973958334 0.781340845703125 0.6755589947916666 0.781484330078125 0.6433982369791666 0.77814030078125 0.6236301953125
0 0.780232759765625 0.6161945390625 0.76913760546875 0.5094236302083334 0.415283544921875 0.5625835859375 0.4254845625 0.6814788880208332 0.780232759765625 0.6161945390625
0 0.769281037109375 0.4772629583333334 0.764868279296875 0.45526374739583336 0.3643493046875 0.50544015625 0.36959455859375 0.5606536249999999 0.7672785546875 0.5084938072916666 0.770580384765625 0.49374625260416666 0.769281037109375 0.4772629583333334
0 0.358547193359375 0.4431624661458333 0.364256498046875 0.5042628151041667 0.763706705078125 0.4518554791666667 0.7574855234375 0.39558842708333336 0.358547193359375 0.4431624661458333
0 0.75809023828125 0.39193247395833336 0.75377588671875 0.3258749166666667 0.37598753125 0.35858120312499997 0.3811371484375 0.435235171875 0.75809023828125 0.39193247395833336
0 0.750476888671875 0.31800462760416665 0.7458841015625 0.24841488281250002 0.365679822265625 0.27312696354166666 0.37445473046875 0.3504632369791667 0.750476888671875 0.31800462760416665
0 0.747186291015625 0.24228048697916668 0.73510951171875 0.1796916119791667 0.35890459765625 0.18717768229166667 0.36730826171875 0.2598044244791667 0.747186291015625 0.24228048697916668
0 0.7278589296875 0.178327 0.72386515234375 0.15031716145833332 0.381590189453125 0.15780988541666666 0.383817666015625 0.18606725000000002 0.7278589296875 0.178327
0 0.37773710546875 0.12025721354166667 0.38052144140625 0.15557879947916667 0.7257242734375 0.15124713802083334 0.721970205078125 0.12015523177083333 0.37773710546875 0.12025721354166667