0 0.447297189453125 0 0.198467845703125 0.09513422135416666 0.211316197265625 0.14729134375 0.587618271484375 0 0.447297189453125 0
0 0.603008201171875 0 0.210952119140625 0.1498936953125 0.225881248046875 0.21931244531250002 0.630601671875 0.060882049479166665 0.616652125 0 0.603008201171875 0
0 0.62663246875 0.14122083593749998 0.611339248046875 0.07440453125 0.227469013671875 0.22240009114583334 0.24470344921875 0.29332416666666666 0.62663246875 0.14122083593749998
0 0.242768271484375 0.2978351796875 0.248516623046875 0.32026907552083334 0.616730875 0.18088821354166665 0.61066501171875 0.1571782578125 0.242768271484375 0.2978351796875
0 0.6592482109375 0.21126689843750002 0.651171802734375 0.17371252604166665 0.2449829453125 0.32531487239583334 0.253875798828125 0.3643179401041667 0.6592482109375 0.21126689843750002
0 0.25696317578125 0.3638398671875 0.26418596875 0.40172060156249995 0.669498830078125 0.2514688802083333 0.66108075390625 0.21549258333333332 0.25696317578125 0.3638398671875
0 0.6657908046875 0.32330263541666665 0.655869853515625 0.26428498697916664 0.26345775390625 0.4069253307291667 0.279033693359375 0.4671275859375 0.6657908046875 0.32330263541666665
0 0.276064875 0.46984229427083335 0.290498501953125 0.5283661588541667 0.679985708984375 0.3893073203125 0.66847694921875 0.3272019635416667 0.276064875 0.46984229427083335
0 0.700734576171875 0.40846927083333334 0.697917068359375 0.39107268229166664 0.2895255546875 0.532432921875 0.303959197265625 0.590956859375 0.708810984375 0.44602364322916666 0.700734576171875 0.40846927083333334
0 0.721418078125 0.5089406145833334 0.710643541015625 0.4502493203125 0.302741486328125 0.5938854973958333 0.31484780078125 0.6525546927083333 0.721418078125 0.5089406145833334
0 0.317055724609375 0.6561497838541667 0.330026943359375 0.71646446875 0.716953388671875 0.5783845963541666 0.70508053515625 0.5188816796875 0.317055724609375 0.6561497838541667
0 0.730049943359375 0.6435775104166667 0.71854121484375 0.5814723046875 0.3290539609375 0.7205310755208334 0.343487623046875 0.7790550937499999 0.730049943359375 0.6435775104166667
0 0.34398308984375 0.7899498255208334 0.35867346484375 0.8668492421875 0.74365400390625 0.7369028958333333 0.728838275390625 0.65512509375 0.34398308984375 0.7899498255208334
0 0.77066474609375 0.8152499192708333 0.75389706640625 0.7329866953124999 0.365018701171875 0.8705813020833334 0.382266501953125 0.951872265625 0.77066474609375 0.8152499192708333
0 0.515643326171875 1 0.7882736875 0.8982364244791667 0.77200779296875 0.8171995104166667 0.385326060546875 0.9564173567708334 0.39329985546875 1 0.515643326171875 1