0 0.308364859375 0 0.3057884296875 0.0049038828125000005 0.3013880078125 0.033926203125 0.299855107421875 0.07292549739583333 0.30263746875 0.08506909895833333 0.764839697265625 0.10215837500000001 0.769475572265625 0.018143981770833335 0.509819708984375 0 0.308364859375 0
0 0.76273987109375 0.11411556770833332 0.303066931640625 0.09487571093750001 0.300245646484375 0.10445517187499999 0.29691339453125 0.12703439322916668 0.29576371875 0.15628386458333335 0.296026515625 0.19106347916666666 0.756390466796875 0.2134557473958333 0.762497767578125 0.16174063020833332 0.763817763671875 0.12815790364583332 0.76273987109375 0.11411556770833332
0 0.29555812890625 0.2029799296875 0.290096849609375 0.2797248385416667 0.753928107421875 0.3175674375 0.759807998046875 0.2301724609375 0.29555812890625 0.2029799296875
0 0.2905263125 0.28953145052083334 0.28634976171875 0.3750564479166667 0.75369090625 0.42726606510416665 0.758242494140625 0.33219957031249997 0.2905263125 0.28953145052083334
0 0.285366751953125 0.3793329114583333 0.280207193359375 0.4691343776041667 0.744641890625 0.5330900807291666 0.751715685546875 0.43605311458333335 0.285366751953125 0.3793329114583333
0 0.281662244140625 0.4735812057291667 0.275689998046875 0.5633258802083333 0.738073517578125 0.6380011484375 0.7451462890625 0.5409902447916667 0.281662244140625 0.4735812057291667
0 0.275562255859375 0.5665758203125 0.271633876953125 0.6043214348958333 0.71832086328125 0.6844176119791667 0.721467876953125 0.6458184036458333 0.275562255859375 0.5665758203125
0 0.270523126953125 0.61184784375 0.2692457109375 0.6443472552083334 0.715719794921875 0.7298599973958333 0.718866361328125 0.6912720755208334 0.270523126953125 0.61184784375
0 0.270658181640625 0.6498774010416667 0.2700657109375 0.6856835416666667 0.68963596875 0.7714889036458333 0.69359480078125 0.732968515625 0.270658181640625 0.6498774010416667
0 0.26797194921875 0.6974864166666667 0.26823474609375 0.73226603125 0.68682199609375 0.8223478593750001 0.69078033203125 0.7838400989583333 0.26797194921875 0.6974864166666667
0 0.268064423828125 0.7365992890625 0.2651652890625 0.7896248697916667 0.705184115234375 0.8942397447916667 0.709652859375 0.8427464557291667 0.268064423828125 0.7365992890625
0 0.263454755859375 0.791677921875 0.2621384140625 0.8459003958333334 0.700918748046875 0.9612916171875 0.706455072265625 0.9033702838541666 0.263454755859375 0.791677921875
0 0.264443875 0.8494442942708332 0.265732259765625 0.8788641276041668 0.634064328125 0.9828149010416666 0.637600015625 0.9550599401041667 0.264443875 0.8494442942708332
0 0.63609919921875 1 0.63799024609375 0.98659740625 0.26808516015625 0.8812011197916667 0.266807744140625 0.91370053125 0.568397193359375 1 0.63609919921875 1
0 0.556263384765625 1 0.26988816796875 0.9182609401041667 0.26711312109375 0.9473968333333334 0.43403405859375 0.9960766692708334 0.490180275390625 1 0.556263384765625 1