0 0.481591263671875 0 0.155835638671875 0.08995279166666666 0.164594236328125 0.149657375 0.606850162109375 0.03392017708333333 0.60327478515625 0 0.481591263671875 0
0 0.16607950390625 0.15595182031250002 0.170395556640625 0.18910234635416667 0.65491031640625 0.061064515625 0.65140532421875 0.027812096354166666 0.16607950390625 0.15595182031250002
0 0.170848482421875 0.19339932031249998 0.177921875 0.22931953645833333 0.66048517578125 0.09836100260416668 0.655595921875 0.06756895052083334 0.170848482421875 0.19339932031249998
0 0.17837480078125 0.23361651302083333 0.184968740234375 0.2805811875 0.58196876953125 0.17989716145833334 0.575269076171875 0.13192920572916667 0.17837480078125 0.23361651302083333
0 0.208992185546875 0.29798871354166667 0.21296854296875 0.32791651041666664 0.58371415234375 0.23543862760416667 0.580892845703125 0.2086724296875 0.208992185546875 0.29798871354166667
0 0.185102359375 0.3364246770833333 0.19067721875 0.37372116145833334 0.682318423828125 0.25092069270833334 0.67893475 0.2110226796875 0.185102359375 0.3364246770833333
0 0.190097798828125 0.3760206614583333 0.194753544921875 0.4123939192708333 0.68821971484375 0.299110625 0.683928169921875 0.25839604947916667 0.190097798828125 0.3760206614583333
0 0.208960505859375 0.5159914583333333 0.704264904296875 0.404554625 0.697031365234375 0.32813234375 0.69328076953125 0.3081429375 0.19335498046875 0.42251514322916667 0.20426497265625 0.5026303489583334 0.208960505859375 0.5159914583333333
0 0.70733541015625 0.42588847395833335 0.70299494140625 0.41589592708333334 0.2048046015625 0.5233429947916667 0.218118978515625 0.6106758723958333 0.717652720703125 0.5159738932291666 0.70733541015625 0.42588847395833335
0 0.21638071875 0.6175743671875 0.223101154296875 0.6579425729166667 0.71457607421875 0.5647507161458333 0.71017820703125 0.5230274427083333 0.21638071875 0.6175743671875
0 0.220783474609375 0.6671405703125001 0.22693775390625 0.7021375546874999 0.73129352734375 0.6142002161458333 0.72802308203125 0.5753764505208333 0.220783474609375 0.6671405703125001
0 0.22669802734375 0.7076597838541666 0.23364492578125 0.7501764739583333 0.738227162109375 0.6643876223958333 0.734171740234375 0.6259131848958334 0.22669802734375 0.7076597838541666
0 0.230874322265625 0.7550774973958333 0.240099107421875 0.8114083359375001 0.703341625 0.7388433489583334 0.697136015625 0.6799697473958334 0.230874322265625 0.7550774973958333
0 0.23813438671875 0.8161583489583334 0.245860640625 0.8738654557291667 0.711860498046875 0.80407015625 0.705656603515625 0.7452128098958334 0.23813438671875 0.8161583489583334
0 0.250569439453125 0.8795558515624999 0.253979640625 0.9041124322916666 0.683248609375 0.8444864401041667 0.680884017578125 0.8142566171875 0.250569439453125 0.8795558515624999
0 0.254319333984375 0.9073351614583333 0.257842765625 0.932965984375 0.688144080078125 0.8753374687500001 0.685226419921875 0.8476571510416666 0.254319333984375 0.9073351614583333
0 0.258522154296875 0.9394114479166666 0.26156613671875 0.9760867239583333 0.692446869140625 0.9161587083333332 0.687931578125 0.8811179609374999 0.258522154296875 0.9394114479166666
0 0.378977173828125 1 0.69663642578125 0.9559057057291667 0.69315457421875 0.9228728229166667 0.264663171875 0.9820791484375001 0.26537439453125 1 0.378977173828125 1
0 0.526222548828125 1 0.71350454296875 0.9649056432291667 0.71217465234375 0.9551849557291666 0.392393736328125 1 0.526222548828125 1