0 0.117475578125 0.26725949479166666 0.09474526171875 0.2666747057291667 0.0814745078125 0.7815442135416667 0.092934482421875 0.7829165416666667 0.104266685546875 0.7810381223958333 0.117475578125 0.26725949479166666
0 0.16968759375 0.2690438671875 0.148552955078125 0.267261015625 0.111408689453125 0.7761928255208334 0.122953845703125 0.7797323203125001 0.134286048828125 0.7778539010416666 0.16968759375 0.2690438671875
0 0.1413854609375 0.7719250234375 0.172430267578125 0.7741019348958332 0.212372501953125 0.214992921875 0.184747453125 0.2136636015625 0.1413854609375 0.7719250234375
0 0.17568020703125 0.7738748385416666 0.203347298828125 0.7730281041666666 0.24410201953125 0.21386231510416667 0.218110201171875 0.21241887239583335 0.17568020703125 0.7738748385416666
0 0.27407879296875 0.2095945078125 0.247239154296875 0.20712375000000002 0.20663983203125 0.7738845911458333 0.223017310546875 0.7759998567708334 0.233494439453125 0.7730946276041667 0.27407879296875 0.2095945078125
0 0.23674437890625 0.7728675312500001 0.256371798828125 0.7747557005208333 0.293450666015625 0.2049811848958333 0.27649587890625 0.20507937760416664 0.23674437890625 0.7728675312500001
0 0.256627345703125 0.7812571953125 0.27377471875 0.7822321067708334 0.315014208984375 0.1317615234375 0.299776025390625 0.1339128828125 0.256627345703125 0.7812571953125
0 0.278649630859375 0.7818914609375001 0.293359546875 0.7830366927083333 0.33528375 0.12925859114583335 0.320008013671875 0.13032601562499999 0.278649630859375 0.7818914609375001
0 0.30195615625 0.7737435208333333 0.321626169921875 0.7767152708333334 0.3558384140625 0.21692009114583333 0.340481724609375 0.21582005468749998 0.30195615625 0.7737435208333333
0 0.32564600390625 0.7753478203125 0.34206607421875 0.7785466666666667 0.374482984375 0.21453070572916666 0.359216111328125 0.21559751041666667 0.32564600390625 0.7753478203125
0 0.378542728515625 0.7738246692708333 0.421561859375 0.7697320598958334 0.4175381953125 0.252811359375 0.37867109375 0.25444071875 0.378542728515625 0.7738246692708333
0 0.42570946875 0.7716153567708334 0.472063720703125 0.7694628151041667 0.46444938671875 0.24410055208333334 0.419947755859375 0.2472101953125 0.42570946875 0.7716153567708334
0 0.473475734375 0.7639313567708333 0.522395216796875 0.7648592421874999 0.51499383984375 0.24491488802083336 0.469606830078125 0.24591328125 0.473475734375 0.7639313567708333
0 0.52727012890625 0.7645185989583334 0.56147969140625 0.7643012499999999 0.551342720703125 0.23694214322916665 0.518240265625 0.23925524739583334 0.52727012890625 0.7645185989583334
0 0.563317619140625 0.7696056145833333 0.59739941015625 0.7661375234375 0.58590277734375 0.18345894010416666 0.554434763671875 0.18565783072916667 0.563317619140625 0.7696056145833333
0 0.5991095625 0.7681911380208333 0.6356713984375 0.7656363046875 0.62002716015625 0.18107442968749998 0.589380294921875 0.18321594010416667 0.5991095625 0.7681911380208333
0 0.630370005859375 0.21620813281249998 0.623463638671875 0.2210369609375 0.637981083984375 0.7622152369791667 0.650423908203125 0.7678651197916667 0.662653779296875 0.7680970911458332 0.673216087890625 0.7673590286458333 0.679588197265625 0.7636540885416667 0.663894857421875 0.21929830729166666 0.6547445625 0.2145049114583333 0.643369767578125 0.21529974739583332 0.630370005859375 0.21620813281249998
0 0.685619001953125 0.21234749739583333 0.6758691796875 0.21302878645833334 0.67218225390625 0.21654609375 0.685318185546875 0.76434025 0.686173259765625 0.7653670598958334 0.701780845703125 0.7686226848958334 0.718030552734375 0.767487203125 0.7276526015625 0.7635551666666666 0.7167489921875 0.21669157552083332 0.70614408984375 0.21634605729166667 0.69305914453125 0.21508727864583332 0.685619001953125 0.21234749739583333
0 0.73662734765625 0.7618414791666667 0.773316958984375 0.7625373932291667 0.7583574296875 0.17466799479166664 0.719272953125 0.175225984375 0.73662734765625 0.7618414791666667
0 0.773831306640625 0.7548955416666666 0.81625090625 0.7562776197916666 0.799751587890625 0.17068893489583334 0.76329526953125 0.17106327864583334 0.773831306640625 0.7548955416666666
0 0.82031333203125 0.75599375 0.839043083984375 0.7557715286458334 0.821259525390625 0.17896504947916667 0.8026875546875 0.17808968749999998 0.82031333203125 0.75599375
0 0.854224759765625 0.748191328125 0.86478706640625 0.747453265625 0.84468080859375 0.2566472135416667 0.8326579609375 0.25640077604166667 0.854224759765625 0.748191328125
0 0.87970994140625 0.75401640625 0.900107255859375 0.7547642213541667 0.879414484375 0.18685349739583335 0.8608568203125 0.1859771354166667 0.87970994140625 0.75401640625
0 0.90566687890625 0.7511160546875 0.925294298828125 0.7530042265625 0.901394177734375 0.1864041796875 0.882621833984375 0.1855428203125 0.90566687890625 0.7511160546875
0 0.934231638671875 0.7523797109375 0.951336419921875 0.7522710364583333 0.925853919921875 0.1868681223958333 0.90816301953125 0.18701775260416667 0.934231638671875 0.7523797109375