0 0.470486857421875 0 0.1992376875 0.057282197916666666 0.201228609375 0.07404244010416666 0.20368696875 0.08780148177083334 0.696754416015625 0.014428898437499999 0.6963219453125 0 0.470486857421875 0
0 0.20322487890625 0.09778396614583333 0.202253689453125 0.10348067708333332 0.206453767578125 0.13883834895833333 0.213152337890625 0.18135665625 0.219964427734375 0.18321305208333336 0.705034177734375 0.10493947916666667 0.702682455078125 0.029651856770833332 0.698593296875 0.0229729765625 0.20322487890625 0.09778396614583333
0 0.706561478515625 0.11779681510416667 0.7037005234375 0.10758484374999999 0.211337234375 0.1938215130208333 0.22003207421875 0.26008134374999997 0.712121451171875 0.17153879166666666 0.706561478515625 0.11779681510416667
0 0.221773794921875 0.28167997916666665 0.2259337421875 0.3236360651041667 0.22945043359375 0.3393682552083333 0.720267060546875 0.24011125520833332 0.7171654453125 0.20012831510416665 0.7122300703125 0.1793894453125 0.2222358828125 0.2716974921875 0.221773794921875 0.28167997916666665
0 0.227340646484375 0.3562886354166667 0.240610513671875 0.44025379427083333 0.7275756328125 0.33631854427083335 0.720846984375 0.2588657578125 0.227340646484375 0.3562886354166667
0 0.244167337890625 0.4493875729166667 0.252862177734375 0.5156474036458333 0.72637052734375 0.402472390625 0.720073115234375 0.3425224010416667 0.244167337890625 0.4493875729166667
0 0.247028158203125 0.5289609739583333 0.257330564453125 0.5948813177083333 0.7736469453125 0.46058459114583333 0.769352845703125 0.3966903854166666 0.247028158203125 0.5289609739583333
0 0.259701783203125 0.6009705026041666 0.267847390625 0.6695429635416666 0.77548956640625 0.5315864348958333 0.76788315234375 0.4675530963541667 0.259701783203125 0.6009705026041666
0 0.267679982421875 0.6750699296875 0.275269478515625 0.7250883463541666 0.729734712890625 0.5972633619791666 0.7257743828125 0.5500514557291667 0.267679982421875 0.6750699296875
0 0.273494505859375 0.730954796875 0.2826915703125 0.7806337291666666 0.735421962890625 0.6520767838541667 0.73065945703125 0.6050481718749999 0.273494505859375 0.730954796875
0 0.279575734375 0.789084859375 0.288478115234375 0.8432193125 0.748609958984375 0.7076077239583333 0.74584316015625 0.6565708541666667 0.279575734375 0.789084859375
0 0.286703142578125 0.8490857656249999 0.29547824609375 0.9021487708333332 0.754679033203125 0.7656354817708334 0.74962816015625 0.71617928125 0.286703142578125 0.8490857656249999
0 0.297594912109375 0.9060950677083334 0.3014934296875 0.9250415859375 0.30352983203125 0.942184703125 0.308526814453125 0.9565059583333334 0.737478537109375 0.8219873489583334 0.73903909375 0.8073796015625 0.7372572421875 0.792379375 0.7338944765625 0.7779430104166667 0.297594912109375 0.9060950677083334
0 0.42087259765625 1 0.79490944921875 0.8823484244791667 0.78778204296875 0.8223475208333334 0.30510414453125 0.9693103020833332 0.310742744140625 1 0.42087259765625 1
0 0.5128728359375 1 0.714839607421875 0.9366004817708333 0.71309788671875 0.9150018463541666 0.43917239453125 1 0.5128728359375 1
0 0.529513138671875 1 0.57339790625 0.9907324479166667 0.70794725390625 0.9479409062499999 0.7062837109375 0.9408729114583334 0.518219134765625 1 0.529513138671875 1