0 0.159928626953125 0.7964609114583333 0.21409083984375 0.7940929505208333 0.205211763671875 0.2553802369791667 0.14572219921875 0.25419625520833333 0.159928626953125 0.7964609114583333
0 0.216754515625 0.7940929505208333 0.2673650625 0.7940929505208333 0.2610973125 0.2585227291666667 0.204323890625 0.2553802369791667 0.216754515625 0.7940929505208333
0 0.317975609375 0.2849798229166667 0.26203765234375 0.28142788281250003 0.269140865234375 0.7940929505208333 0.324573875 0.7923768958333333 0.317975609375 0.2849798229166667
0 0.3250788828125 0.795276890625 0.379241037109375 0.7917249114583332 0.379261375 0.2858664791666667 0.320639345703125 0.28142788281250003 0.3250788828125 0.795276890625
0 0.4112056171875 0.24590837239583332 0.38279264453125 0.24590837239583332 0.38279264453125 0.7940929505208333 0.40855825 0.7910748124999999 0.4112056171875 0.24590837239583332
0 0.439618533203125 0.24709235416666667 0.412093490234375 0.24709235416666667 0.4112056171875 0.795276890625 0.437842728515625 0.7929089322916667 0.439618533203125 0.24709235416666667
0 0.44050646484375 0.7964609114583333 0.480462130859375 0.7940929505208333 0.484730125 0.2507102291666667 0.4440580703125 0.2506443151041667 0.44050646484375 0.7964609114583333
0 0.529296875 0.2530122734375 0.491116951171875 0.25419625520833333 0.4857896015625 0.7940929505208333 0.5228160625 0.7949810624999999 0.529296875 0.2530122734375
0 0.536400087890625 0.7988288723958333 0.560373583984375 0.7988288723958333 0.55699575 0.2572206458333333 0.531960609375 0.2577482161458333 0.536400087890625 0.7988288723958333
0 0.586122705078125 0.25419625520833333 0.56392519140625 0.2553802369791667 0.57191627734375 0.8000128125 0.59500178125 0.795276890625 0.586122705078125 0.25419625520833333
0 0.601217123046875 0.8035647942708333 0.639397044921875 0.7988288723958333 0.644724396484375 0.29800364583333333 0.60210499609375 0.29800364583333333 0.601217123046875 0.8035647942708333
0 0.654491345703125 0.8059327552083334 0.691783396484375 0.8000128125 0.7025035625 0.2988873125 0.658930943359375 0.29681966666666665 0.654491345703125 0.8059327552083334
0 0.69267126953125 0.7929089322916667 0.723747978515625 0.7893569505208333 0.7396129375 0.3600852291666667 0.704214080078125 0.3607548020833333 0.69267126953125 0.7929089322916667
0 0.778798064453125 0.36193878124999995 0.743281875 0.36193878124999995 0.729075328125 0.7881730104166667 0.758167625 0.7845643958333333 0.778798064453125 0.36193878124999995
0 0.76192778125 0.7893569505208333 0.7930044921875 0.7905409713541666 0.816761375 0.3626893958333333 0.782349669921875 0.36312276302083335 0.76192778125 0.7893569505208333
0 0.800995576171875 0.8011968333333334 0.825856943359375 0.8011968333333334 0.856045662109375 0.29681966666666665 0.8285206796875 0.2956356848958333 0.800995576171875 0.8011968333333334
0 0.883570765625 0.29800364583333333 0.860485259765625 0.29681966666666665 0.830296421875 0.8011968333333334 0.8528941875 0.8014914791666666 0.883570765625 0.29800364583333333