0 0.316935298828125 0 0.31509087109375 0.015527018229166667 0.79782512109375 0.09549559895833333 0.802325220703125 0.057612252604166664 0.529513134765625 0 0.316935298828125 0
0 0.313166123046875 0.019115971354166667 0.30579453515625 0.08747936458333333 0.787763595703125 0.17402433333333334 0.797745755859375 0.10247085677083334 0.313166123046875 0.019115971354166667
0 0.3039855390625 0.090093875 0.29422620703125 0.1659438671875 0.7798046484375 0.25350509895833334 0.790063333984375 0.17975827083333332 0.3039855390625 0.090093875
0 0.7715008046875 0.338675 0.774132951171875 0.3012513515625 0.77853141015625 0.26422365885416665 0.29364746875 0.17081588802083333 0.284734791015625 0.2458457890625 0.7715008046875 0.338675
0 0.281695529296875 0.24620284895833333 0.2791854609375 0.2736407838541667 0.6958660859375 0.35464306770833337 0.69860767578125 0.3252563151041667 0.281695529296875 0.24620284895833333
0 0.2728258359375 0.3082566770833333 0.274281017578125 0.3275422604166667 0.784094197265625 0.419222546875 0.78930290625 0.37537387499999997 0.2784909609375 0.27948731510416663 0.273599720703125 0.29543495833333333 0.2728258359375 0.3082566770833333
0 0.287509619140625 0.34232219531249997 0.28329967578125 0.39037713802083335 0.691940638671875 0.46968161458333335 0.6968814609375 0.4217810130208333 0.287509619140625 0.34232219531249997
0 0.27976101171875 0.38863102343749995 0.27455230859375 0.43247963020833335 0.685690185546875 0.5223000208333334 0.69060088671875 0.47868969791666666 0.27976101171875 0.38863102343749995
0 0.66611857421875 0.6050675911458333 0.676109390625 0.5272687734375 0.271202205078125 0.44176077604166664 0.265328783203125 0.5164336822916666 0.66611857421875 0.6050675911458333
0 0.65677930859375 0.6899958880208333 0.665539833984375 0.6099396145833333 0.264366392578125 0.5182280885416667 0.257032541015625 0.5980592942708333 0.65677930859375 0.6899958880208333
0 0.263645537109375 0.5999823046875 0.259941578125 0.6311634661458333 0.62409172265625 0.7195183776041666 0.627428361328125 0.68479653125 0.263645537109375 0.5999823046875
0 0.61974594921875 0.7620838828125001 0.624643794921875 0.7271592890625 0.259977931640625 0.6371643411458333 0.2577265234375 0.6685159270833334 0.61974594921875 0.7620838828125001
0 0.2573884765625 0.6715774609374999 0.25368450390625 0.7027587552083333 0.616405900390625 0.7980927213541666 0.62193860546875 0.7625469244791666 0.2573884765625 0.6715774609374999
0 0.612526541015625 0.83547371875 0.616961392578125 0.8044467734374999 0.252259150390625 0.7084509479166666 0.248786681640625 0.7376833541666666 0.612526541015625 0.83547371875
0 0.602707658203125 0.8613681171875 0.605717130859375 0.8360333567708333 0.25524885546875 0.7400468515625 0.251680728515625 0.7749014869791666 0.602707658203125 0.8613681171875
0 0.25231213671875 0.7773833697916667 0.2481815390625 0.8184630494791666 0.597730443359375 0.9032679687499999 0.602975541015625 0.8654201067708334 0.25231213671875 0.7773833697916667
0 0.23971526953125 0.8266637682291668 0.23011468359375 0.8885631770833333 0.57846971875 0.9771113932291667 0.585877650390625 0.9147489401041667 0.23971526953125 0.8266637682291668
0 0.60796701171875 1 0.60862428515625 0.9944668541666667 0.220454517578125 0.9005071901041667 0.21483241796875 0.9163005546875 0.21201803125 0.9336856744791667 0.21161237890625 0.9453310807291667 0.470486859375 1 0.60796701171875 1