0 0.840367599609375 0.8506370807291667 0.836830904296875 0.8326769739583333 0.8324750625 0.8225385911458334 0.322778017578125 0.937767890625 0.324576455078125 0.9626264999999999 0.32716256640625 0.9871613515625 0.8394219609375 0.86505528125 0.840367599609375 0.8506370807291667
0 0.827466361328125 0.7906133203125 0.822544361328125 0.7751037213541667 0.317922337890625 0.8839047213541668 0.323823625 0.9320946536458333 0.830297142578125 0.8174693984375 0.83019717578125 0.8087244427083333 0.827466361328125 0.7906133203125
0 0.301231412109375 0.8191137916666666 0.305473421875 0.8827480598958334 0.819787021484375 0.7723340286458332 0.816616544921875 0.74225521875 0.811141654296875 0.7137036927083332 0.301231412109375 0.8191137916666666
0 0.818081427734375 0.6937804192708333 0.814191775390625 0.6802682942708334 0.813752111328125 0.6683006067708334 0.8103286484375 0.6514147421875 0.29536991015625 0.7479117161458334 0.30006310546875 0.8158264375000001 0.8186343203125 0.7068223515625 0.818081427734375 0.6937804192708333
0 0.285818693359375 0.6806874348958334 0.29086296484375 0.7441363177083334 0.810341912109375 0.6437440260416667 0.807624361328125 0.6179621901041666 0.801003892578125 0.5863389453125 0.285818693359375 0.6806874348958334
0 0.2821218515625 0.6222252604166667 0.28638485546875 0.6704656119791667 0.80066419921875 0.5831162161458333 0.790986486328125 0.5224884036458334 0.280763076171875 0.60933434375 0.2821218515625 0.6222252604166667
0 0.276033888671875 0.548874703125 0.281100865234375 0.5969459218750001 0.79480269921875 0.511914140625 0.791858685546875 0.4839838177083333 0.7846322734375 0.4700015 0.276033888671875 0.548874703125
0 0.78625730078125 0.46202875781249997 0.77884421484375 0.4228858098958333 0.275320849609375 0.49533070833333337 0.278434908203125 0.5404673697916667 0.78625730078125 0.46202875781249997
0 0.777459958984375 0.4175497109375 0.76906758203125 0.3457264296875 0.318379486328125 0.4126524895833333 0.323321873046875 0.4829313359375 0.777459958984375 0.4175497109375
0 0.27193109765625 0.385206125 0.2753071875 0.41723563541666664 0.76637655859375 0.3046031640625 0.765497234375 0.28066778645833335 0.7613811171875 0.2650071770833333 0.27193109765625 0.385206125
0 0.74370377734375 0.10509595312499999 0.735445017578125 0.08911616145833333 0.269106453125 0.2882393671875 0.27950334375 0.3323004947916667 0.754680083984375 0.14685758072916666 0.753547771484375 0.13611515104166666 0.74370377734375 0.10509595312499999
0 0.264277298828125 0.21903476562500002 0.271363953125 0.2472842682291667 0.746653927734375 0.06291560156249999 0.723615912109375 0.008077729166666667 0.260967064453125 0.20322314322916668 0.264277298828125 0.21903476562500002
0 0.59142178125 0 0.25060996484375 0.13614987239583334 0.258008978515625 0.16736277343749997 0.715394078125 0 0.59142178125 0
0 0.47377744921875 0 0.39846340234375 0.014112932291666666 0.246233736328125 0.0712422421875 0.2543236875 0.10121363541666667 0.540373337890625 0 0.47377744921875 0