0 0.44731664453125 0 0.727726884765625 0.10404874739583332 0.734017412109375 0.08147827604166667 0.566122619140625 0 0.44731664453125 0
0 0.329008310546875 0 0.325526935546875 0.0139952578125 0.710266576171875 0.16108758333333334 0.72658876171875 0.10475630989583333 0.444672705078125 0 0.329008310546875 0
0 0.69212231640625 0.22409378125 0.709128453125 0.1617951484375 0.326948654296875 0.017900799479166667 0.312915755859375 0.07161494791666666 0.69212231640625 0.22409378125
0 0.31221874609375 0.07878437760416666 0.302804626953125 0.11327115104166667 0.678144478515625 0.2641002552083333 0.68946578125 0.23036375 0.31221874609375 0.07878437760416666
0 0.662744595703125 0.31440464583333333 0.674511560546875 0.2747604166666667 0.302804626953125 0.11327115104166667 0.28989955859375 0.15362286979166667 0.662744595703125 0.31440464583333333
0 0.29035368359375 0.1588827265625 0.274261359375 0.2039868828125 0.64816845703125 0.37010447135416663 0.663198740234375 0.31966442708333337 0.29035368359375 0.1588827265625
0 0.6293396640625 0.43677703906250004 0.642778255859375 0.3840856796875 0.27046672265625 0.21096434114583332 0.25714044921875 0.26070865625 0.6293396640625 0.43677703906250004
0 0.246021763671875 0.29359018229166667 0.242224365234375 0.3144246614583333 0.60960315625 0.4952309479166667 0.625014283203125 0.4422370442708334 0.2580896640625 0.2666905520833333 0.250576978515625 0.2769030520833333 0.246021763671875 0.29359018229166667
0 0.610273359375 0.5585487161458333 0.625380796875 0.5066673203125 0.23691407421875 0.3131075 0.224495767578125 0.36126084114583334 0.610273359375 0.5585487161458333
0 0.223779146484375 0.3646863333333333 0.2110245546875 0.41141027083333337 0.59508928515625 0.6141725833333334 0.608754927734375 0.5641111901041667 0.223779146484375 0.3646863333333333
0 0.2044995234375 0.4145430807291666 0.191364671875 0.4661218671875 0.602376201171875 0.6901368697916667 0.61685848828125 0.6348158151041666 0.2044995234375 0.4145430807291666
0 0.5844412265625 0.7501083541666667 0.599928970703125 0.6933720520833333 0.190226541015625 0.46682934375 0.179822041015625 0.5222529348958334 0.5844412265625 0.7501083541666667
0 0.17451167578125 0.5209358203125 0.16524806640625 0.5617949140624999 0.533524095703125 0.7786604166666667 0.547195291015625 0.7307733359375 0.17451167578125 0.5209358203125
0 0.52130577734375 0.8290761953125 0.534060369140625 0.7823522578125001 0.163806265625 0.5636148229166666 0.15118693359375 0.6069711041666667 0.52130577734375 0.8290761953125
0 0.15196268359375 0.6070014583333333 0.141560943359375 0.6485680234375 0.550119720703125 0.9035322473958334 0.561789654296875 0.8616599192708333 0.15196268359375 0.6070014583333333
0 0.5368343671875 0.9487388046874999 0.54981605078125 0.9046446822916666 0.13845027734375 0.649578046875 0.1288086640625 0.6889494973958333 0.5368343671875 0.9487388046874999
0 0.13108255859375 0.6938769817708333 0.120303263671875 0.7264413541666667 0.518126208984375 0.98734903125 0.530158900390625 0.9454992447916667 0.13108255859375 0.6938769817708333
0 0.513651154296875 1 0.516342783203125 0.9891884192708332 0.120530328125 0.72907115625 0.11093776171875 0.7620301015625 0.46419634375 1 0.513651154296875 1