0 0.421576416015625 0 0.418003080078125 0.006194143229166667 0.416520654296875 0.016362700520833332 0.416566701171875 0.027681190104166666 0.415523201171875 0.03871727083333334 0.417278826171875 0.042187348958333336 0.735982681640625 0.09765133593749999 0.741186529296875 0.06583419010416666 0.74345623828125 0.061899812500000005 0.744391982421875 0.053981638020833334 0.639342232421875 0.0267555 0.44498990625 0 0.421576416015625 0
0 0.690250080078125 0.124149171875 0.692127439453125 0.0998530390625 0.41489108984375 0.09734741666666667 0.413529921875 0.11056249218750001 0.413999560546875 0.11897566927083332 0.690250080078125 0.124149171875
0 0.684376546875 0.15164308854166667 0.687453029296875 0.12803854166666667 0.4119569453125 0.12523020572916668 0.410035630859375 0.13453124739583333 0.41073237890625 0.14526461458333334 0.684376546875 0.15164308854166667
0 0.405521216796875 0.1452642734375 0.4024367578125 0.18969103125 0.694867546875 0.20819492447916665 0.700453638671875 0.16078405208333332 0.405521216796875 0.1452642734375
0 0.394174283203125 0.19207221614583334 0.3910897890625 0.23649896354166666 0.684714626953125 0.2644793020833333 0.689783333984375 0.21592248437499997 0.394174283203125 0.19207221614583334
0 0.387170330078125 0.23623688541666665 0.382996283203125 0.2803812473958333 0.674265462890625 0.3148293151041667 0.679858990234375 0.26460665625 0.387170330078125 0.23623688541666665
0 0.376474091796875 0.2824597265625 0.37338960546875 0.3268864270833333 0.66549725 0.36644401822916667 0.670388927734375 0.31793117187500003 0.376474091796875 0.2824597265625
0 0.367126857421875 0.36596685156250003 0.6270986796875 0.4054552708333334 0.64807451953125 0.40918342968750004 0.651884458984375 0.37117552864583336 0.369273734375 0.33184988541666666 0.36674777734375 0.3530544921875 0.367126857421875 0.36596685156250003
0 0.364857171875 0.3699012109375 0.36127233203125 0.39836909895833333 0.640553703125 0.44371171875 0.64345791796875 0.4134639661458333 0.364857171875 0.3699012109375
0 0.360515783203125 0.39968055468749997 0.356825052734375 0.42887479166666664 0.63506322265625 0.47710814583333333 0.63793640234375 0.4474601067708333 0.360515783203125 0.39968055468749997
0 0.3529055859375 0.42861276302083334 0.348943322265625 0.47130443229166663 0.6489583984375 0.5347388645833333 0.6546186796875 0.48797964583333336 0.3529055859375 0.42861276302083334
0 0.346552333984375 0.4721922838541666 0.3404108515625 0.5143192057291667 0.638762474609375 0.5969205078125001 0.646017431640625 0.5512440937499999 0.346552333984375 0.4721922838541666
0 0.3401990703125 0.5157719010416667 0.3356459140625 0.5470038463541667 0.592412021484375 0.6278724765625 0.597356751953125 0.5950068203125 0.3401990703125 0.5157719010416667
0 0.335312904296875 0.5454100546875 0.329776044921875 0.5756333072916667 0.58625516015625 0.6662266041666667 0.591051044921875 0.6339952005208334 0.335312904296875 0.5454100546875
0 0.332621259765625 0.57938578125 0.32415025 0.6374918749999999 0.58775779296875 0.7412391979166667 0.59900818359375 0.677509171875 0.332621259765625 0.57938578125
0 0.321229859375 0.6420113776041666 0.31265296484375 0.7008437708333334 0.576064087890625 0.8098165859374999 0.58589726171875 0.7503822708333333 0.58636590234375 0.7469085937500001 0.57186820703125 0.7416435885416667 0.321229859375 0.6420113776041666
0 0.31192709375 0.7097008463541666 0.310067203125 0.7340931979166667 0.556362544921875 0.8363687239583334 0.560176103515625 0.8373570989583333 0.559615947265625 0.8334431119791667 0.56386681640625 0.8081628567708333 0.315392296875 0.7053225442708334 0.31192709375 0.7097008463541666
0 0.554182166015625 0.8698337526041667 0.5595407734375 0.8417150885416667 0.308977615234375 0.7338108046874999 0.3071468125 0.7386127031249999 0.304303181640625 0.7619963489583333 0.554182166015625 0.8698337526041667
0 0.309751158203125 0.7634083229166667 0.30124944140625 0.8139687369791666 0.52888785546875 0.9196524270833333 0.53818946875 0.8640708411458333 0.309751158203125 0.7634083229166667
0 0.301355326171875 0.8132424375 0.290477990234375 0.8684635494791667 0.516924703125 0.9803874921875 0.52753928515625 0.9216121510416667 0.301355326171875 0.8132424375
0 0.524674302734375 1 0.28377474609375 0.8795402552083332 0.278540193359375 0.9038118255208333 0.46867434765625 1 0.524674302734375 1
0 0.453954345703125 0.9974245234375 0.2802958203125 0.9072819036458334 0.275182509765625 0.9345998619791667 0.337926787109375 0.9673532265625 0.453954345703125 0.9974245234375