0 0.172381572265625 0.24348020052083333 0.18483640234375 0.2917327890625 0.53647355859375 0.12933591145833334 0.524800505859375 0.07778896614583333 0.172381572265625 0.24348020052083333
0 0.18569416015625 0.2914263411458333 0.194595087890625 0.33114356770833336 0.5475978515625 0.17613751302083333 0.536703357421875 0.13047940104166666 0.18569416015625 0.2914263411458333
0 0.183276322265625 0.33886430729166667 0.19533306640625 0.3897103802083333 0.617595390625 0.20820975781249998 0.606564677734375 0.15332018229166666 0.183276322265625 0.33886430729166667
0 0.197692607421875 0.40602631770833336 0.212322578125 0.45595314843749996 0.633558884765625 0.2784959401041667 0.6214406015625 0.22276924479166668 0.197692607421875 0.40602631770833336
0 0.22204887890625 0.45860639322916663 0.22911143359375 0.4891754375 0.5837975234375 0.34652497135416666 0.57713312890625 0.31336249739583333 0.22204887890625 0.45860639322916663
0 0.229341232421875 0.49031892968749996 0.23445844140625 0.5203572213541666 0.59187919921875 0.38139191145833334 0.585344677734375 0.3496491614583333 0.229341232421875 0.49031892968749996
0 0.232331943359375 0.5738192994791667 0.6694216640625 0.40663137499999996 0.658852572265625 0.3574646302083333 0.22268005078125 0.5257908255208333 0.232331943359375 0.5738192994791667
0 0.234966623046875 0.5777805442708334 0.246104142578125 0.6240525 0.681970396484375 0.46243876041666665 0.671198615234375 0.4108990598958333 0.234966623046875 0.5777805442708334
0 0.24834071875 0.63060715625 0.260963896484375 0.6751227473958333 0.68812233984375 0.5182055651041667 0.678231984375 0.47334502604166667 0.24834071875 0.63060715625
0 0.6592744765625 0.5757173854166667 0.650833130859375 0.5382872265624999 0.258682037109375 0.6820662552083333 0.268463669921875 0.7139677057291666 0.6592744765625 0.5757173854166667
0 0.6694927734375 0.6174152213541667 0.6612812265625 0.5811285572916667 0.270324435546875 0.71712703125 0.280021669921875 0.7516573203125 0.6694927734375 0.6174152213541667
0 0.66209688671875 0.6629548203125 0.654804564453125 0.6312422734375 0.281630318359375 0.7596620651041667 0.289794076171875 0.7899240677083333 0.66209688671875 0.6629548203125
0 0.29023996484375 0.79335515625 0.298390015625 0.824761265625 0.669789978515625 0.6986491328125001 0.66278628125 0.6663852916666667 0.29023996484375 0.79335515625
0 0.295939794921875 0.8354416979166667 0.302374359375 0.8674605260416667 0.679579619140625 0.7423321848958334 0.670829525390625 0.7064090208333332 0.295939794921875 0.8354416979166667
0 0.306326423828125 0.8734024583333334 0.313220615234375 0.9077084244791668 0.689807041015625 0.7831628020833333 0.68167575 0.7466569296875 0.306326423828125 0.8734024583333334
0 0.32253855859375 1 0.803479880859375 0.8404115442708333 0.7999712890625 0.8183780078125 0.79681548828125 0.8072490703124999 0.791989572265625 0.7832349895833333 0.29850325 0.9534123880208334 0.30395709765625 0.9759767083333334 0.312718890625 0.9875539999999999 0.31501696484375 0.9989893723958333 0.320279634765625 1 0.32253855859375 1
0 0.5265327265625 1 0.731473916015625 0.9349404244791667 0.81896607421875 0.9036824869791666 0.80888737890625 0.8525048125 0.3501210859375 1 0.5265327265625 1