0 0.566122615234375 1 0.56751730859375 0.9993231640625 0.801202427734375 0.8439159895833334 0.7880675 0.7923371510416667 0.473836591796875 1 0.566122615234375 1
0 0.45420770703125 1 0.78571468359375 0.7871796796875 0.772049041015625 0.7371182864583333 0.373167181640625 0.9850556041666666 0.37820329296875 1 0.45420770703125 1
0 0.770607197265625 0.7352982265625 0.758914091796875 0.6855393776041666 0.356497296875 0.9249245468749999 0.37145427734375 0.9831782369791666 0.770607197265625 0.7352982265625
0 0.340478787109375 0.8697056223958333 0.355662861328125 0.9253294947916667 0.75914119140625 0.6829094739583333 0.74503554296875 0.6341555286458334 0.340478787109375 0.8697056223958333
0 0.7440337265625 0.6310280911458334 0.73279752734375 0.5898664817708333 0.319399271484375 0.8185437369791666 0.333423021484375 0.8680903541666667 0.7440337265625 0.6310280911458334
0 0.30525728125 0.7683724375000001 0.318846328125 0.8146915026041667 0.733859033203125 0.5868316458333334 0.7224885859375 0.5439451119791666 0.30525728125 0.7683724375000001
0 0.721938880859375 0.5397026744791666 0.71252476171875 0.5052159010416667 0.30811399609375 0.7200967994791667 0.319669759765625 0.7588584583333334 0.721938880859375 0.5397026744791666
0 0.297273955078125 0.6802775651041667 0.307902794921875 0.7192142317708333 0.71252476171875 0.5052159010416667 0.701780333984375 0.4680845078125 0.297273955078125 0.6802775651041667
0 0.6920031328125 0.3980043229166667 0.296269798828125 0.5900556354166667 0.304469177734375 0.6200924427083333 0.310690533203125 0.6221127291666667 0.3128163046875 0.629900078125 0.3160801796875 0.6383949140624999 0.317751806640625 0.6514420442708333 0.320257865234375 0.6640842317708333 0.7116054296875 0.46030738541666666 0.6920031328125 0.3980043229166667
0 0.691412015625 0.3932562395833333 0.6721296328125 0.3295424791666667 0.276226841796875 0.5166321979166667 0.296269798828125 0.5900556354166667 0.691412015625 0.3932562395833333
0 0.2544383984375 0.44027625 0.275846552734375 0.5117773619791667 0.67205304296875 0.3258000625 0.652759341796875 0.2618564921875 0.2544383984375 0.44027625
0 0.6532248046875 0.256826515625 0.635611328125 0.19230301041666667 0.231738943359375 0.3605829947916666 0.2523892421875 0.4362313020833333 0.6532248046875 0.256826515625
0 0.208735779296875 0.27977715364583333 0.229916841796875 0.35390808072916663 0.63470027734375 0.1889655546875 0.6166025625 0.12559620572916666 0.208735779296875 0.27977715364583333
0 0.61549172265625 0.1151371875 0.5984855859375 0.05283855208333333 0.181512982421875 0.19540630208333332 0.198643173828125 0.2670370885416667 0.61549172265625 0.1151371875
0 0.5237728203125 0 0.277617310546875 0.07583202083333333 0.164091265625 0.13092548958333333 0.179054375 0.18835386197916668 0.596056103515625 0.04393862239583333 0.5843019375 0 0.5237728203125 0