0 0.339506119140625 0.03625185416666667 0.248784111328125 0.11440483333333333 0.2577712890625 0.15051883072916666 0.4366328046875 0.00635390625 0.339506119140625 0.03625185416666667
0 0.457274146484375 0 0.435484876953125 0.006707265625 0.252779658203125 0.15327034375 0.25231388671875 0.1558438203125 0.251249794921875 0.17075148958333333 0.254777861328125 0.18060059375 0.261900318359375 0.19541834375 0.519443025390625 0 0.457274146484375 0
0 0.550235390625 0 0.27081947265625 0.20482290625 0.27654462890625 0.22736083854166667 0.580699638671875 0.0207382890625 0.574999884765625 0 0.550235390625 0
0 0.582898474609375 0.06501691145833334 0.574177296875 0.025176046875 0.262434962890625 0.23534920572916665 0.272855458984375 0.2737405234375 0.582898474609375 0.06501691145833334
0 0.28746294921875 0.27989051822916666 0.295717494140625 0.3065098802083333 0.587361544921875 0.13289890364583332 0.577999021484375 0.09695725781249999 0.28746294921875 0.27989051822916666
0 0.593153849609375 0.16635120833333333 0.58496559375 0.13485140364583334 0.292456330078125 0.308728796875 0.29979578515625 0.3309279765625 0.593153849609375 0.16635120833333333
0 0.29252433984375 0.33543815364583335 0.302376759765625 0.37128572656250003 0.607665625 0.20805466145833332 0.59748001171875 0.16501951302083334 0.29252433984375 0.33543815364583335
0 0.61865017578125 0.2557039140625 0.607799078125 0.21408866666666668 0.302310443359375 0.3761661796875 0.311073443359375 0.4076364479166667 0.61865017578125 0.2557039140625
0 0.30697151953125 0.41361185677083334 0.315626435546875 0.45833315885416664 0.619077724609375 0.3168342604166667 0.60760193359375 0.26031979947916667 0.30697151953125 0.41361185677083334
0 0.316891103515625 0.46037388281249997 0.323881828125 0.5007474270833333 0.629305896484375 0.3751401588541667 0.61911940625 0.3163101145833333 0.316891103515625 0.46037388281249997
0 0.660323287109375 0.4069026614583333 0.6524673359375 0.36679545572916666 0.31256759765625 0.5090902604166666 0.3181601875 0.5413891562500001 0.660323287109375 0.4069026614583333
0 0.317228673828125 0.5465359348958333 0.321956009765625 0.5791011796875 0.668421611328125 0.45131436458333335 0.660057271484375 0.4106296197916666 0.317228673828125 0.5465359348958333
0 0.67650182421875 0.5003385755208333 0.66911162890625 0.45765798177083333 0.32235546484375 0.5814081536458333 0.329013037109375 0.6145941927083333 0.67650182421875 0.5003385755208333
0 0.685359080078125 0.5935982213541667 0.665853048828125 0.5072615963541667 0.325885298828125 0.622847125 0.341323640625 0.6923180677083334 0.685359080078125 0.5935982213541667
0 0.32955029296875 0.7019098281249999 0.345528240234375 0.7783972734375001 0.702270263671875 0.6965286875 0.684361275390625 0.6036254479166666 0.32955029296875 0.7019098281249999
0 0.343065943359375 0.7852302369791667 0.348925439453125 0.8295971510416668 0.714720126953125 0.7631671171875 0.704667076171875 0.7103710052083333 0.343065943359375 0.7852302369791667
0 0.34912516796875 0.8307506380208333 0.354784908203125 0.8739639088541667 0.722843859375 0.8311372369791666 0.71132634375 0.7751468515625 0.34912516796875 0.8307506380208333
0 0.353920544921875 0.8900250625 0.364239611328125 0.9390942213541668 0.771368158203125 0.906111234375 0.7583344765625 0.8432457161458333 0.353920544921875 0.8900250625
0 0.394767685546875 1 0.567234416015625 0.9924556692708334 0.776275755859375 0.9281076744791666 0.773631533203125 0.9139196197916667 0.360046947265625 0.9464599947916666 0.371506154296875 1 0.394767685546875 1