0 0.10490498046875 0.2203405833333333 0.07171060546875 0.21915929166666667 0.073315630859375 0.22413362239583334 0.095805296875 0.6408340989583333 0.126306306640625 0.6405336380208334 0.10490498046875 0.2203405833333333
0 0.127483158203125 0.6387283802083333 0.157263025390625 0.6367995703125 0.14001168359375 0.2230017708333333 0.108701044921875 0.21998665364583334 0.127483158203125 0.6387283802083333
0 0.162912837890625 0.6354250677083334 0.190838919921875 0.6345168906249999 0.1785649921875 0.25501348177083333 0.149051537109375 0.25390323177083335 0.162912837890625 0.6354250677083334
0 0.191971525390625 0.6318679687500001 0.217366880859375 0.6311957421875 0.205108439453125 0.2561353671875 0.180551515625 0.256523796875 0.191971525390625 0.6318679687500001
0 0.216999705078125 0.636316625 0.24235085546875 0.6348007265625 0.232824337890625 0.22282598177083335 0.204699775390625 0.22167723697916666 0.216999705078125 0.636316625
0 0.243660443359375 0.635526421875 0.27095383203125 0.634677234375 0.26001217578125 0.22304645833333334 0.23341278515625 0.22192335156249998 0.243660443359375 0.635526421875
0 0.27385173828125 0.6293204505208333 0.30046823046875 0.6276865807291666 0.293609671875 0.25446041927083335 0.2665861328125 0.2550651015625 0.27385173828125 0.6293204505208333
0 0.3029989140625 0.6274506302083334 0.3290269609375 0.6267194166666666 0.3241106796875 0.25415992708333335 0.297996494140625 0.2540011927083333 0.3029989140625 0.6274506302083334
0 0.34714002734375 0.6326605468750001 0.357130021484375 0.629185796875 0.357022900390625 0.23922259114583333 0.327110294921875 0.23862042447916665 0.330469283203125 0.6299760026041666 0.336928765625 0.6319170703125 0.34714002734375 0.6326605468750001
0 0.361647228515625 0.6304602213541667 0.39025024609375 0.6303366666666667 0.39373121875 0.23948131510416668 0.362761201171875 0.23953534114583333 0.361647228515625 0.6304602213541667
0 0.416067267578125 0.63118259375 0.443231828125 0.6293917057291667 0.42980928515625 0.25677750260416665 0.401666212890625 0.25639220052083334 0.416067267578125 0.63118259375
0 0.444222857421875 0.6270738958333334 0.468104609375 0.6263308515625 0.457833189453125 0.228943578125 0.434400208984375 0.22723496354166664 0.444222857421875 0.6270738958333334
0 0.4930935 0.6254845859375 0.48515260546875 0.23010540625 0.463796021484375 0.22775738020833333 0.47031895703125 0.6261243958333333 0.4930935 0.6254845859375
0 0.494870423828125 0.6275443203125001 0.52772570703125 0.6281900312500001 0.545401806640625 0.6258001666666667 0.546484763671875 0.22216167447916668 0.5357730234375 0.21945140364583335 0.521341017578125 0.2200551875 0.49572109375 0.219476703125 0.49045834375 0.2228241328125 0.494870423828125 0.6275443203125001
0 0.56718535546875 0.6274781614583333 0.595716912109375 0.6263015885416666 0.603659224609375 0.21979817187499998 0.550778533203125 0.218015921875 0.545994126953125 0.6264867630208334 0.55393794921875 0.6294550625 0.56718535546875 0.6274781614583333
0 0.596913044921875 0.6172885052083333 0.614666609375 0.6163750078125 0.619566857421875 0.30467636718749996 0.60139090234375 0.30383270833333337 0.596913044921875 0.6172885052083333
0 0.615297607421875 0.6177997890625 0.63811094140625 0.6178981822916666 0.6456164609375 0.30490186979166667 0.61999657421875 0.3043233802083333 0.615297607421875 0.6177997890625
0 0.667876951171875 0.6232826901041667 0.679985296875 0.26015683854166666 0.655472548828125 0.259475125 0.6447768828125 0.6220413046875001 0.667876951171875 0.6232826901041667
0 0.66938287109375 0.6201750572916667 0.692396064453125 0.6200488619791666 0.7056826875 0.26221171614583333 0.704498048828125 0.26083857552083334 0.681568650390625 0.2585256223958333 0.66938287109375 0.6201750572916667
0 0.7271831875 0.23338448697916667 0.70915508984375 0.23295787239583332 0.69330333984375 0.6201702213541667 0.70445250390625 0.6206143125 0.712833751953125 0.62131646875 0.7271831875 0.23338448697916667
0 0.72971528515625 0.23252451822916667 0.714455818359375 0.6204234661458333 0.72394427734375 0.621022390625 0.73392659765625 0.6186241015625 0.7503141953125 0.23282936979166668 0.74473965234375 0.23260732291666666 0.72971528515625 0.23252451822916667
0 0.73549215234375 0.6184621276041666 0.7522546484375 0.6198664401041667 0.770544486328125 0.2668679713541667 0.754863044921875 0.26652790885416666 0.73549215234375 0.6184621276041666
0 0.752293361328125 0.6206046015625 0.7690559375 0.6220089583333334 0.789065884765625 0.2700358489583333 0.774509599609375 0.269888734375 0.752293361328125 0.6206046015625
0 0.810821783203125 0.2197699296875 0.793660576171875 0.22136996614583335 0.7688236484375 0.6175797994791666 0.7779520390625 0.6219212942708333 0.801357576171875 0.6227062395833333 0.81124474609375 0.6203008125 0.844085224609375 0.2224850364583333 0.8325666171875 0.2207097109375 0.810821783203125 0.2197699296875
0 0.860439640625 0.22181994791666668 0.843831923828125 0.22336838020833336 0.813857880859375 0.6170899973958334 0.8296680234375 0.6215502838541667 0.83686470703125 0.6208792942708333 0.85347234765625 0.6193308697916667 0.891874708984375 0.223739875 0.869928025390625 0.22241888020833334 0.860439640625 0.22181994791666668