0 0.744053109375 1 0.745916396484375 0.977463921875 0.2166813671875 0.8725203619791667 0.214198283203125 0.8982196718750001 0.70985108203125 1 0.744053109375 1
0 0.74249698046875 0.97477159375 0.74297374609375 0.94870725 0.222982837890625 0.8456973645833333 0.221947482421875 0.8692730598958334 0.74249698046875 0.97477159375
0 0.228730212890625 0.8248084973958334 0.226091453125 0.8411771093749999 0.744869267578125 0.9465103776041667 0.746501025390625 0.9245290208333333 0.228730212890625 0.8248084973958334
0 0.748065462890625 0.9195128619791667 0.7484803515625 0.8946294661458333 0.227383580078125 0.7991182057291667 0.226382431640625 0.8186557604166667 0.748065462890625 0.9195128619791667
0 0.74866616015625 0.8910865520833333 0.753206240234375 0.8214908203125 0.259177228515625 0.7342088411458333 0.250528736328125 0.7995453020833333 0.74866616015625 0.8910865520833333
0 0.754339841796875 0.8168493932291666 0.75900385546875 0.7448916953125 0.2628425703125 0.666589171875 0.25715019140625 0.7242097916666667 0.754339841796875 0.8168493932291666
0 0.75811800390625 0.7448091015624999 0.76554465625 0.6541207447916667 0.266173265625 0.5821453645833333 0.2614425546875 0.659338 0.75811800390625 0.7448091015624999
0 0.275924189453125 0.4850471927083333 0.268107224609375 0.566205078125 0.7666781953125 0.6494793906249999 0.7735047734375 0.5589626015625 0.275924189453125 0.4850471927083333
0 0.7734048046875 0.5551655260416667 0.778106224609375 0.516440671875 0.26587316796875 0.43853846614583336 0.262308421875 0.47309691406250004 0.7734048046875 0.5551655260416667
0 0.777468119140625 0.5116341380208334 0.781345630859375 0.4716455859375 0.2702057890625 0.39325822135416666 0.26637175 0.42956553124999997 0.777468119140625 0.5116341380208334
0 0.307478421875 0.35863207031250005 0.3039106015625 0.392715578125 0.777802341796875 0.47131522395833336 0.78129111328125 0.42916227864583334 0.307478421875 0.35863207031250005
0 0.3093984765625 0.3220213359375 0.306840345703125 0.3538255390625 0.780917919921875 0.42888235416666665 0.783023787109375 0.38872862239583333 0.3093984765625 0.3220213359375
0 0.270328650390625 0.235305203125 0.267188560546875 0.3121521015625 0.781871509765625 0.3767536692708333 0.78823951171875 0.29667330208333337 0.270328650390625 0.235305203125
0 0.78804069140625 0.29306854947916666 0.797115109375 0.20490742447916666 0.27501480859375 0.15223295833333333 0.2705763984375 0.23058126041666668 0.78804069140625 0.29306854947916666
0 0.27916113671875 0.10083768229166667 0.2776933515625 0.1457977890625 0.79546728515625 0.2023801875 0.799064162109375 0.14627205208333333 0.27916113671875 0.10083768229166667
0 0.8003358359375 0.14349603645833334 0.80477077734375 0.09287866145833333 0.2791497421875 0.054723765625000004 0.2773894765625 0.1006725 0.8003358359375 0.14349603645833334