0 0.46967725 1 0.775797017578125 0.9348722838541667 0.763878244140625 0.8483214427083333 0.3986228125 0.9194505208333333 0.4039081875 1 0.46967725 1
0 0.78664590625 0.8421003463541666 0.777226150390625 0.7528812057291666 0.394698818359375 0.81889465625 0.402161234375 0.9190377604166667 0.78664590625 0.8421003463541666
0 0.36057672265625 0.7064123984375 0.364500708984375 0.8069681875 0.769915078125 0.7359853802083333 0.761724833984375 0.6524875026041667 0.36057672265625 0.7064123984375
0 0.75933653125 0.6432588932291666 0.754494607421875 0.5558825260416667 0.35278448046875 0.5938139765625 0.358608708984375 0.6900044166666667 0.75933653125 0.6432588932291666
0 0.37838241015625 0.5023082057291667 0.381875443359375 0.5827115755208333 0.75587688671875 0.5497792864583334 0.7551786171875 0.4815212239583333 0.37838241015625 0.5023082057291667
0 0.74973001171875 0.4696855703125 0.74848116796875 0.423483796875 0.37120902734375 0.4413531614583333 0.373108134765625 0.4898511145833333 0.74973001171875 0.4696855703125
0 0.36726016796875 0.3871430572916667 0.369548384765625 0.43560029166666664 0.745672603515625 0.4214345572916667 0.745195697265625 0.3742000078125 0.36726016796875 0.3871430572916667
0 0.746038205078125 0.3726677526041667 0.7456739453125 0.3263629479166667 0.363427138671875 0.3376963645833333 0.364606349609375 0.38745263020833337 0.746038205078125 0.3726677526041667
0 0.362031279296875 0.29386975781249997 0.364585015625 0.33278888802083334 0.7447119765625 0.32528665364583337 0.745755767578125 0.2930971380208333 0.362031279296875 0.29386975781249997
0 0.74592882421875 0.289492890625 0.746570638671875 0.2585197734375 0.360983556640625 0.25563681510416664 0.361876501953125 0.29151095052083337 0.74592882421875 0.289492890625
0 0.34921720703125 0.18009032031250002 0.353130521484375 0.2533141536458333 0.74683612890625 0.24898167708333332 0.74435823828125 0.18216030989583332 0.34921720703125 0.18009032031250002
0 0.73261704296875 0.18171342708333335 0.7323302265625 0.13658794270833333 0.347778248046875 0.12908564322916666 0.350024419921875 0.17880764583333333 0.73261704296875 0.18171342708333335
0 0.723097169921875 0.13172291666666666 0.72516532421875 0.10890219270833333 0.350877029296875 0.09670891666666666 0.351119861328125 0.127579 0.723097169921875 0.13172291666666666
0 0.725740357421875 0.10408154947916666 0.723728322265625 0.07341800520833333 0.3482166015625 0.0610675390625 0.34895305078125 0.09455665104166666 0.725740357421875 0.10408154947916666
0 0.384412865234375 0.0115735 0.33812806640625 0.016972692708333334 0.339012890625 0.051745593750000006 0.727764455078125 0.06700526822916666 0.72552026171875 0.03280359375 0.384412865234375 0.0115735
0 0.48362714453125 0 0.395788998046875 0.010246455729166668 0.72255687109375 0.02839571354166667 0.72202770703125 0 0.48362714453125 0