0 0.301918119140625 0.026995963541666668 0.299911599609375 0.09920151302083334 0.703581298828125 0.12497028385416666 0.708616904296875 0.045926671875 0.301918119140625 0.026995963541666668
0 0.2997257890625 0.10274442968750001 0.296195376953125 0.17006077864583333 0.69733179296875 0.199083625 0.703643234375 0.12378933593750001 0.2997257890625 0.10274442968750001
0 0.673569677734375 0.27289106510416666 0.6801291796875 0.19873657552083335 0.29607150390625 0.17242274739583333 0.29348859765625 0.24627309114583332 0.673569677734375 0.27289106510416666
0 0.291283671875 0.2467425 0.290163005859375 0.31903056510416666 0.6686312265625 0.3543445182291667 0.67604133203125 0.27668183333333335 0.291283671875 0.2467425
0 0.69629848828125 0.3996204244791666 0.6982804765625 0.36182874479166666 0.2881435546875 0.3235893203125 0.288604328125 0.3580703098958333 0.69629848828125 0.3996204244791666
0 0.6934306796875 0.43732943750000003 0.69535073046875 0.40071878125 0.285275775390625 0.3612984140625 0.285189306640625 0.39689322656250003 0.6934306796875 0.43732943750000003
0 0.282345998046875 0.40018845052083335 0.2813304765625 0.453498078125 0.68757705859375 0.4970793385416667 0.69046351171875 0.44298663020833334 0.282345998046875 0.40018845052083335
0 0.68274591015625 0.5561963385416667 0.684523384765625 0.5053311901041667 0.2809588515625 0.4605840703125 0.2777115546875 0.5097704739583333 0.68274591015625 0.5561963385416667
0 0.27388515234375 0.5275699765625 0.272212845703125 0.5594567734375 0.67766514453125 0.5927446458333333 0.67901679296875 0.5594089713541667 0.27388515234375 0.5275699765625
0 0.677896119140625 0.6316969557291666 0.67855871484375 0.6020897760416667 0.270521876953125 0.5747269557291667 0.272454802734375 0.6057630078125 0.677896119140625 0.6316969557291666
0 0.26582045703125 0.6134518072916667 0.26670044921875 0.6645647265625 0.64103276171875 0.706586359375 0.6440057421875 0.6498989192708333 0.26582045703125 0.6134518072916667
0 0.26033258984375 0.6841458932291666 0.262160369140625 0.7341604609375 0.63634115625 0.7833759427083334 0.6409275859375 0.7255648697916667 0.26033258984375 0.6841458932291666
0 0.267413365234375 0.7358369479166668 0.267903060546875 0.7774193984375 0.58796590625 0.8284656302083334 0.589934248046875 0.7813354192708334 0.267413365234375 0.7358369479166668
0 0.5838457109375 0.8804558984374999 0.5863231953125 0.8332163333333332 0.268417236328125 0.7845878177083333 0.269087728515625 0.8235347812499999 0.5838457109375 0.8804558984374999
0 0.2652397734375 0.8282017968750001 0.262186119140625 0.8694538828125 0.580635935546875 0.930897984375 0.582712140625 0.8850972473958333 0.2652397734375 0.8282017968750001
0 0.253656259765625 0.8793393932291668 0.25192201953125 0.9124071328125 0.627177556640625 0.98774428125 0.62998342578125 0.9512162942708334 0.253656259765625 0.8793393932291668
0 0.626350203125 1 0.6268678671875 0.9936493255208334 0.2516123359375 0.9183120182291667 0.24981555078125 0.9483484244791667 0.5046284375 1 0.626350203125 1