0 0.440605833984375 0 0.180610392578125 0.11263685416666668 0.194637939453125 0.1679759453125 0.63026394140625 0.005392026041666667 0.62922965625 0 0.440605833984375 0
0 0.65324747265625 0.11120112760416667 0.63471816015625 0.012175940104166666 0.19706455078125 0.1855966171875 0.221779884765625 0.283186609375 0.65324747265625 0.11120112760416667
0 0.224840826171875 0.2880845416666667 0.246791037109375 0.37815894791666665 0.671436806640625 0.20717230989583335 0.6545979609375 0.12057440885416666 0.224840826171875 0.2880845416666667
0 0.694318533203125 0.29506519531250003 0.675725033203125 0.20727099739583332 0.24311719921875 0.3822401354166667 0.265677255859375 0.4719489479166667 0.694318533203125 0.29506519531250003
0 0.2633569296875 0.47678990625 0.288050908203125 0.5781235755208333 0.714496775390625 0.4007267734375 0.690623251953125 0.30289009895833335 0.2633569296875 0.47678990625
0 0.73804779296875 0.5051632864583333 0.716414755859375 0.408727546875 0.287185 0.5822331302083333 0.312033298828125 0.6832427447916666 0.73804779296875 0.5051632864583333
0 0.31633320703125 0.6903506223958332 0.325134654296875 0.7226367421875 0.693498306640625 0.5631621041666667 0.6848426171875 0.5282131640625 0.31633320703125 0.6903506223958332
0 0.702128396484375 0.5991467109375 0.69250378125 0.5634827890624999 0.32399437890625 0.7256204114583333 0.333618986328125 0.7612841692708333 0.702128396484375 0.5991467109375
0 0.3341677578125 0.7635360963541666 0.351749298828125 0.8318520078125 0.7380151484375 0.65828740625 0.721003736328125 0.58847975 0.3341677578125 0.7635360963541666
0 0.350566216796875 0.8423228984375001 0.3673246171875 0.9072609921875 0.75615613671875 0.7317971614583333 0.738838287109375 0.6616652213541666 0.350566216796875 0.8423228984375001
0 0.77968148828125 0.7871225026041667 0.7723588984375 0.7417478541666668 0.3726447734375 0.9099353359375 0.3867235703125 0.9523830182291667 0.77968148828125 0.7871225026041667
0 0.3886870234375 0.9527773177083333 0.397741484375 0.9899330000000001 0.76885112109375 0.8344555833333334 0.76053178125 0.796663578125 0.3886870234375 0.9527773177083333
0 0.50594669140625 1 0.779146650390625 0.8807140963541666 0.76815016015625 0.8394205807291667 0.400253689453125 0.9925789010416667 0.4022063359375 1 0.50594669140625 1