0 0.6135057578125 0 0.260943533203125 0.044251203125 0.12156734765625 0.07368456250000001 0.128226001953125 0.12973933854166667 0.6693849765625 0.06100573958333333 0.666196423828125 0 0.6135057578125 0
0 0.67407178125 0.13073511979166666 0.669523880859375 0.062175072916666664 0.127765677734375 0.13343246614583334 0.13672801171875 0.20147542968749999 0.67407178125 0.13073511979166666
0 0.136238505859375 0.2047595703125 0.145552623046875 0.30587478385416667 0.679817537109375 0.23707398177083336 0.673428873046875 0.1404599765625 0.136238505859375 0.2047595703125
0 0.157744103515625 0.31768378645833334 0.16172848046875 0.3587944036458333 0.603837572265625 0.296623734375 0.600760154296875 0.25529234895833336 0.157744103515625 0.31768378645833334
0 0.595200109375 0.32958290104166665 0.60586367578125 0.32852964322916667 0.605351732421875 0.3166514140625 0.6035897109375 0.29424958333333334 0.15923624609375 0.36051929427083335 0.164723517578125 0.40385696614583333 0.58957265234375 0.3427576458333333 0.595200109375 0.32958290104166665
0 0.159851314453125 0.40354010416666664 0.166058076171875 0.46335949479166666 0.630262412109375 0.3976921927083333 0.627381267578125 0.34316359114583334 0.159851314453125 0.40354010416666664
0 0.165875548828125 0.4693912109375 0.170788587890625 0.525887890625 0.637048201171875 0.4596728385416667 0.633032462890625 0.3983057994791666 0.165875548828125 0.4693912109375
0 0.655927044921875 0.5229229557291667 0.650970353515625 0.47362733333333334 0.174021359375 0.5653643854166667 0.18019002734375 0.6126011510416667 0.655927044921875 0.5229229557291667
0 0.182559181640625 0.6552513723958333 0.189547814453125 0.7065152239583333 0.65988855078125 0.5853625130208333 0.653529990234375 0.533018171875 0.182559181640625 0.6552513723958333
0 0.708129556640625 0.6293646223958334 0.705022208984375 0.5880687161458333 0.183503685546875 0.7161820416666668 0.19021447265625 0.7651073958333333 0.708129556640625 0.6293646223958334
0 0.706676978515625 0.700390515625 0.701946501953125 0.63786203125 0.187583341796875 0.7656630364583333 0.198131697265625 0.8317572473958333 0.706676978515625 0.700390515625
0 0.71427274609375 0.7719027552083334 0.7076492734375 0.708575609375 0.1953179921875 0.8383446953125001 0.206187833984375 0.8995765078125001 0.71427274609375 0.7719027552083334
0 0.652200212890625 0.8245659635416667 0.648311056640625 0.7918257447916667 0.205727509765625 0.903269640625 0.20818398828125 0.93151790625 0.652200212890625 0.8245659635416667
0 0.205830609375 0.9344122239583333 0.20958087109375 0.9659831901041667 0.656281880859375 0.8629701015625 0.652339125 0.8257353776041666 0.205830609375 0.9344122239583333
0 0.2302626171875 1 0.658180787109375 0.897618046875 0.653414546875 0.8650630494791667 0.211473947265625 0.9667821588541666 0.21573194921875 1 0.2302626171875 1
0 0.391541490234375 1 0.65986142578125 0.9347214427083333 0.65933564453125 0.8997714973958333 0.238785138671875 1 0.391541490234375 1
0 0.52951314453125 1 0.663387984375 0.9717284114583333 0.659395099609375 0.9381149765625 0.40279194140625 1 0.52951314453125 1