0 0.2797748828125 0 0.27966229296875 0.0008268072916666667 0.802117763671875 0.15473815625 0.805939318359375 0.12933239583333334 0.3774484296875 0 0.2797748828125 0
0 0.2829325234375 0.003830614583333333 0.281093302734375 0.029787122395833334 0.794428333984375 0.18090972395833335 0.7966945859375 0.15748775520833333 0.2829325234375 0.003830614583333333
0 0.787602107421875 0.20121315104166668 0.7910908046875 0.18512984114583333 0.27908746484375 0.031802343749999996 0.276309673828125 0.05357838802083333 0.787602107421875 0.20121315104166668
0 0.274486615234375 0.0584368203125 0.272770904296875 0.08322101302083333 0.787601412109375 0.22696610937499997 0.789622275390625 0.207569265625 0.274486615234375 0.0584368203125
0 0.272400193359375 0.086738015625 0.264230107421875 0.15574195052083334 0.752489328125 0.28876027604166665 0.764534982421875 0.22438735416666666 0.272400193359375 0.086738015625
0 0.262856439453125 0.16026663541666666 0.254439150390625 0.23161525520833334 0.74529523046875 0.3558743177083334 0.753988302734375 0.29892350260416667 0.262856439453125 0.16026663541666666
0 0.2553185234375 0.2317800390625 0.24316538671875 0.32155673958333336 0.737554771484375 0.4398026432291667 0.746312474609375 0.3632380390625 0.2553185234375 0.2317800390625
0 0.722747681640625 0.5357573671875 0.7347915703125 0.4555242239583333 0.24179178515625 0.326081359375 0.23024623828125 0.41574272395833334 0.722747681640625 0.5357573671875
0 0.230147310546875 0.41953984895833335 0.223431361328125 0.45773309635416665 0.730341005859375 0.5830876328125 0.735705076171875 0.5489449192708333 0.230147310546875 0.41953984895833335
0 0.2238164453125 0.4625872734375 0.21785628515625 0.5021177734375 0.72364999609375 0.6278546067708334 0.729374197265625 0.5919923385416667 0.2238164453125 0.4625872734375
0 0.684656609375 0.6589297317708334 0.6899988984375 0.6252610885416666 0.221373658203125 0.5027768854166667 0.215688056640625 0.5445026640625 0.684656609375 0.6589297317708334
0 0.68082585546875 0.6952727057291667 0.685041666015625 0.6637839036458334 0.216045693359375 0.5448166145833333 0.211844220703125 0.5846766718749999 0.68082585546875 0.6952727057291667
0 0.71526375 0.7854114322916667 0.7224166171875 0.7090437838541667 0.212367193359375 0.5967296249999999 0.201825111328125 0.676022640625 0.71526375 0.7854114322916667
0 0.20183485546875 0.6796371041666666 0.188170185546875 0.7667394765625 0.70624288671875 0.8678454635416667 0.7147694609375 0.7901008229166666 0.20183485546875 0.6796371041666666
0 0.69941779296875 0.9187298984375 0.703234197265625 0.8740158307291667 0.18968177734375 0.7694138177083333 0.183158232421875 0.8250507369791666 0.69941779296875 0.9187298984375
0 0.181744421875 0.8277017109374999 0.1746721171875 0.8777832994791667 0.697016603515625 0.9647325442708333 0.70117649609375 0.9190594583333334 0.181744421875 0.8277017109374999