0 0.416686484375 0 0.605971568359375 0.040315463541666666 0.609504263671875 0.021484015625000002 0.54936968359375 0 0.416686484375 0
0 0.34506828125 0 0.339154509765625 0.0348363515625 0.59987847265625 0.09578943489583334 0.60782396484375 0.05904705989583334 0.60773994921875 0.0566701953125 0.350551087890625 0 0.34506828125 0
0 0.6069336328125 0.14173529427083334 0.61330495703125 0.10444129687499999 0.33649678125 0.03688168229166667 0.333679552734375 0.06208010416666667 0.33220074609375 0.07502859375 0.6069336328125 0.14173529427083334
0 0.599390408203125 0.17647596354166664 0.60663001171875 0.14324613020833335 0.32933722265625 0.07250813020833334 0.32534107421875 0.08680339583333334 0.323300732421875 0.10254611718750001 0.599390408203125 0.17647596354166664
0 0.6258823984375 0.21514040885416666 0.630018931640625 0.20014658333333335 0.63517924609375 0.185648203125 0.633247751953125 0.18407975520833333 0.308627380859375 0.09730383333333333 0.305754298828125 0.10601063802083333 0.303508162109375 0.11718756250000001 0.30154279296875 0.12696737239583333 0.300868802734375 0.13870596875 0.62460938671875 0.23265469010416664 0.624787255859375 0.2289746796875 0.6258823984375 0.21514040885416666
0 0.304136640625 0.15039423177083333 0.2972857734375 0.192869375 0.592128732421875 0.28248366666666663 0.60085003125 0.23629096093750002 0.304136640625 0.15039423177083333
0 0.576968064453125 0.3160003046875 0.579354583984375 0.30412482291666665 0.5828415625 0.28677338281250003 0.310312009765625 0.2035128984375 0.307195646484375 0.210635359375 0.30460333203125 0.21794504687500002 0.302497578125 0.2284234140625 0.300915875 0.23908900520833332 0.302656330078125 0.24719792968749998 0.57513351953125 0.3363088203125 0.57492772265625 0.33174302604166667 0.576968064453125 0.3160003046875
0 0.30104669921875 0.24961771354166665 0.297967822265625 0.25375871875 0.29481397265625 0.2638626380208333 0.292427453125 0.2757381197916667 0.2907428515625 0.2841208151041667 0.293110251953125 0.2946998619791667 0.56383742578125 0.38692909375 0.572834236328125 0.3393654348958333 0.30104669921875 0.24961771354166665
0 0.5674396015625 0.4249029140625 0.57358871484375 0.3943045182291667 0.2923054375 0.2959097526041667 0.290134271484375 0.3011237682291667 0.285501615234375 0.324176171875 0.5674396015625 0.4249029140625
0 0.285744896484375 0.32576051302083336 0.2799516875 0.3573828411458333 0.560841578125 0.45773513281249995 0.567129470703125 0.42644614322916663 0.285744896484375 0.32576051302083336
0 0.57101077734375 0.46303099479166665 0.278092162109375 0.35825120052083337 0.27515366796875 0.3616936510416667 0.27123248828125 0.3700260026041667 0.269126734375 0.3805043723958333 0.26365177734375 0.40774812499999996 0.261124875 0.4203221666666667 0.2626874609375 0.43211110677083336 0.554329525390625 0.5460380338541667 0.57101077734375 0.46303099479166665
0 0.539860462890625 0.6292167552083333 0.555414259765625 0.5518200052083333 0.554675703125 0.5499052734375 0.263800970703125 0.43774990625000004 0.260684607421875 0.4448723697916667 0.25668845703125 0.45916763541666666 0.25287017578125 0.46978288541666663 0.250829833984375 0.48552560677083334 0.2497346953125 0.4993598802083334 0.25000590234375 0.5091900286458334 0.539860462890625 0.6292167552083333
0 0.238334953125 0.5896248567708333 0.52304237109375 0.7212895 0.525606759765625 0.7057340052083334 0.528171146484375 0.6901785078125 0.53262593359375 0.6708061145833333 0.536378802734375 0.6549265078125001 0.540341830078125 0.6407960703125 0.2554521796875 0.5156280677083334 0.250698259765625 0.5169245052083333 0.24705784765625 0.5238597421875 0.243277052734375 0.5314935390625 0.24092801953125 0.5403875651041666 0.23569634375 0.5692156588541667 0.234676171875 0.5770870208333333 0.235508916015625 0.5841229375 0.238334953125 0.5896248567708333
0 0.23777341796875 0.5924190885416667 0.229809044921875 0.6292554270833334 0.50486823828125 0.7642115 0.51506919921875 0.7246305260416667 0.23777341796875 0.5924190885416667
0 0.22983697265625 0.6375012369791667 0.221386033203125 0.6711688958333334 0.49542505859375 0.8139963307291667 0.503910982421875 0.7745647161458334 0.22983697265625 0.6375012369791667
0 0.230257369140625 0.6773331666666667 0.221984302734375 0.7073208125 0.459237046875 0.8347596406250001 0.467122107421875 0.8011128958333332 0.230257369140625 0.6773331666666667
0 0.222714146484375 0.7120738333333333 0.214684359375 0.7436458203125 0.451618853515625 0.8754632161458332 0.4599231484375 0.839730328125 0.222714146484375 0.7120738333333333
0 0.21364476171875 0.7516138541666666 0.20698132421875 0.77918171875 0.45536991015625 0.9210809635416667 0.463118927734375 0.8909060963541666 0.21364476171875 0.7516138541666666
0 0.20425743359375 0.8178903020833334 0.199306525390625 0.84532128125 0.45393739453125 0.9617483385416666 0.46099338671875 0.9322271041666667 0.20425743359375 0.8178903020833334
0 0.19804307421875 0.8516083020833333 0.1920440703125 0.8786648307291666 0.44758265234375 0.9961648958333332 0.453205208984375 0.9653917447916666 0.19804307421875 0.8516083020833333
0 0.41896431640625 0.988686828125 0.419392662109375 0.9855142890624999 0.1960585859375 0.8838426406250001 0.19177324609375 0.9075192760416666 0.41896431640625 0.988686828125