0 0.201895298828125 1 0.087815390625 0.45359201041666664 0.04735409375 0.4656743333333333 0.15658408203125 1 0.201895298828125 1
0 0.245804736328125 1 0.249257501953125 0.998852171875 0.124100310546875 0.3784843385416667 0.079587923828125 0.3932819166666666 0.201991322265625 1 0.245804736328125 1
0 0.251992333984375 1 0.292153095703125 0.9876426067708333 0.170945556640625 0.36392808593750003 0.12697206640625 0.3775296588541666 0.250993734375 1 0.251992333984375 1
0 0.294484076171875 0.9919520104166667 0.340613193359375 0.9735663697916667 0.226409294921875 0.3916119609375 0.179182302734375 0.4038979375 0.294484076171875 0.9919520104166667
0 0.28023116015625 0.37335609114583335 0.230514205078125 0.38886700520833334 0.34240712109375 0.97500378125 0.388176361328125 0.9587714869791667 0.28023116015625 0.37335609114583335
0 0.391048166015625 0.9578167916666667 0.43448455078125 0.9413432083333334 0.32787551953125 0.3601173776041667 0.282564021484375 0.3735974166666667 0.391048166015625 0.9578167916666667
0 0.3737351484375 0.35955846354166665 0.332633462890625 0.3722053411458333 0.43825141015625 0.9451752708333333 0.47780681640625 0.9331606744791667 0.3737351484375 0.35955846354166665
0 0.481145166015625 0.9380337369791666 0.50770899609375 0.9292029296875 0.40681928515625 0.3741318671875 0.381800365234375 0.38229874999999996 0.481145166015625 0.9380337369791666
0 0.51129866796875 0.9280095885416667 0.5362495390625 0.9146307447916667 0.435442794921875 0.36573462760416664 0.4094401953125 0.37514394791666666 0.51129866796875 0.9280095885416667
0 0.541633083984375 0.914874765625 0.58991608984375 0.8957730911458334 0.486630962890625 0.32304453645833336 0.435455529296875 0.3388914973958333 0.541633083984375 0.914874765625
0 0.60660590625 0.8953090833333334 0.633527771484375 0.8883929583333333 0.6505812265625 0.8776394427083334 0.54407558203125 0.283610640625 0.5108713046875 0.29363213020833334 0.48681935546875 0.30366160416666665 0.596914583984375 0.8964971302083334 0.60660590625 0.8953090833333334
0 0.67050644921875 0.8659313125 0.68289041015625 0.8628312447916667 0.587447376953125 0.3129660546875 0.564515533203125 0.3235911171875 0.5555403828125 0.3286085 0.652557892578125 0.8718980833333334 0.67050644921875 0.8659313125
0 0.621950876953125 0.3044974635416667 0.590540466796875 0.31595630989583334 0.6870172421875 0.8645099296875 0.71884044140625 0.8541503854166667 0.621950876953125 0.3044974635416667
0 0.738878708984375 0.8686232343750001 0.791648330078125 0.8490469322916666 0.69000240625 0.22391367708333332 0.62695428125 0.24615469270833334 0.738878708984375 0.8686232343750001
0 0.739737966796875 0.16772224479166667 0.69378975 0.1829971484375 0.80205940625 0.8435521953124999 0.8455705390625 0.8232034401041667 0.739737966796875 0.16772224479166667
0 0.779899857421875 0.24792190364583333 0.75513183203125 0.2541220078125 0.8463965390625 0.8196611432291667 0.8698542734375 0.8095391848958333 0.779899857421875 0.24792190364583333
0 0.87278135546875 0.8098730260416667 0.8979092578125 0.8015195729166668 0.806373521484375 0.23683196875 0.780080708984375 0.24481118229166665 0.87278135546875 0.8098730260416667
0 0.897732166015625 0.7964941354166667 0.917474591796875 0.7919647239583334 0.830056013671875 0.24237847395833334 0.808432904296875 0.24962189322916664 0.897732166015625 0.7964941354166667
0 0.84917659765625 0.23506031510416667 0.831228041015625 0.2410270859375 0.91998647265625 0.7931633906250001 0.93934159765625 0.7864390026041667 0.84917659765625 0.23506031510416667