0 0.433877384765625 0 0.266224892578125 0.0813606875 0.123744490234375 0.17557671875 0.12402480859375 0.1892937265625 0.126391107421875 0.20430726302083335 0.132094572265625 0.21885571614583332 0.138076302734375 0.234423546875 0.145309212890625 0.24822976822916668 0.452511798828125 0.05066064583333333 0.44638991015625 0.028234307291666667 0.440338099609375 0.009237223958333334 0.437816544921875 0 0.433877384765625 0
0 0.15866401171875 0.284462328125 0.162906056640625 0.2904846328125 0.162351572265625 0.30114350520833333 0.174523220703125 0.32986929427083334 0.484924861328125 0.13767421354166667 0.463444 0.055810770833333335 0.151777400390625 0.2624071041666667 0.15866401171875 0.284462328125
0 0.492506119140625 0.15592906770833334 0.4875890078125 0.14108872135416667 0.17341219921875 0.3384894088541666 0.198662431640625 0.41512600781250003 0.51261147265625 0.2327536015625 0.492506119140625 0.15592906770833334
0 0.537377296875 0.32347832552083333 0.512709595703125 0.23628559114583333 0.1938658984375 0.41976257552083335 0.215846998046875 0.48759588020833333 0.2195325078125 0.49157942708333335 0.537377296875 0.32347832552083333
0 0.23281927734375 0.5370803645833333 0.241027150390625 0.5608032265625 0.24582573046875 0.5688642916666666 0.561516505859375 0.40873503906249997 0.540716509765625 0.3357108723958333 0.539011009765625 0.3262905859375 0.219464478515625 0.5008478072916667 0.23281927734375 0.5370803645833333
0 0.23164432421875 0.5803641197916667 0.245833927734375 0.6196548125 0.57403855078125 0.4546070911458333 0.56211295703125 0.4109200208333333 0.23164432421875 0.5803641197916667
0 0.247641642578125 0.6199319609375 0.25849408203125 0.6596877395833333 0.586074142578125 0.5018696380208333 0.57415172265625 0.45819419791666666 0.247641642578125 0.6199319609375
0 0.2613447890625 0.6606131510416667 0.27796872265625 0.7056490026041667 0.60110059765625 0.5569160989583334 0.586422490234375 0.5063182708333334 0.2613447890625 0.6606131510416667
0 0.27713596875 0.7152884973958332 0.292508720703125 0.7620859583333334 0.62175838671875 0.6103841328125 0.605252337890625 0.55626253125 0.27713596875 0.7152884973958332
0 0.60313904296875 0.6944573125 0.597017154296875 0.6720309765625 0.5895740078125 0.6479369947916667 0.586913009765625 0.6286713645833334 0.294943052734375 0.7678311197916666 0.294666833984375 0.7795093697916666 0.300162109375 0.7964676953125 0.30836998046875 0.8201905572916667 0.31254399609375 0.8354812421875 0.319080212890625 0.8403902005208334 0.6135710078125 0.7136375755208334 0.60960723046875 0.7086346484375 0.60313904296875 0.6944573125
0 0.62296203125 0.7448672057291666 0.618509748046875 0.7285571432291666 0.61621352734375 0.7169728619791668 0.322000998046875 0.8447448645833333 0.32360257421875 0.8601295182291667 0.33118383203125 0.8783843697916667 0.33758398828125 0.9018300859375 0.343355482421875 0.9071101588541667 0.639029427734375 0.7878642994791667 0.63339604296875 0.7767451015625001 0.628387224609375 0.75839628125 0.62296203125 0.7448672057291666
0 0.337726197265625 0.9213862213541667 0.348995013671875 0.9563222499999999 0.67811066796875 0.8358548125 0.666837845703125 0.7977315703125 0.337726197265625 0.9213862213541667
0 0.350316271484375 0.9579898958333333 0.3610986328125 0.9943164218749999 0.6903544453125 0.8807074843749999 0.678111884765625 0.8453768619791666 0.350316271484375 0.9579898958333333
0 0.50484320703125 1 0.685774302734375 0.9337247005208332 0.68208879296875 0.9297411510416667 0.677776666015625 0.9202895963541667 0.674993990234375 0.9100958046875 0.672489580078125 0.9009213958333334 0.671586419921875 0.8912677786458333 0.36909421875 0.9950538958333334 0.368886029296875 0.9974637682291667 0.369428357421875 1 0.50484320703125 1