0 0.795871111328125 0.06310965885416667 0.794836861328125 0.02158436979166667 0.322614654296875 0.05446346354166667 0.322913625 0.09946437239583333 0.795747142578125 0.07257916927083334 0.795871111328125 0.06310965885416667
0 0.3220258046875 0.0994437109375 0.32051808203125 0.14677075260416667 0.79542621875 0.12578061979166666 0.79479730859375 0.07729326041666666 0.3220258046875 0.0994437109375
0 0.32227828515625 0.14799580468749998 0.320832607421875 0.19058801562500002 0.78796071875 0.1737912942708333 0.788757375 0.1316191171875 0.32227828515625 0.14799580468749998
0 0.3172657109375 0.19168909114583332 0.318530041015625 0.23079226302083333 0.788340615234375 0.21937999479166667 0.788215013671875 0.17304834114583334 0.3172657109375 0.19168909114583332
0 0.315835470703125 0.2330976484375 0.317146287109375 0.26864971354166667 0.79072446875 0.26110848697916667 0.790258720703125 0.22045803385416665 0.315835470703125 0.2330976484375
0 0.313878419921875 0.31475178125 0.314239375 0.3550179375 0.72282206640625 0.3515024713541666 0.72341091796875 0.30652214322916665 0.313878419921875 0.31475178125
0 0.317115294921875 0.2710170885416667 0.316588427734375 0.31126266406249997 0.721666208984375 0.3041134401041667 0.722324375 0.2634234296875 0.317115294921875 0.2710170885416667
0 0.314383443359375 0.41185581770833335 0.78774835546875 0.41221622916666667 0.788537974609375 0.35351959895833335 0.315080765625 0.35858970572916665 0.314383443359375 0.41185581770833335
0 0.7869735546875 0.4714007421875 0.787717365234375 0.4145835286458333 0.31256125390625 0.41536559375 0.31334113671875 0.46747918489583334 0.7869735546875 0.4714007421875
0 0.797224900390625 0.5024246901041667 0.79748833203125 0.48230202083333334 0.305602462890625 0.4720381640625 0.30504460546875 0.5146511145833333 0.307274236328125 0.5478563854166667 0.79377103515625 0.5627310208333333 0.7957326875 0.5485680807291667 0.796868490234375 0.5296497265625 0.7978958046875 0.5190170755208333 0.797224900390625 0.5024246901041667
0 0.31339623828125 0.5551032421875001 0.31296234765625 0.5882466822916667 0.69832141796875 0.5948471276041667 0.696964095703125 0.5628461666666666 0.31339623828125 0.5551032421875001
0 0.31205903125 0.5894096692708334 0.312528458984375 0.6213899661458333 0.69787203125 0.6291742161458334 0.69743356640625 0.5948264661458333 0.31205903125 0.5894096692708334
0 0.30792332421875 0.7017984583333333 0.7366941875 0.7165136197916667 0.739590177734375 0.6988202421874999 0.68452781640625 0.6987227604166667 0.63214451953125 0.6975036223958333 0.573530744140625 0.6973234869791667 0.517611513671875 0.6948380468750001 0.428000408203125 0.6880162916666667 0.3800873203125 0.6845331744791667 0.334806822265625 0.6834793411458334 0.304573376953125 0.6863277343749999 0.30792332421875 0.7017984583333333
0 0.739342240234375 0.7177592578124999 0.312331615234375 0.7042690729166666 0.310524921875 0.706595203125 0.3102459921875 0.7279016796875001 0.31090137109375 0.7456777109375 0.312491119140625 0.7599233020833333 0.75197820703125 0.7701516692708333 0.753514048828125 0.7160410598958333 0.739342240234375 0.7177592578124999
0 0.752939517578125 0.8345353229166667 0.754424828125 0.7867853802083333 0.75271109765625 0.7820092994791666 0.306962568359375 0.7751873932291667 0.308009955078125 0.8308622864583333 0.752939517578125 0.8345353229166667
0 0.748575421875 0.8943980885416667 0.74784253125 0.8825404583333333 0.7446509921875 0.8708063072916666 0.300322849609375 0.9431682604166666 0.3076781875 0.9918857447916666 0.749153349609375 0.9180925260416667 0.748575421875 0.8943980885416667