0 0 0.6392404296875 0.03123006640625 0.6511399010416666 0.1111773671875 0.18403822135416667 0.073314185546875 0.17072925520833335 0 0.5986796666666666 0 0.6392404296875
0 0.034435025390625 0.6518933932291667 0.07166935546875 0.6639527083333333 0.15001417578125 0.19647428385416665 0.114423732421875 0.18480145052083333 0.034435025390625 0.6518933932291667
0 0.188709669921875 0.20997892968749998 0.153270279296875 0.19723980208333333 0.15161665625 0.19685103125 0.076335478515625 0.6661515364583334 0.1111660859375 0.6776457291666667 0.188709669921875 0.20997892968749998
0 0.1097995859375 0.6817316953125 0.148495080078125 0.6952363385416667 0.226603923828125 0.22329520312499998 0.1911740703125 0.21055831770833333 0.1097995859375 0.6817316953125
0 0.271049408203125 0.2370498802083333 0.232283615234375 0.22463051302083334 0.231128732421875 0.22656261458333335 0.150474853515625 0.6990072161458333 0.18742655078125 0.7132037005208334 0.271049408203125 0.2370498802083333
0 0.313751103515625 0.25149639322916667 0.27485472265625 0.24014813541666666 0.273689109375 0.2420777109375 0.194779025390625 0.7138304765625 0.22932700390625 0.7274618385416667 0.313751103515625 0.25149639322916667
0 0.233333203125 0.7284037083333333 0.2696249765625 0.7413432343749999 0.356594109375 0.2648743229166667 0.316246900390625 0.2520831614583333 0.233333203125 0.7284037083333333
0 0.269578326171875 0.7479431171875 0.311761408203125 0.7600640859375 0.393828439453125 0.27693363541666666 0.357497763671875 0.26508677343750003 0.269578326171875 0.7479431171875
0 0.315202345703125 0.7652802942708333 0.344141646484375 0.7775930416666667 0.430542796875 0.2679363463541667 0.401433615234375 0.2577872760416667 0.315202345703125 0.7652802942708333
0 0.460848599609375 0.27616312760416667 0.434009966796875 0.2676496770833333 0.43228659375 0.26724450781250003 0.348147845703125 0.7785349088541667 0.3791135703125 0.7880186510416666 0.460848599609375 0.27616312760416667
0 0.48672697265625 0.324115921875 0.462300408203125 0.31616955208333336 0.460427373046875 0.3168310078125 0.382837138671875 0.7910976875000001 0.406591705078125 0.7988860651041666 0.48672697265625 0.324115921875
0 0.4096553515625 0.8007081458333333 0.432231380859375 0.8049140208333333 0.511282779296875 0.33209267187499997 0.4899268125 0.32597001822916666 0.4096553515625 0.8007081458333333
0 0.519951666015625 0.2801421380208333 0.5209882421875 0.28369126562499997 0.433504578125 0.8140278229166666 0.445476525390625 0.8234533072916667 0.459097603515625 0.8266556588541666 0.4668740234375 0.8240766822916666 0.55209528125 0.29210642187499997 0.54238573828125 0.284314640625 0.532110935546875 0.28079719791666663 0.519951666015625 0.2801421380208333
0 0.59187600390625 0.3223933359375 0.559837783203125 0.3159628723958333 0.55765866796875 0.31875598177083336 0.470692255859375 0.8326870182291667 0.502035275390625 0.8455648854166666 0.59187600390625 0.3223933359375
0 0.5215476640625 0.8479486848958334 0.537195166015625 0.8483220286458333 0.628686388671875 0.3376584036458334 0.598684328125 0.32840122135416666 0.596919423828125 0.3279862890625 0.505286884765625 0.8397184973958334 0.5215476640625 0.8479486848958334
0 0.683692029296875 0.3902554765625 0.628200154296875 0.373903765625 0.627746552734375 0.37600073958333335 0.540400125 0.8490755234375 0.594319177734375 0.866159265625 0.683692029296875 0.3902554765625
0 0.750430919921875 0.41035319791666663 0.691891296875 0.39218314583333336 0.690243263671875 0.39069388020833334 0.598797333984375 0.8760265598958333 0.654177548828125 0.8945556380208334 0.750430919921875 0.41035319791666663
0 0.79369515234375 0.38306324999999997 0.7606697890625 0.3719934765625 0.760184392578125 0.37408297395833334 0.65978623046875 0.8958742526041666 0.689385453125 0.9094439583333332 0.79369515234375 0.38306324999999997
0 0.792140685546875 0.3948176822916667 0.693062369140625 0.9191228776041668 0.708239275390625 0.9293018593750001 0.72011655859375 0.9331960494791667 0.73416158203125 0.9331926458333334 0.840733685546875 0.40844564062500005 0.820042763671875 0.40247934375 0.792634427734375 0.3927301458333334 0.792140685546875 0.3948176822916667
0 0.863027087890625 0.4147886875 0.844021359375 0.410320390625 0.842477482421875 0.4077538046875 0.73736654296875 0.9339461406249999 0.743352513671875 0.9386588828125001 0.75494716796875 0.9446902421875 0.770029412109375 0.9493379270833334 0.777523201171875 0.9488961171875 0.886499021484375 0.4247142369791667 0.880371734375 0.42107007552083336 0.863027087890625 0.4147886875
0 0.78940184375 0.9715213697916667 0.811836560546875 0.9767958307291668 0.93744501171875 0.38931401041666663 0.9180788828125 0.3814555572916667 0.78940184375 0.9715213697916667
0 0.817822533203125 0.9815085729166667 0.839314693359375 0.9876632473958334 0.96883468359375 0.39559199739583334 0.94452635546875 0.3876734296875 0.817822533203125 0.9815085729166667