0 0 0.5083238932291666 0.1325346875 0.8887466197916667 0.17791687890625 0.8713676848958333 0.006040916015625 0.3696695520833333 0 0.37098156510416663 0 0.5083238932291666
0 0.21118941015625 0.8569531484375 0.222815453125 0.8484937135416667 0.054808390625 0.3451194713541667 0.012067830078125 0.36591762239583336 0.179735259765625 0.86829809375 0.18283037890625 0.8669572057291667 0.21118941015625 0.8569531484375
0 0.227187310546875 0.8488815286458333 0.247557064453125 0.8411977265625 0.096283001953125 0.3819152369791667 0.07703990234375 0.39025185416666663 0.227187310546875 0.8488815286458333
0 0.251677443359375 0.8405535781250001 0.27024816015625 0.8325082552083334 0.117175056640625 0.37286424999999995 0.0999880390625 0.3825919375 0.251677443359375 0.8405535781250001
0 0.27694135546875 0.8318904088541667 0.31356048828125 0.8171669453125 0.163833984375 0.3572140182291667 0.12291664453125 0.37836321354166663 0.27694135546875 0.8318904088541667
0 0.3176808671875 0.8165227994791667 0.356099037109375 0.8021608593749999 0.20639187890625 0.33877682031249995 0.16730405078125 0.3568516015625 0.3176808671875 0.8165227994791667
0 0.358652513671875 0.805618265625 0.389352228515625 0.7911774322916667 0.23287448828125 0.29649930208333336 0.19973520703125 0.31085610677083336 0.358652513671875 0.805618265625
0 0.39447851953125 0.7946611380208334 0.4277510546875 0.7802466015624999 0.272085783203125 0.27837102864583335 0.237911302734375 0.2954581276041667 0.39447851953125 0.7946611380208334
0 0.430865517578125 0.7754746041666666 0.4504614921875 0.7681260208333334 0.299419556640625 0.26767022916666666 0.278157833984375 0.2780222734375 0.430865517578125 0.7754746041666666
0 0.454311048828125 0.7698810208333334 0.47417784765625 0.7601332942708333 0.3229037734375 0.2552144296875 0.302421974609375 0.26522859375 0.454311048828125 0.7698810208333334
0 0.47802740234375 0.761888296875 0.49789419921875 0.7521405677083334 0.34611716796875 0.24515777604166666 0.326415099609375 0.254834140625 0.47802740234375 0.761888296875
0 0.49969323828125 0.7525020859375 0.551555833984375 0.7266111197916666 0.40318343359375 0.209026078125 0.3473709453125 0.23548733333333335 0.49969323828125 0.7525020859375
0 0.55333552734375 0.7304037447916666 0.604656478515625 0.7093110729166666 0.462010046875 0.1801181171875 0.40878573046875 0.20659901562500002 0.55333552734375 0.7304037447916666
0 0.49680821875 0.13309716666666668 0.46121434375 0.1485173671875 0.611250384765625 0.7361180651041667 0.61792423828125 0.7389313281250001 0.647850173828125 0.7248257161458334 0.49680821875 0.13309716666666668
0 0.65736766796875 0.725266125 0.68858968359375 0.7094581067708333 0.545575693359375 0.10854708854166667 0.507546517578125 0.12730414322916667 0.65736766796875 0.725266125
0 0.716290998046875 0.6792026197916666 0.7351131953125 0.6721892578125 0.596316310546875 0.09911492447916666 0.552107259765625 0.120549265625 0.6861135859375 0.6922762682291667 0.69979014453125 0.6852103125000001 0.716290998046875 0.6792026197916666
0 0.780476041015625 0.6582414322916667 0.794404078125 0.6522074401041666 0.6594954375 0.07402588802083333 0.605060025390625 0.09989055468750001 0.74308312890625 0.6733001119791666 0.76577422265625 0.6646106458333333 0.780476041015625 0.6582414322916667
0 0.799820537109375 0.6498608880208333 0.847291931640625 0.6270132109375001 0.7160974296875 0.028968046875 0.662360408203125 0.056811971354166664 0.799820537109375 0.6498608880208333
0 0.778541369140625 0 0.7284190234375 0.025911825520833334 0.86042684375 0.6247455520833333 0.9034876953125 0.60837228125 0.783359609375 0 0.778541369140625 0
0 0.797320119140625 0 0.789020763671875 0.0042212005208333335 0.910747908203125 0.606367875 0.9388554609375 0.5953318541666667 0.82148963671875 0 0.797320119140625 0
0 0.967233837890625 0.5818966848958333 0.98737145703125 0.5697498125 0.854494 0.0420292265625 0.834104900390625 0.053144140625 0.967233837890625 0.5818966848958333
0 1 0.5203059010416666 0.878751998046875 0.029238205729166664 0.85706681640625 0.0420555234375 0.988919017578125 0.5690793671875 1 0.5648767265625 1 0.5203059010416666