0 0.499123986328125 1 0.764721107421875 0.9302612630208333 0.756534033203125 0.8840450807291668 0.382910361328125 0.9830207604166666 0.386159451171875 1 0.499123986328125 1
0 0.7581928671875 0.8753043463541667 0.74926759375 0.8304425625 0.37649410546875 0.9290065546875 0.3816662734375 0.9751956354166667 0.7581928671875 0.8753043463541667
0 0.362799775390625 0.884488109375 0.369093880859375 0.9299054583333333 0.753513994140625 0.8283472239583333 0.7432976875 0.7790379791666666 0.362799775390625 0.884488109375
0 0.744910150390625 0.7786230572916667 0.73907640625 0.7295126484375 0.3573201875 0.834182140625 0.363121234375 0.87962571875 0.744910150390625 0.7786230572916667
0 0.734822119140625 0.7088357161458334 0.729778125 0.6739419635416667 0.37475326953125 0.7429227552083333 0.379059134765625 0.7791709739583333 0.734822119140625 0.7088357161458334
0 0.346020849609375 0.6902575703124999 0.345655712890625 0.7023209401041667 0.35111644140625 0.7407225286458333 0.728805841796875 0.6657569453125 0.723154615234375 0.6106147447916667 0.346020849609375 0.6902575703124999
0 0.3593354921875 0.6131307369791666 0.361462634765625 0.623469203125 0.360680826171875 0.6320247291666666 0.367851982421875 0.6772568671875 0.722138689453125 0.6096306197916667 0.7136127578125 0.5374637942708334 0.359196599609375 0.6119614817708333 0.3593354921875 0.6131307369791666
0 0.71601919140625 0.5354092864583333 0.712729302734375 0.5001451015625 0.70343891796875 0.46734676562500005 0.329075193359375 0.5476033619791667 0.326678154296875 0.5576985729166667 0.327789341796875 0.5670529244791667 0.331999974609375 0.5949309114583333 0.334749474609375 0.6108802890625 0.71601919140625 0.5354092864583333
0 0.709300470703125 0.46371175520833335 0.6991608515625 0.378353046875 0.326521009765625 0.45837523697916666 0.335674943359375 0.5426137135416667 0.709300470703125 0.46371175520833335
0 0.697728236328125 0.3738610807291667 0.6901254375 0.3064456302083333 0.302013640625 0.38790724479166666 0.3061885390625 0.44575854947916665 0.310208671875 0.45689576041666663 0.697728236328125 0.3738610807291667
0 0.693962119140625 0.29674543229166667 0.691184150390625 0.2733595625 0.30241955859375 0.35536321875 0.3044106796875 0.37781203125 0.693962119140625 0.29674543229166667
0 0.270423818359375 0.349030328125 0.270796865234375 0.3597393046875 0.68855300390625 0.273915046875 0.68031429296875 0.21212759114583335 0.2631137421875 0.3026288645833333 0.267550609375 0.3172741458333333 0.277849052734375 0.3282842552083333 0.270423818359375 0.349030328125
0 0.67874272265625 0.2064663828125 0.66989688671875 0.124430375 0.255055349609375 0.2229876484375 0.265050447265625 0.29622694270833333 0.67874272265625 0.2064663828125
0 0.67063507421875 0.12307590104166666 0.663273423828125 0.061103065104166666 0.247644419921875 0.1572657109375 0.252557443359375 0.21376239583333334 0.67063507421875 0.12307590104166666
0 0.607001966796875 0 0.26917402734375 0.07360954427083334 0.272975876953125 0.12075187760416667 0.274087064453125 0.13010622395833335 0.277507951171875 0.14376731510416665 0.6596699453125 0.053473625 0.653659822265625 0 0.607001966796875 0