0 0.345529025390625 0 0.725103037109375 0.10265468489583333 0.7320311328125 0.061828997395833335 0.562914169921875 0.005608203125 0.54323101953125 0 0.345529025390625 0
0 0.32655823828125 0.0092938671875 0.316915998046875 0.06534295833333333 0.73402981640625 0.18947303645833333 0.745448142578125 0.13289636979166666 0.32655823828125 0.0092938671875
0 0.31613100390625 0.07402607812499999 0.304316705078125 0.12823509114583334 0.722618443359375 0.25946813541666663 0.732809119140625 0.20048617187499998 0.31613100390625 0.07402607812499999
0 0.750081796875 0.31443639322916667 0.759733310546875 0.2762785442708333 0.726568904296875 0.2652534583333333 0.2983956484375 0.12850273177083335 0.293479591796875 0.16376278125000002 0.750081796875 0.31443639322916667
0 0.289749134765625 0.20165298958333333 0.742600025390625 0.349961515625 0.74535561328125 0.3352254348958333 0.748261001953125 0.319688265625 0.296837251953125 0.16823302343750002 0.293488861328125 0.18165402604166667 0.289749134765625 0.20165298958333333
0 0.286993546875 0.2163890703125 0.28463625 0.23796561979166667 0.282670291015625 0.25296420052083335 0.685776892578125 0.38920790625 0.690702220703125 0.37183909895833334 0.695967734375 0.34368066406250003 0.289552306640625 0.20270556770833334 0.286993546875 0.2163890703125
0 0.277939470703125 0.26480762239583333 0.274396572265625 0.28375401041666665 0.274602671875 0.3005926770833333 0.675935505859375 0.441836765625 0.681252173828125 0.41788999218749995 0.68533428125 0.3960600755208334 0.2814870078125 0.25480685416666665 0.277939470703125 0.26480762239583333
0 0.2710505 0.30164782291666664 0.259245474609375 0.373748078125 0.7008516875 0.5328525833333334 0.715168763671875 0.46077425260416666 0.2710505 0.30164782291666664
0 0.25705781640625 0.37647661197916665 0.2456464453125 0.44647170833333333 0.685675720703125 0.6095240234375 0.70119265234375 0.5399996223958333 0.25705781640625 0.37647661197916665
0 0.24071648046875 0.45489489583333337 0.23167167578125 0.5212046927083334 0.67032083984375 0.6871522317708334 0.68583628125 0.6221210052083334 0.24071648046875 0.45489489583333337
0 0.225359283203125 0.5280502942708333 0.218287390625 0.5927799375 0.655755587890625 0.7650429453125001 0.670871541015625 0.6976628567708333 0.225359283203125 0.5280502942708333
0 0.21335742578125 0.6012031276041666 0.209427826171875 0.6356731015625 0.610371638671875 0.78796796875 0.617656583984375 0.753495421875 0.21335742578125 0.6012031276041666
0 0.2037059140625 0.6393609765625 0.197013771484375 0.6751485989583333 0.602107193359375 0.8366490208333334 0.60894405859375 0.8000874583333334 0.2037059140625 0.6393609765625
0 0.197805716796875 0.6798839114583334 0.1889507890625 0.7317226953125 0.6096422734375 0.903998546875 0.62022120703125 0.8563959114583333 0.197805716796875 0.6798839114583334
0 0.176721974609375 0.7477815651041667 0.16668144140625 0.7969901901041667 0.60001162109375 0.9824116927083333 0.610980744140625 0.9327224375 0.176721974609375 0.7477815651041667
0 0.601514814453125 1 0.602917296875 0.9937842265625 0.16844930078125 0.8009918151041666 0.16018485546875 0.8496728671875 0.492734544921875 1 0.601514814453125 1