0 0.49405617578125 0 0.4669489765625 0.0016233333333333334 0.269940646484375 0.015389692708333333 0.2742333984375 0.06902255729166666 0.743915958984375 0.0407601328125 0.74426415234375 0 0.49405617578125 0
0 0.272901173828125 0.07011673177083333 0.27704082421875 0.1528122578125 0.774097234375 0.12993444270833335 0.77298181640625 0.04460245833333334 0.272901173828125 0.07011673177083333
0 0.7793095 0.21729699218749998 0.78039756640625 0.13186518229166666 0.27078694921875 0.15206380729166666 0.274153259765625 0.24113903125 0.7793095 0.21729699218749998
0 0.27646391015625 0.2512489010416667 0.2773894140625 0.29741859895833334 0.717765591796875 0.281853578125 0.714199615234375 0.2348871484375 0.27646391015625 0.2512489010416667
0 0.718664521484375 0.32585844270833336 0.71969841796875 0.2842938020833333 0.276920900390625 0.3081208229166667 0.27779993359375 0.353108234375 0.718664521484375 0.32585844270833336
0 0.79598791015625 0.392770625 0.795298580078125 0.32998743229166666 0.277331419921875 0.363810453125 0.28064 0.43105081250000005 0.79598791015625 0.392770625
0 0.276479509765625 0.4326288541666667 0.27842740234375 0.5048081328125 0.802372482421875 0.4689142942708333 0.80186617578125 0.4065858723958333 0.276479509765625 0.4326288541666667
0 0.702342671875 0.5214204817708333 0.702582736328125 0.48228229427083336 0.27754060546875 0.5048700989583333 0.279286275390625 0.5458859869791667 0.702342671875 0.5214204817708333
0 0.2782802890625 0.5463107291666667 0.280839923828125 0.588809796875 0.70350048828125 0.5657902239583333 0.702621490234375 0.5285140364583333 0.2782802890625 0.5463107291666667
0 0.80065048046875 0.6923756223958333 0.798338583984375 0.5656889947916667 0.279999654296875 0.59005396875 0.2842866953125 0.7228629244791667 0.80065048046875 0.6923756223958333
0 0.282729763671875 0.7273809375 0.28690818359375 0.8563082057291668 0.801799185546875 0.8275186718750001 0.79738221875 0.6997170416666667 0.282729763671875 0.7273809375
0 0.29530346484375 0.8889153880208333 0.29798083984375 0.9242425807291667 0.769203224609375 0.9103334635416668 0.76716244140625 0.8357897708333333 0.29680206640625 0.8591732135416666 0.29530346484375 0.8889153880208333
0 0.728493125 0.9831226510416666 0.728458208984375 0.91436621875 0.298610490234375 0.9278057135416667 0.29989577734375 0.9955849609374999 0.728493125 0.9831226510416666