0 0.158619369140625 0.7317210234374999 0.1870745078125 0.7288308307291667 0.085373021484375 0.2895072890625 0.045974724609375 0.2921968020833333 0.158619369140625 0.7317210234374999
0 0.220747763671875 0.7343511666666668 0.123779533203125 0.2726386510416667 0.110432009765625 0.27469633072916666 0.1042021171875 0.27573549999999997 0.08200792578125 0.2752189635416667 0.1878692578125 0.7359542916666667 0.189629353515625 0.7371794557291667 0.200220560546875 0.7421625911458333 0.208241486328125 0.7399809479166667 0.220747763671875 0.7343511666666668
0 0.229749408203125 0.7250873776041667 0.24753579296875 0.7231330078124999 0.170753818359375 0.27965274479166663 0.1422832421875 0.28372678125 0.229749408203125 0.7250873776041667
0 0.203508283203125 0.2875200182291667 0.172405373046875 0.28916446875 0.2499356640625 0.7433196328124999 0.28039480859375 0.739126046875 0.203508283203125 0.2875200182291667
0 0.288404166015625 0.7217157552083333 0.309772611328125 0.7174764270833333 0.253987201171875 0.2981681614583333 0.22556668359375 0.30158564843749996 0.288404166015625 0.7217157552083333
0 0.279732458984375 0.2987673411458333 0.2548284453125 0.30174022135416667 0.31059841796875 0.7222322890625 0.3285288203125 0.7181075026041667 0.279732458984375 0.2987673411458333
0 0.330051853515625 0.7286058828124999 0.3585224296875 0.7245318463541667 0.313591685546875 0.29008203645833336 0.279809947265625 0.2928482994791667 0.330051853515625 0.7286058828124999
0 0.35092448828125 0.28739841666666666 0.318015048828125 0.2913691432291667 0.362057998046875 0.7257983307291668 0.387079560546875 0.7220747421875 0.35092448828125 0.28739841666666666
0 0.3904356484375 0.7288270963541666 0.425074130859375 0.7284490546875001 0.39551380859375 0.3016340520833333 0.351610759765625 0.30280851822916666 0.3904356484375 0.7288270963541666
0 0.42686516015625 0.7273066145833332 0.457937076171875 0.728029765625 0.44041869921875 0.3025070598958333 0.395142458984375 0.301453328125 0.42686516015625 0.7273066145833332
0 0.47103675 0.270063046875 0.4399493359375 0.2705236979166667 0.461271177734375 0.7446856119791666 0.486128759765625 0.7452641328124999 0.47103675 0.270063046875
0 0.489648828125 0.7477143776041667 0.5144909140625 0.7494767369791666 0.50531527734375 0.2703301848958333 0.473684583984375 0.27130883333333333 0.489648828125 0.7477143776041667
0 0.542946044921875 0.27173662239583335 0.510098595703125 0.27097215104166666 0.516266384765625 0.7495180598958333 0.542027201171875 0.7489334010416666 0.542946044921875 0.27173662239583335
0 0.612955884765625 0.28283929687500003 0.54540790625 0.2871880677083333 0.54727637109375 0.7549764114583333 0.601566763671875 0.7518099427083333 0.612955884765625 0.28283929687500003
0 0.605698666015625 0.7693619036458333 0.6652256640625 0.7671947812500001 0.691951814453125 0.28586196354166665 0.620011525390625 0.28655598958333334 0.605698666015625 0.7693619036458333
0 0.669602474609375 0.7720333645833333 0.703306787109375 0.7751861015625 0.743457947265625 0.28587652604166663 0.702605013671875 0.2861098984375 0.669602474609375 0.7720333645833333
0 0.704194521484375 0.7752067630208334 0.7370109765625 0.7783388359375 0.79488659375 0.2918100885416667 0.75135483203125 0.2931653177083333 0.704194521484375 0.7752067630208334
0 0.748489919921875 0.7833426302083333 0.7866950234375 0.7818634739583333 0.86118589453125 0.24717071614583333 0.812284154296875 0.248824203125 0.748489919921875 0.7833426302083333
0 0.92069739453125 0.24618740885416668 0.867415787109375 0.2461315442708333 0.7910409609375 0.7890695807291667 0.8335612421875 0.7871617265625 0.92069739453125 0.24618740885416668
0 0.837189439453125 0.7913278151041667 0.877139021484375 0.792257578125 0.98723365625 0.2512884375 0.93131959765625 0.24880296614583333 0.837189439453125 0.7913278151041667