0 0.133818283203125 0.50325553125 0.122438076171875 0.5104475234375 0.229476572265625 0.9393597682291667 0.23784362890625 0.9374857239583334 0.24707491796875 0.9332476067708333 0.257192685546875 0.9295861536458333 0.265515583984375 0.921830484375 0.159350755859375 0.4964517369791666 0.15559966796875 0.4962065729166667 0.14370894921875 0.49871469010416664 0.133818283203125 0.50325553125
0 0.266380142578125 0.9194662604166667 0.2769740234375 0.9205044739583333 0.287524068359375 0.9156609114583333 0.30114390625 0.9084243463541667 0.195616865234375 0.4798018385416667 0.18461262109375 0.48288662499999996 0.171857345703125 0.4877589661458333 0.160259037109375 0.4940674401041667 0.266380142578125 0.9194662604166667
0 0.228320888671875 0.5179044166666666 0.208818876953125 0.5278415052083333 0.207674994140625 0.5293503203125 0.300711626953125 0.9096064583333333 0.323130474609375 0.8993138854166666 0.228320888671875 0.5179044166666666
0 0.324244048828125 0.9007699427083334 0.345798337890625 0.8928415911458334 0.25030745703125 0.5087939557291666 0.23015130078125 0.5190313697916666 0.324244048828125 0.9007699427083334
0 0.272594802734375 0.48085605468750003 0.254878009765625 0.4919408489583333 0.2554948125 0.49460861979166665 0.403142296875 0.8635638307291668 0.418718349609375 0.8524782083333333 0.272594802734375 0.48085605468750003
0 0.2905891953125 0.43915065885416665 0.26760244921875 0.45265490364583333 0.26732770703125 0.45474834114583335 0.420286123046875 0.8556930390624999 0.443093416015625 0.8383365807291666 0.2905891953125 0.43915065885416665
0 0.46337278125 0.8368954557291667 0.470582103515625 0.8276837291666667 0.319147626953125 0.42407208333333335 0.293757009765625 0.4396636067708333 0.44820708984375 0.8438580781249999 0.452822734375 0.8417390182291666 0.46337278125 0.8368954557291667
0 0.477307384765625 0.8423018307291666 0.501887630859375 0.8260987057291667 0.329508345703125 0.36423103124999995 0.304328796875 0.3777583515625 0.477307384765625 0.8423018307291666
0 0.5060929140625 0.8281026432291667 0.530900259765625 0.81277890625 0.35940744921875 0.3514878984375 0.3362138828125 0.36410344791666666 0.5060929140625 0.8281026432291667
0 0.535105541015625 0.8147828463541668 0.559458689453125 0.7977003307291667 0.389944013671875 0.33550115625000004 0.36455241015625 0.3481421796875 0.535105541015625 0.8147828463541668
0 0.4209347734375 0.3212731927083333 0.3960050546875 0.3356694609375 0.394581576171875 0.33632298437499997 0.563891068359375 0.8005836588541667 0.5878119375 0.7846832552083334 0.4209347734375 0.3212731927083333
0 0.59310887890625 0.7852023619791666 0.621645390625 0.7671828984375 0.486878623046875 0.3510007994791667 0.459301904296875 0.36366136979166663 0.59310887890625 0.7852023619791666
0 0.624737099609375 0.7677307838541667 0.65220387109375 0.7541370442708333 0.535013208984375 0.3289020442708333 0.507902623046875 0.34331591145833334 0.624737099609375 0.7677307838541667
0 0.579050232421875 0.4080331614583333 0.56249754296875 0.41759985937500005 0.55906371484375 0.41917634114583335 0.649434857421875 0.7377026041666667 0.66767033984375 0.7283469817708333 0.579050232421875 0.4080331614583333
0 0.6104732734375 0.3926230859375 0.584673099609375 0.40348438281250004 0.5832116796875 0.4041553255208334 0.67389758984375 0.7353245286458333 0.699181048828125 0.7247004557291666 0.6104732734375 0.3926230859375
0 0.738355275390625 0.7136009843750001 0.6335016015625 0.31614613541666664 0.612196328125 0.32789476302083337 0.602078560546875 0.3315562135416667 0.60366825 0.33771193489583334 0.708023892578125 0.7275262265625 0.738355275390625 0.7136009843750001
0 0.67022158203125 0.3012551666666667 0.63916355859375 0.3145303619791667 0.63811724609375 0.314027078125 0.74210636328125 0.7138461484374999 0.7746429765625 0.699892125 0.67022158203125 0.3012551666666667
0 0.775463701171875 0.691646125 0.786900224609375 0.6873792291666666 0.792585609375 0.6808344453125 0.685395201171875 0.2657630494791667 0.677460748046875 0.26645483333333336 0.668852484375 0.27237421875 0.666478423828125 0.2724805078125 0.775463701171875 0.691646125
0 0.70979218359375 0.25456230989583334 0.6989642890625 0.2575661328125 0.689783748046875 0.2627646015625 0.79656379296875 0.681959 0.81611803125 0.6719979296875 0.70979218359375 0.25456230989583334
0 0.74259973046875 0.247369453125 0.715745185546875 0.25969846874999997 0.714451662109375 0.25832502864583334 0.818323263671875 0.6719691510416667 0.847562990234375 0.6595287421875 0.74259973046875 0.247369453125
0 0.77513634375 0.23341542708333332 0.748495158203125 0.2436791901041667 0.746761177734375 0.2434916171875 0.850632779296875 0.6571357395833334 0.87964540625 0.6438159427083333 0.77513634375 0.23341542708333332
0 0.895331044921875 0.6474347604166667 0.9118154921875 0.6398666927083333 0.804698763671875 0.20508846614583334 0.789072611328125 0.2122624869791667 0.895331044921875 0.6474347604166667