0 0.733507736328125 0.9800642812499999 0.7334428046875 0.9203608671875 0.34241282421875 0.8956413411458333 0.33925590234375 0.9539953072916667 0.733507736328125 0.9800642812499999
0 0.73265789453125 0.919238859375 0.733377876953125 0.860657453125 0.344816205078125 0.8349673932291667 0.342501388671875 0.8922597630208333 0.73265789453125 0.919238859375
0 0.732621357421875 0.8584513072916667 0.734239830078125 0.7966553541666667 0.35047281640625 0.7744449192708333 0.3480731875 0.8349754557291668 0.732621357421875 0.8584513072916667
0 0.730136763671875 0.7356784583333332 0.35610103125 0.7150065859375 0.3535759296875 0.7181453984375 0.35134707421875 0.7721555000000001 0.731100181640625 0.7921673203125 0.730779703125 0.7422211640624999 0.730136763671875 0.7356784583333332
0 0.35510921875 0.6596018619791667 0.35377925390625 0.7103820885416666 0.73179176953125 0.7346700546874999 0.732483357421875 0.6771727890625 0.35766271484375 0.6553789088541667 0.35510921875 0.6596018619791667
0 0.73178362890625 0.6727983619791668 0.73239003515625 0.618553515625 0.358325908203125 0.5989657838541667 0.3561546328125 0.6507774921875 0.73178362890625 0.6727983619791668
0 0.73090539453125 0.6130570807291666 0.731199462890625 0.5707377708333333 0.3458058359375 0.5484516015625 0.343799970703125 0.59394759375 0.73090539453125 0.6130570807291666
0 0.73139822265625 0.5631487942708333 0.7324204140625 0.5241197682291666 0.3494383125 0.50303134375 0.34595345703125 0.5428151614583333 0.73139822265625 0.5631487942708333
0 0.731663896484375 0.5219136197916666 0.7321567265625 0.47200533333333333 0.3345918984375 0.44806699739583333 0.3309085859375 0.4954282291666667 0.731663896484375 0.5219136197916666
0 0.731485390625 0.46654676562499997 0.7310513359375 0.42093716666666664 0.336768126953125 0.3960661692708333 0.333898458984375 0.44345236197916665 0.731485390625 0.46654676562499997
0 0.337534771484375 0.3667943984375 0.337001939453125 0.3871388567708333 0.730294818359375 0.4187310208333333 0.73084443359375 0.366654453125 0.3406277578125 0.3419727942708333 0.337534771484375 0.3667943984375
0 0.731799712890625 0.3612716223958334 0.732207357421875 0.3146157526041667 0.3428323828125 0.28888782291666665 0.340077017578125 0.33190976302083336 0.731799712890625 0.3612716223958334
0 0.7331342421875 0.3103170625 0.733030791015625 0.28317570572916667 0.377985046875 0.25253341145833336 0.375684349609375 0.27819540364583334 0.7331342421875 0.3103170625
0 0.7314635234375 0.2808340859375 0.72979025 0.2514487109375 0.37962434375 0.22103362760416667 0.37804939453125 0.25007652343750003 0.7314635234375 0.2808340859375
0 0.733185447265625 0.24617948958333333 0.7344063984375 0.19956148697916667 0.34354678125 0.16833712239583332 0.340960048828125 0.20492036979166664 0.733185447265625 0.24617948958333333
0 0.34245966015625 0.14766273177083333 0.342824201171875 0.16483512760416666 0.72865646484375 0.20146468750000002 0.730662330078125 0.1559686953125 0.346309162109375 0.12504727604166668 0.34245966015625 0.14766273177083333
0 0.731646001953125 0.14950172395833333 0.731126763671875 0.10714454427083332 0.346017080078125 0.07401698177083334 0.3439318515625 0.12254319791666667 0.731646001953125 0.14950172395833333
0 0.728043904296875 0.100488234375 0.730749498046875 0.05936666666666667 0.349564375 0.03184914322916667 0.346073869140625 0.07184870052083334 0.728043904296875 0.100488234375