0 0.5403753828125 0 0.72412448828125 0.0891722734375 0.727136341796875 0.07813893749999999 0.566122619140625 0 0.5403753828125 0
0 0.4725217734375 0 0.744141318359375 0.13005566666666665 0.751939169921875 0.1062485703125 0.53215807421875 0 0.4725217734375 0
0 0.405092591796875 0 0.73714907421875 0.16042917447916666 0.742441982421875 0.13628084895833334 0.46304394140625 0 0.405092591796875 0
0 0.327985126953125 0 0.326537259765625 0.006184268229166667 0.70924648828125 0.19364225520833334 0.71709434765625 0.1577549765625 0.39073326171875 0 0.327985126953125 0
0 0.325441197265625 0.012578877604166665 0.31641450390625 0.0480257890625 0.696047318359375 0.234856625 0.704986701171875 0.20210895833333334 0.325441197265625 0.012578877604166665
0 0.676854533203125 0.25757765625 0.682713427734375 0.23373535416666666 0.6828032734375 0.2310268203125 0.318394857421875 0.055047546875 0.3119251328125 0.07874810677083334 0.676854533203125 0.25757765625
0 0.30660398046875 0.09348230729166666 0.304829255859375 0.1047424609375 0.66975870703125 0.28357181770833334 0.676189384765625 0.26001429947916666 0.674507802734375 0.25903625 0.3103080859375 0.08229244270833333 0.30660398046875 0.09348230729166666
0 0.704897837890625 0.3214043984375 0.709292513671875 0.30292597135416666 0.299770951171875 0.10661677604166668 0.296172015625 0.1126625703125 0.293250205078125 0.12336604947916667 0.289649732421875 0.13893507291666665 0.287040205078125 0.153253359375 0.28719480859375 0.16458398697916668 0.691751224609375 0.36004683072916666 0.697228466796875 0.34712022656249997 0.704897837890625 0.3214043984375
0 0.681419767578125 0.40265288541666666 0.686011185546875 0.3858331328125 0.690245423828125 0.3655630364583333 0.28500421875 0.16784998437499998 0.280258197265625 0.173339109375 0.27379001171875 0.18751644791666666 0.271127923828125 0.2044066744791667 0.268570955078125 0.2161530234375 0.268308158203125 0.22901272135416664 0.674220361328125 0.424267703125 0.67661965234375 0.420237171875 0.681419767578125 0.40265288541666666
0 0.269297564453125 0.23728521354166665 0.26110567578125 0.269673984375 0.62394960546875 0.44662565364583334 0.632456783203125 0.4154612838541667 0.269297564453125 0.23728521354166665
0 0.26000961328125 0.27606859635416664 0.2512441796875 0.30817903125 0.611532677734375 0.487353828125 0.621028107421875 0.4549485859375 0.26000961328125 0.27606859635416664
0 0.250930361328125 0.3140874453125 0.2390869765625 0.35509395572916663 0.60021027734375 0.5312106119791666 0.610799234375 0.49242005208333334 0.250930361328125 0.3140874453125
0 0.5871146875 0.576804328125 0.59790929296875 0.537260421875 0.59859323046875 0.5347549479166667 0.237208669921875 0.36197476302083337 0.227712015625 0.4015226796875 0.5871146875 0.576804328125
0 0.2247156328125 0.4053611484375 0.2107326796875 0.45658494270833333 0.59839509375 0.6473124921875 0.6120791875 0.59956290625 0.2247156328125 0.4053611484375
0 0.211774646484375 0.4622854921875 0.199200041015625 0.510729484375 0.58357733984375 0.701594421875 0.597675263671875 0.6523288489583333 0.211774646484375 0.4622854921875
0 0.193045673828125 0.5189984088541667 0.183705162109375 0.5603537291666667 0.569646947265625 0.7502462734374999 0.58144528125 0.7094047994791667 0.193045673828125 0.5189984088541667
0 0.154220994140625 0.5850842473958333 0.14743744921875 0.6146932213541666 0.62650187890625 0.8489117734375 0.636330400390625 0.8200451171875001 0.154220994140625 0.5850842473958333
0 0.5269620703125 0.8257143828125 0.534075306640625 0.8067946354166667 0.534161478515625 0.8040995651041666 0.17225593359375 0.6284691041666667 0.17032353125 0.6474450729166666 0.5269620703125 0.8257143828125
0 0.162391365234375 0.6860205963541667 0.160981482421875 0.6983236197916667 0.51324037890625 0.8736017005208333 0.527291904296875 0.8268855026041666 0.171991599609375 0.6508520234375 0.16447991015625 0.66885203125 0.162391365234375 0.6860205963541667
0 0.658653912109375 1 0.09913167578125 0.7393051614583334 0.0908872265625 0.7742658723958334 0.572551076171875 1 0.658653912109375 1
0 0.499613501953125 1 0.086139669921875 0.7892782187499999 0.076904275390625 0.8254896640624999 0.129166736328125 0.8521258593750001 0.4338773828125 1 0.499613501953125 1