0 0.558231212890625 1 0.695180564453125 0.9557192109375 0.69396901953125 0.9171635078125 0.429967591796875 0.9970439921875 0.49345434765625 1 0.558231212890625 1
0 0.6926771875 0.8770734713541667 0.304917646484375 0.9859191171875 0.3049479765625 0.9912229505208333 0.423334732421875 0.9967351588541667 0.694020666015625 0.91519159375 0.697314509765625 0.9025118619791667 0.69622277734375 0.8876536145833334 0.6926771875 0.8770734713541667
0 0.3016166171875 0.9423302968749999 0.303490216796875 0.9838783385416666 0.693548681640625 0.8766703229166667 0.692844294921875 0.8470226302083333 0.3016166171875 0.9423302968749999
0 0.6930250546875 0.8401209010416667 0.689594923828125 0.8014618984375 0.300567998046875 0.8935598515625 0.302407798828125 0.9403928177083333 0.6930250546875 0.8401209010416667
0 0.693318404296875 0.800648140625 0.692029443359375 0.7650502760416668 0.30010583984375 0.8490233697916666 0.30145449609375 0.891977484375 0.693318404296875 0.800648140625
0 0.69134152734375 0.7630439296875 0.69214203515625 0.7324791770833333 0.2262725625 0.8223371302083334 0.223257423828125 0.8606454609375 0.69134152734375 0.7630439296875
0 0.692193681640625 0.730507265625 0.69220303125 0.7018799947916667 0.225852220703125 0.7818438802083333 0.22629838671875 0.8213511380208334 0.692193681640625 0.730507265625
0 0.696003982421875 0.6981083359375 0.695557822265625 0.658601078125 0.299532666015625 0.7154517890625001 0.30029676171875 0.7665540442708334 0.696003982421875 0.6981083359375
0 0.69494742578125 0.653636828125 0.692256806640625 0.6150122578125 0.299998369140625 0.6648624921875 0.3011876796875 0.7144431171875 0.69494742578125 0.653636828125
0 0.69167223046875 0.6090620859375 0.690967841796875 0.5794144583333333 0.390137505859375 0.6157526901041667 0.390029138671875 0.6490928932291666 0.69167223046875 0.6090620859375
0 0.691758998046875 0.5774769765625 0.6910287890625 0.5488152734375 0.38668152734375 0.5780796744791666 0.389449615234375 0.61374634375 0.691758998046875 0.5774769765625
0 0.689335962890625 0.5003654401041667 0.3289128359375 0.5220831276041666 0.329137029296875 0.5800281119791667 0.6911062578125 0.5458573697916667 0.689335962890625 0.5003654401041667
0 0.6908666796875 0.49846246093749996 0.691366615234375 0.4511019817708333 0.328951142578125 0.4627605260416667 0.329704015625 0.5201457161458333 0.6908666796875 0.49846246093749996
0 0.692157822265625 0.4491644401041666 0.693035798828125 0.4156418515625 0.329328142578125 0.42141193489583334 0.329774314453125 0.46091919531250003 0.692157822265625 0.4491644401041666
0 0.691608369140625 0.4136011380208333 0.691084744140625 0.3770516484375 0.296574662109375 0.371516015625 0.29677003515625 0.41674717447916665 0.691608369140625 0.4136011380208333
0 0.692615462890625 0.3751486692708333 0.69209183203125 0.33859931249999997 0.296857830078125 0.32012121875 0.295938416015625 0.36753775781250003 0.692615462890625 0.3751486692708333
0 0.69216930078125 0.33564140885416666 0.694045021484375 0.292293625 0.32749184375 0.26535487760416665 0.329133037109375 0.31577655729166665 0.69216930078125 0.33564140885416666
0 0.325420986328125 0.20306728385416664 0.325372615234375 0.25739077604166666 0.696315302734375 0.2904249479166667 0.69831083203125 0.27077468489583334 0.69668612109375 0.24799435156250002 0.325420986328125 0.20306728385416664
0 0.69752897265625 0.24408496093749998 0.697512453125 0.21644360937499998 0.30978037890625 0.1687205885416667 0.309993951171875 0.1984003515625 0.69752897265625 0.24408496093749998
0 0.696798763671875 0.21542325520833336 0.69601690625 0.1887333984375 0.312437796875 0.13336146093749998 0.31237683984375 0.16396057552083335 0.696798763671875 0.21542325520833336
0 0.695838275390625 0.11073936979166667 0.271671330078125 0.02188840104166667 0.27294664453125 0.11380476041666666 0.6975992734375 0.1848584375 0.695838275390625 0.11073936979166667
0 0.37545563671875 0 0.376634240234375 0.0287498359375 0.699690923828125 0.10499573177083334 0.697671697265625 0.04073629166666667 0.558260126953125 0.002407880208333333 0.506545638671875 0 0.37545563671875 0