0 0 0.5281968958333333 0.018667859375 0.5403090182291667 0.15823409765625 0.09881393489583333 0.12267944921875 0.07694066666666667 0 0.46479934635416664 0 0.5281968958333333
0 0.021725994140625 0.5417931119791667 0.05682409375 0.5622901171875 0.19486126171875 0.12005298697916666 0.1613317421875 0.10031720312499999 0.021725994140625 0.5417931119791667
0 0.231210091796875 0.14231166927083333 0.19796819921875 0.12156076302083334 0.196390330078125 0.12079503385416666 0.0611329609375 0.565535890625 0.093937455078125 0.5849198229166667 0.231210091796875 0.14231166927083333
0 0.09205957421875 0.588627328125 0.12840840234375 0.6108860104166667 0.26679438671875 0.16419933072916668 0.233561595703125 0.14345284114583332 0.09205957421875 0.588627328125
0 0.3087732890625 0.18803554687500001 0.272213884765625 0.16682938020833335 0.27082491796875 0.168464734375 0.12986699609375 0.6150579739583334 0.164408419921875 0.6375942447916666 0.3087732890625 0.18803554687500001
0 0.348944791015625 0.21214934635416668 0.3121172890625 0.19196777864583334 0.31071808203125 0.19359816666666665 0.171567564453125 0.6399138229166667 0.203815384765625 0.6613370182291667 0.348944791015625 0.21214934635416668
0 0.2076380546875 0.6631921380208333 0.24169328125 0.68433775 0.389394626953125 0.23524351302083335 0.35132625390625 0.21330505468750002 0.2076380546875 0.6631921380208333
0 0.240787796875 0.6908265651041666 0.28075143359375 0.712530078125 0.424492724609375 0.25574051822916666 0.3902568828125 0.2356619609375 0.240787796875 0.6908265651041666
0 0.2834607578125 0.7184637239583332 0.31035683984375 0.7372897526041666 0.46182108203125 0.25538042708333336 0.434475908203125 0.2386458671875 0.2834607578125 0.7184637239583332
0 0.490595044921875 0.270498953125 0.46527291015625 0.25590086979166665 0.463628486328125 0.2551028411458333 0.31417951171875 0.7391448723958334 0.343439671875 0.7556540572916667 0.490595044921875 0.270498953125
0 0.50983508203125 0.32371488020833333 0.486814515625 0.31023372916666664 0.48488379296875 0.31045146875 0.34670566796875 0.7595484375 0.369085021484375 0.7727184088541666 0.50983508203125 0.32371488020833333
0 0.371864822265625 0.7752221354166666 0.393550115234375 0.7845911614583333 0.532978970703125 0.33725587500000004 0.51274483984375 0.326281671875 0.371864822265625 0.7752221354166666
0 0.5482819921875 0.28810170052083334 0.548840595703125 0.29183690885416663 0.3936170234375 0.7938612890625 0.40417955078125 0.8059154557291667 0.4171766328125 0.8122228567708333 0.425170787109375 0.8114835416666667 0.57837909375 0.3073264609375 0.56983183203125 0.29740499479166665 0.56017122265625 0.2915620546875 0.5482819921875 0.28810170052083334
0 0.6136110078125 0.3463637135416667 0.582896998046875 0.3326131041666667 0.580387224609375 0.33485924739583334 0.427809634765625 0.8208471067708333 0.4569993203125 0.8407862083333333 0.6136110078125 0.3463637135416667
0 0.475904814453125 0.8476515130208333 0.49126597265625 0.8516420651041666 0.647874095703125 0.3699196145833333 0.619533453125 0.3538566640625 0.617849400390625 0.35303940624999997 0.46096294140625 0.8357814869791667 0.475904814453125 0.8476515130208333
0 0.695194037109375 0.43445312500000005 0.64267479296875 0.40550175 0.64195498046875 0.40746184114583334 0.494324111328125 0.8531261588541666 0.54519908984375 0.8824342890625 0.695194037109375 0.43445312500000005
0 0.758301564453125 0.4696976328125 0.7030176875 0.4382498932291667 0.7015886484375 0.4364016822916667 0.548324134765625 0.8931885078125 0.600449845703125 0.9242583177083333 0.758301564453125 0.4696976328125
0 0.80446265234375 0.4528392864583333 0.773380705078125 0.4342912942708333 0.772630552734375 0.4362366640625 0.6058015859375 0.926855484375 0.63318386328125 0.9470721692708333 0.80446265234375 0.4528392864583333
0 0.80140094921875 0.464055234375 0.635544375 0.9574553645833334 0.6491650390625 0.9709936276041667 0.66035471484375 0.9775786119791667 0.674186806640625 0.9808271197916666 0.847480861328125 0.48872693489583335 0.82788130859375 0.47806069270833335 0.802159064453125 0.4621137317708333 0.80140094921875 0.464055234375
0 0.717108814453125 1 0.89043216015625 0.5153444635416666 0.8848725625 0.5103370104166667 0.868609482421875 0.5001352291666666 0.850474427734375 0.49133440364583336 0.849288267578125 0.4884493541666666 0.677244943359375 0.9823112135416667 0.68252620703125 0.988338296875 0.6931592109375 0.996962546875 0.69852253125 1 0.717108814453125 1
0 0.760216169921875 1 0.9452145546875 0.4922776197916667 0.92716609375 0.4800546953125 0.735176943359375 1 0.760216169921875 1
0 0.792412408203125 1 0.975309724609375 0.50572790625 0.95240198046875 0.49230151041666664 0.767669328125 1 0.792412408203125 1