0 0.56335811328125 1 0.7019733046875 0.999770328125 0.704472494140625 0.9828359088541667 0.703793623046875 0.9534586666666667 0.69975056640625 0.9474731328125 0.3606393671875 0.9449596848958333 0.35989712890625 0.9908962005208334 0.490180294921875 1 0.56335811328125 1
0 0.36117952734375 0.9156676223958334 0.36195826171875 0.9425041640625 0.705909587890625 0.9462740729166667 0.7036549140625 0.8947893593749999 0.3645756484375 0.8914634270833334 0.36117952734375 0.9156676223958334
0 0.708302001953125 0.8698578645833334 0.705698779296875 0.8427903046875 0.366874998046875 0.8329644869791667 0.364803810546875 0.8856586796875 0.363516296875 0.8873158203124999 0.70429636328125 0.8940194661458333 0.708302001953125 0.8698578645833334
0 0.709669740234375 0.803961375 0.7088978046875 0.7925013984375 0.36956031640625 0.7801955338541666 0.368258873046875 0.8288557864583334 0.705762650390625 0.8411653333333334 0.70896990234375 0.8373158619791666 0.709669740234375 0.803961375
0 0.708384095703125 0.7900213489583333 0.7117829609375 0.78129696875 0.712613283203125 0.7601723515625 0.71026828515625 0.74208471875 0.3722456328125 0.7274265807291668 0.369917333984375 0.7711124322916666 0.370297572265625 0.7769881848958334 0.708384095703125 0.7900213489583333
0 0.711583123046875 0.7397324479166666 0.712889732421875 0.6909407395833332 0.374353369140625 0.6738025546875 0.37244344921875 0.7223938151041667 0.711583123046875 0.7397324479166666
0 0.3758225703125 0.6208742630208334 0.374519765625 0.6695691744791666 0.7116736171875 0.6907814010416667 0.714396353515625 0.6681595833333334 0.714808771484375 0.6421174635416667 0.3758225703125 0.6208742630208334
0 0.718463119140625 0.6268931979166666 0.7183645703125 0.61385084375 0.719003279296875 0.5976011380208334 0.7163389296875 0.587638359375 0.37853982421875 0.5672928229166666 0.375954625 0.6175146276041666 0.717438443359375 0.6374129166666667 0.718463119140625 0.6268931979166666
0 0.716588927734375 0.5501788541666667 0.7158169921875 0.5387188776041667 0.379974173828125 0.5152511770833333 0.376907740234375 0.5621667421875 0.7115266796875 0.5856726614583333 0.71601683203125 0.5802834010416666 0.716588927734375 0.5501788541666667
0 0.7190881171875 0.5332444348958333 0.719753275390625 0.48522262239583336 0.382787232421875 0.45923228125 0.381454060546875 0.5086997786458333 0.7190881171875 0.5332444348958333
0 0.385664162109375 0.4015884192708334 0.381861548828125 0.4516839296875 0.721259724609375 0.4779954375 0.722444076171875 0.46341329427083333 0.719422953125 0.4314282291666667 0.385664162109375 0.4015884192708334
0 0.723330041015625 0.3942242708333333 0.72149875390625 0.3786166848958334 0.3889909296875 0.34804957291666666 0.3877866171875 0.3942387135416667 0.718363599609375 0.4272806197916667 0.7230134296875 0.41782893489583334 0.723330041015625 0.3942242708333333
0 0.727173259765625 0.35864528125 0.726369390625 0.3479977916666666 0.726206970703125 0.33658040624999996 0.725307294921875 0.32837036979166667 0.390103185546875 0.28865296354166664 0.388245447265625 0.304817484375 0.3881523828125 0.32273475520833333 0.388250931640625 0.335777109375 0.72493651953125 0.3689026171875 0.727173259765625 0.35864528125
0 0.390190763671875 0.23977607291666667 0.38972479296875 0.2827302578125 0.727519064453125 0.3187483203125 0.7302098671875 0.29693898958333337 0.727992611328125 0.2756014192708333 0.390190763671875 0.23977607291666667
0 0.7295948671875 0.26593677604166666 0.728785513671875 0.2243296640625 0.39309962890625 0.18131972135416666 0.390677908203125 0.227382375 0.7295948671875 0.26593677604166666
0 0.7315109921875 0.21718765885416666 0.7313750234375 0.17399816666666668 0.39584881640625 0.12692579947916668 0.39413297265625 0.17057948177083335 0.7315109921875 0.21718765885416666
0 0.3967375234375 0.07321658854166667 0.3936753984375 0.12002253645833333 0.7280053515625 0.16643025260416666 0.729349380859375 0.1477856796875 0.72972986328125 0.12255604427083333 0.3967375234375 0.07321658854166667
0 0.730371314453125 0.12178615364583334 0.73344259765625 0.07474718749999999 0.398331552734375 0.017112513020833334 0.395943375 0.0623217734375 0.730371314453125 0.12178615364583334
0 0.397346505859375 0 0.3966409453125 0.013475382812499999 0.728726154296875 0.07034403125000001 0.73141969921875 0.06401451302083333 0.7332746953125 0.0323701796875 0.731251794921875 0.021637507812499998 0.666809322265625 0.010969968750000001 0.509819724609375 0 0.397346505859375 0