0 0.729513640625 0.9797012369791666 0.73306157421875 0.9496778463541666 0.42346344140625 0.8782789739583333 0.418979140625 0.909038609375 0.729513640625 0.9797012369791666
0 0.72722382421875 0.9271678723958333 0.731570607421875 0.8973515260416667 0.4005813984375 0.8248290651041666 0.39578819140625 0.8577076093749999 0.72722382421875 0.9271678723958333
0 0.426429220703125 0.78400865625 0.4225481640625 0.8106303958333334 0.716767625 0.8680975859375 0.72071659765625 0.8580700104166666 0.720803923828125 0.8404109739583333 0.426429220703125 0.78400865625
0 0.730545369140625 0.8418305989583333 0.73391541796875 0.8073406901041666 0.41348914453125 0.7419762786458333 0.409031951171875 0.7782366666666666 0.730545369140625 0.8418305989583333
0 0.419566232421875 0.7059777552083334 0.41573146875 0.7379686302083334 0.73595620703125 0.7990287760416667 0.738239564453125 0.7719929531249999 0.738061681640625 0.7675264348958333 0.419566232421875 0.7059777552083334
0 0.741234443359375 0.7628232109374999 0.74444925390625 0.7293981718749999 0.42739626171875 0.6693284453125 0.42162966015625 0.7031972291666667 0.741234443359375 0.7628232109374999
0 0.74924235546875 0.7306404166666667 0.751813556640625 0.69594346875 0.4321861328125 0.6307860989583333 0.426907896484375 0.6669916640625 0.74924235546875 0.7306404166666667
0 0.753876984375 0.6931629427083333 0.757735400390625 0.6610098125 0.435067818359375 0.5939594114583333 0.43105416015625 0.6271774088541667 0.753876984375 0.6931629427083333
0 0.761241287109375 0.6597082369791667 0.76414561328125 0.6284129401041666 0.43923671875 0.5596765442708334 0.435378302734375 0.591829671875 0.761241287109375 0.6597082369791667
0 0.7662090390625 0.6256324140625 0.768291875 0.5885986848958333 0.477555662109375 0.5242985338541667 0.473106630859375 0.5605029322916667 0.7662090390625 0.6256324140625
0 0.770510544921875 0.5847532890625 0.7748346875 0.5494055520833333 0.48491996484375 0.49084383072916665 0.4812485703125 0.5217141067708333 0.770510544921875 0.5847532890625
0 0.46647526171875 0.42970313020833334 0.4607871796875 0.47440667708333334 0.776432388671875 0.5498196328125 0.77880630078125 0.5449093671874999 0.78803351171875 0.4986762317708333 0.46647526171875 0.42970313020833334
0 0.4759676796875 0.37027747656250004 0.46950534765625 0.42029190104166664 0.78514859375 0.49571832552083334 0.789362775390625 0.47249823697916665 0.79164612890625 0.44546241406250003 0.4759676796875 0.37027747656250004
0 0.8051813046875 0.4379193359375 0.80894916796875 0.3836406536458334 0.487432966796875 0.2859457395833333 0.479049884765625 0.3434486953125 0.8051813046875 0.4379193359375
0 0.81524618359375 0.32338683333333335 0.49563816796875 0.22397626302083332 0.4906704140625 0.25805208854166667 0.4872550859375 0.28147921875 0.567473234375 0.3055849713541667 0.80606425 0.38068275 0.81524618359375 0.32338683333333335
0 0.501692615234375 0.1824463515625 0.497388544921875 0.2119697135416667 0.8190625546875 0.31995552083333334 0.828289763671875 0.27372238541666666 0.505130583984375 0.16455061197916668 0.501692615234375 0.1824463515625
0 0.82460599609375 0.27055744010416666 0.832258146484375 0.22944160677083333 0.51145023828125 0.10982818229166667 0.503843369140625 0.16200678906250002 0.82460599609375 0.27055744010416666
0 0.853781822265625 0.2239689375 0.866359677734375 0.1774990963541667 0.519011830078125 0.046586794270833336 0.51094101953125 0.09057440364583334 0.853781822265625 0.2239689375
0 0.858700755859375 0.17316794791666668 0.86699651171875 0.13332402864583334 0.52459701171875 0.0025891067708333332 0.517928654296875 0.04264338802083333 0.858700755859375 0.17316794791666668
0 0.5331259453125 0 0.866352904296875 0.13205211979166667 0.874959146484375 0.0900784609375 0.8594306171875 0.0837966328125 0.536108390625 0 0.5331259453125 0