0 0.201501375 1 0.07804193359375 0.44277370833333335 0.035198142578125 0.4586868359375 0.155131859375 1 0.201501375 1
0 0.258720916015625 1 0.1259327578125 0.4218526588541667 0.11553171484375 0.4243098177083333 0.104879130859375 0.42669605208333333 0.0984520078125 0.43089896875 0.089506275390625 0.4362581875 0.0814001015625 0.4412319609375 0.207030095703125 1 0.258720916015625 1
0 0.277780310546875 1 0.298027470703125 0.98916796875 0.167000265625 0.4209008567708334 0.133589822265625 0.4360545755208333 0.26345301171875 1 0.277780310546875 1
0 0.197972287109375 0.40900076562500004 0.167749181640625 0.42287629947916666 0.299706525390625 0.9883971067708334 0.33551726171875 0.9707041145833334 0.197972287109375 0.40900076562500004
0 0.289814333984375 0.41191516145833335 0.213678427734375 0.444365015625 0.3366181171875 0.9676943020833333 0.4138366953125 0.9327854505208334 0.289814333984375 0.41191516145833335
0 0.418080279296875 0.9340513046875 0.496184349609375 0.9019501015625 0.368179751953125 0.3771895286458333 0.29230514453125 0.40701501562500003 0.418080279296875 0.9340513046875
0 0.421715236328125 0.32631487239583334 0.39624025390625 0.33675832291666663 0.373600734375 0.3509088541666667 0.3672641953125 0.35650119531249996 0.49476665234375 0.9000965677083334 0.503478826171875 0.9011055859375 0.52058627734375 0.8982603046875001 0.534307884765625 0.8932129114583334 0.544932662109375 0.8870827942708334 0.559755125 0.8790255911458332 0.57342116796875 0.8664904088541667 0.438244498046875 0.32123067708333336 0.421715236328125 0.32631487239583334
0 0.6355741875 0.841712390625 0.65120833984375 0.8295258880208333 0.519445369140625 0.2902120833333333 0.5099214375 0.2933323515625 0.49787889453125 0.297608921875 0.477991533203125 0.3042348776041667 0.463169080078125 0.3122921171875 0.45196615234375 0.31618322135416665 0.4452776171875 0.3230105546875 0.577040578125 0.8623243203125001 0.600892060546875 0.8601394791666667 0.6179718125 0.853550265625 0.6355741875 0.841712390625
0 0.69709338671875 0.8072076588541667 0.70129099609375 0.8052805208333332 0.5563393984375 0.24077679427083332 0.511350556640625 0.25886669791666667 0.6593145625 0.824552046875 0.68284914453125 0.8175038880208333 0.69709338671875 0.8072076588541667
0 0.705488720703125 0.8033533307291667 0.71110402734375 0.8032797291666666 0.7340605234375 0.7939925651041667 0.749364037109375 0.7842521197916666 0.600657662109375 0.22287430208333334 0.55868111328125 0.24214588281250002 0.705488720703125 0.8033533307291667
0 0.75001157421875 0.7866693828125001 0.83732266796875 0.7465845546875 0.69741705078125 0.191155765625 0.606067279296875 0.23291279166666667 0.75001157421875 0.7866693828125001
0 0.941163125 0.7014154453125 0.801416439453125 0.14573171614583333 0.71604564453125 0.18242134114583333 0.851856021484375 0.7374078385416666 0.941163125 0.7014154453125
0 0.941685724609375 0.6961667083333333 0.97752425 0.6822175208333333 0.840885931640625 0.13079714322916666 0.807871359375 0.14527264322916666 0.941685724609375 0.6961667083333333
0 0.97862505078125 0.6792077343749999 0.994314802734375 0.6745089192708332 0.853094921875 0.1094838828125 0.834597458984375 0.11421952604166667 0.97862505078125 0.6792077343749999