0 0.529513142578125 1 0.816530798828125 0.9393878255208333 0.8116305625 0.9024215104166666 0.399289970703125 0.9894992890625001 0.400099421875 1 0.529513142578125 1
0 0.816198708984375 0.8992601666666666 0.80509251953125 0.8335095651041667 0.343171943359375 0.9332542526041667 0.3483755625 0.9978688333333333 0.816198708984375 0.8992601666666666
0 0.341477234375 0.9259238828125 0.343697677734375 0.9307438203124999 0.80657280859375 0.8320986354166666 0.798681751953125 0.7656690625000001 0.336888451171875 0.8664851953125 0.341477234375 0.9259238828125
0 0.794957521484375 0.7620622552083334 0.788124794921875 0.6976058307291666 0.3302231328125 0.7965018046875 0.335971912109375 0.8587694765624999 0.794957521484375 0.7620622552083334
0 0.78774296875 0.6943914973958334 0.784815640625 0.6697482682291667 0.325433689453125 0.770055171875 0.32971403125 0.7922160260416667 0.78774296875 0.6943914973958334
0 0.324241201171875 0.7461439062499999 0.326121875 0.7619760520833333 0.784561091796875 0.6676053776041666 0.78070270703125 0.6420604453125 0.323732099609375 0.7418581249999999 0.324241201171875 0.7461439062499999
0 0.780742837890625 0.6354620364583333 0.771029796875 0.5606306484375 0.345152171875 0.6516654921875 0.353904818359375 0.7253482109374999 0.780742837890625 0.6354620364583333
0 0.7685313046875 0.5534700208333333 0.7597493203125 0.47954033593749995 0.33843984375 0.5674138333333333 0.34719002734375 0.641075828125 0.7685313046875 0.5534700208333333
0 0.759789453125 0.4729419270833333 0.750290830078125 0.4068518385416667 0.331519974609375 0.49528755468749996 0.3393768984375 0.5614297734375 0.759789453125 0.4729419270833333
0 0.32498193359375 0.42637560937499996 0.331945689453125 0.48499884374999996 0.746479455078125 0.3955751744791667 0.7424869140625 0.3480921223958333 0.736980830078125 0.3294850859375 0.32498193359375 0.42637560937499996
0 0.3218599296875 0.3654122604166667 0.324052673828125 0.418552796875 0.74144832421875 0.3185401536458333 0.738306578125 0.28515562499999997 0.732545943359375 0.26440570052083334 0.3218599296875 0.3654122604166667
0 0.31270987890625 0.33000159375 0.317345361328125 0.355152140625 0.73580120703125 0.2571283203125 0.72728065234375 0.20620820052083333 0.312321173828125 0.30592058333333333 0.31270987890625 0.33000159375
0 0.728928349609375 0.19927030729166664 0.719604013671875 0.1485199296875 0.305870275390625 0.2446784921875 0.31047080078125 0.2972797786458333 0.728928349609375 0.19927030729166664
0 0.719516869140625 0.14085007552083334 0.711927373046875 0.09083165885416666 0.298615591796875 0.18360614583333335 0.304724798828125 0.23503548958333334 0.719516869140625 0.14085007552083334
0 0.711585681640625 0.0810189140625 0.70399618359375 0.031000494791666666 0.2916154609375 0.1246766875 0.29743809765625 0.17369359114583335 0.711585681640625 0.0810189140625
0 0.470486861328125 0 0.279959115234375 0.0402355078125 0.28937783203125 0.11277583854166667 0.70420372265625 0.018875122395833333 0.701526234375 0 0.470486861328125 0