0 0.181018369140625 0.9024937578125 0.23699541796875 0.883720875 0.129082724609375 0.337591453125 0.0696320625 0.35388340104166666 0.181018369140625 0.9024937578125
0 0.184168478515625 0.28236445572916663 0.131162369140625 0.2976244557291667 0.24574007421875 0.8769194270833333 0.302206908203125 0.8571793125 0.184168478515625 0.28236445572916663
0 0.30360066015625 0.8537963385416667 0.357862412109375 0.8356362682291666 0.240375345703125 0.26473516927083335 0.186343427734375 0.2840389140625 0.30360066015625 0.8537963385416667
0 0.285421638671875 0.3013489505208333 0.253060755859375 0.314136125 0.361522822265625 0.835554234375 0.39628284765625 0.8222211979166666 0.285421638671875 0.3013489505208333
0 0.397773955078125 0.8238287395833334 0.4303646640625 0.8121852005208333 0.31968897265625 0.29015897395833334 0.2862792578125 0.30104255208333336 0.397773955078125 0.8238287395833334
0 0.369392826171875 0.24805968489583333 0.313017763671875 0.26942630208333335 0.435572181640625 0.8152277213541667 0.4862155859375 0.7968314062499999 0.369392826171875 0.24805968489583333
0 0.493511232421875 0.8153658255208334 0.56641150390625 0.7893210677083333 0.4298655390625 0.14187808333333332 0.3559982265625 0.16395359375 0.493511232421875 0.8153658255208334
0 0.51282769140625 0.1110128125 0.439299685546875 0.13850758593749998 0.573962169921875 0.7903007552083333 0.649665189453125 0.7644804583333333 0.51282769140625 0.1110128125
0 0.55420231640625 0.197968359375 0.535793673828125 0.20699662760416668 0.65840984765625 0.7576790130208333 0.678664267578125 0.7482963515625 0.55420231640625 0.197968359375
0 0.680478896484375 0.7485687135416667 0.6999749921875 0.7403777239583333 0.57781847265625 0.19198261458333332 0.55723494140625 0.1993364010416667 0.680478896484375 0.7485687135416667
0 0.70403336328125 0.7377020182291667 0.745200544921875 0.7229944010416666 0.61267385546875 0.15501498958333335 0.573221912109375 0.1691098125 0.70403336328125 0.7377020182291667
0 0.66904891796875 0.133648375 0.62102055859375 0.15080725520833335 0.746686078125 0.7212379661458334 0.79682775 0.7008725781249999 0.66904891796875 0.133648375
0 0.734628294921875 0.10776760416666666 0.684256794921875 0.12698935677083334 0.801805431640625 0.702771421875 0.853892294921875 0.6829368750000001 0.734628294921875 0.10776760416666666
0 0.86167278125 0.6850601614583334 0.912733765625 0.6692693229166666 0.805765931640625 0.08280000520833333 0.75178123828125 0.10163944791666667 0.86167278125 0.6850601614583334
0 0.870366783203125 0.06049866145833333 0.816564697265625 0.0809460625 0.921310294921875 0.6662052239583334 0.972094232421875 0.6488559869791667 0.870366783203125 0.06049866145833333