0 0.472259380859375 1 0.234206330078125 0.8916144921875001 0.228381705078125 0.92059821875 0.4506303125 1 0.472259380859375 1
0 0.600304953125 1 0.244964646484375 0.84110753125 0.235814978515625 0.8836097473958334 0.48119029296875 1 0.600304953125 1
0 0.647863482421875 1 0.654727298828125 0.9719909739583333 0.252867712890625 0.7967504713541667 0.245007228515625 0.8378684869791666 0.613405052734375 1 0.647863482421875 1
0 0.65462043359375 0.9633733359375 0.662433849609375 0.9244932499999999 0.263347888671875 0.7546621380208333 0.254199494140625 0.7921271484375 0.65462043359375 0.9633733359375
0 0.663414611328125 0.9150385104166667 0.67283667578125 0.8681536796875 0.274216265625 0.7005803515625 0.263851373046875 0.7440987526041667 0.663414611328125 0.9150385104166667
0 0.672500056640625 0.8606796302083333 0.679747052734375 0.8154689869791666 0.282863818359375 0.6540660833333333 0.27350325 0.6960703567708334 0.672500056640625 0.8606796302083333
0 0.6784458671875 0.7990708697916666 0.6903958203125 0.7396071015625 0.3400436640625 0.6119870703125 0.32890614453125 0.6582590234375 0.6784458671875 0.7990708697916666
0 0.691023763671875 0.7410571171874999 0.70297371484375 0.6815933463541667 0.350212599609375 0.5538371822916667 0.34010516015625 0.6071065156250001 0.691023763671875 0.7410571171874999
0 0.34153253515625 0.5451090625 0.703203513671875 0.6804498541666667 0.7117678203125 0.6332585807291666 0.35300669140625 0.5063111614583333 0.34153253515625 0.5451090625
0 0.71285540625 0.6324213802083333 0.721021552734375 0.5826366770833333 0.360611765625 0.4618433203125 0.351352716796875 0.5008177291666667 0.71285540625 0.6324213802083333
0 0.720561955078125 0.5849236588541666 0.7274561484375 0.5506176953125 0.351540431640625 0.41754153385416665 0.34540187109375 0.44697323697916663 0.720561955078125 0.5849236588541666
0 0.727058044921875 0.5480242864583333 0.735729189453125 0.5094504739583333 0.358292271484375 0.38282972395833337 0.35137209765625 0.4138046223958333 0.727058044921875 0.5480242864583333
0 0.73447333203125 0.5065506171874999 0.74464634375 0.4513546197916667 0.37155273046875 0.326906515625 0.36021157421875 0.37896788541666665 0.73447333203125 0.5065506171874999
0 0.382421107421875 0.27282473177083333 0.3714720859375 0.3229348203125 0.74533576953125 0.44792398958333335 0.75659628125 0.3918909244791667 0.568630310546875 0.33454220052083333 0.382421107421875 0.27282473177083333
0 0.759690587890625 0.38564254166666667 0.766814607421875 0.3501929348958333 0.3871151328125 0.22679577083333333 0.38051221875 0.2550776848958333 0.759690587890625 0.38564254166666667
0 0.764011568359375 0.35041726041666665 0.770844291015625 0.32099185677083336 0.39886441015625 0.20035247916666665 0.39140376953125 0.22832795312499998 0.764011568359375 0.35041726041666665
0 0.771825013671875 0.3115370234375 0.779010529296875 0.2712070208333333 0.45740690625 0.16979109895833333 0.449363693359375 0.20981467447916669 0.771825013671875 0.3115370234375
0 0.776437314453125 0.27028770052083334 0.78441909375 0.23514453645833333 0.423589658203125 0.11848899218749999 0.416925263671875 0.15165146614583333 0.776437314453125 0.27028770052083334
0 0.782933435546875 0.23338817447916668 0.79131328515625 0.20083857291666665 0.432411755859375 0.08443824479166667 0.42490699609375 0.11650845312500001 0.782933435546875 0.23338817447916668
0 0.7907468515625 0.19450808854166668 0.79780931640625 0.16393917708333333 0.43992662109375 0.0520746328125 0.433286845703125 0.08395885156249999 0.7907468515625 0.19450808854166668
0 0.79483803125 0.16042629427083333 0.80488799609375 0.1149913828125 0.449969013671875 0.007133864583333333 0.4406406640625 0.047365750000000005 0.79483803125 0.16042629427083333
0 0.45320201171875 0 0.451486904296875 0.007117846354166666 0.80059938671875 0.1134592109375 0.805043791015625 0.09134355989583333 0.549369689453125 0 0.45320201171875 0