0 0.510248068359375 0 0.778202115234375 0.132149125 0.78293549609375 0.11150620052083333 0.624304375 0.027825669270833336 0.556044126953125 0 0.510248068359375 0
0 0.427261859375 0 0.42621910546875 0.004547591145833333 0.75580354296875 0.15931829166666667 0.76293975390625 0.128196296875 0.5016365390625 0 0.427261859375 0
0 0.425981232421875 0.005584989583333334 0.41759103125 0.038464539062500004 0.74687297265625 0.19084319791666668 0.753268166015625 0.16295287760416668 0.425981232421875 0.005584989583333334
0 0.416337041015625 0.04022209635416667 0.40593521875 0.08929712760416668 0.7497658984375 0.24874081510416668 0.75996506640625 0.20426084895833332 0.416337041015625 0.04022209635416667
0 0.4045079765625 0.09552152604166668 0.39458190234375 0.14252176041666667 0.73709397265625 0.30029355989583334 0.7457981484375 0.25862218489583333 0.4045079765625 0.09552152604166668
0 0.39196529296875 0.15393315625 0.381909974609375 0.19407450520833333 0.723817052734375 0.34706221875000004 0.734917689453125 0.309784625 0.39196529296875 0.15393315625
0 0.38214784765625 0.19303710677083333 0.37215715234375 0.2366078984375 0.715318220703125 0.3878380546875 0.723605962890625 0.351694078125 0.38214784765625 0.19303710677083333
0 0.372221775390625 0.24003733854166667 0.3652794296875 0.28144766145833333 0.702690302734375 0.4280650703125 0.71270565625 0.388098 0.372221775390625 0.24003733854166667
0 0.36073921484375 0.28640308333333336 0.353796869140625 0.32781340625 0.698191314453125 0.4625308359375 0.7050472109375 0.432631328125 0.36073921484375 0.28640308333333336
0 0.355482599609375 0.33530678124999996 0.3507691328125 0.34472904947916666 0.341512671875 0.3999428098958333 0.34224690625 0.41158578124999995 0.681129029296875 0.5406530651041667 0.683334513671875 0.5347459114583334 0.6973690625 0.47353932291666667 0.69516308203125 0.4683148411458333 0.355482599609375 0.33530678124999996
0 0.678964771484375 0.5760705625 0.682706126953125 0.5560427239583333 0.68300376171875 0.5473221692708333 0.333275109375 0.41360034635416665 0.327307654296875 0.4247801666666667 0.3211229375 0.45175256510416667 0.31612758984375 0.4735379583333333 0.317164318359375 0.4875729739583334 0.661256267578125 0.6198983619791667 0.66782871484375 0.613502625 0.67223968359375 0.6016883151041666 0.678964771484375 0.5760705625
0 0.31584570703125 0.4859010859375 0.311088232421875 0.5066490833333334 0.65870427734375 0.6347392005208333 0.660478025390625 0.6195811171875 0.31584570703125 0.4859010859375
0 0.312342224609375 0.5048915260416666 0.307346875 0.526676921875 0.6534064375 0.6541325520833333 0.656206564453125 0.6419208151041667 0.312342224609375 0.5048915260416666
0 0.3083629921875 0.525956765625 0.288684095703125 0.615490390625 0.632755431640625 0.7330606067708333 0.64928666796875 0.6572543541666667 0.3083629921875 0.525956765625
0 0.28131001171875 0.6476497812500001 0.627478203125 0.7672091302083334 0.632429541015625 0.7567494635416666 0.634679033203125 0.7395165807291666 0.2877326015625 0.6196399895833333 0.28379737890625 0.6293795 0.28131001171875 0.6476497812500001
0 0.2728111796875 0.6884256171875 0.609640455078125 0.8041780416666667 0.61571654296875 0.7851019322916667 0.619222857421875 0.7698104140625 0.2835801171875 0.6451720729166667 0.274822798828125 0.6722301328125 0.2728111796875 0.6884256171875
0 0.608704009765625 0.9047549557291666 0.613937232421875 0.8819321588541666 0.618630083984375 0.8577547213541666 0.621830302734375 0.8400868541666666 0.263751365234375 0.7130916380208333 0.26279987109375 0.7172412369791666 0.257026279296875 0.7387093880208333 0.2508415625 0.7656817838541666 0.245608341796875 0.788504578125 0.244548216796875 0.8005504635416667 0.60316829296875 0.9251857057291667 0.60489803125 0.9213533515625 0.608704009765625 0.9047549557291666
0 0.25124990625 0.8010136119791667 0.247508548828125 0.821041453125 0.578543623046875 0.9435068541666666 0.5865873203125 0.9195609895833333 0.25124990625 0.8010136119791667
0 0.2456701796875 0.8327700937500001 0.23740922265625 0.8725085286458333 0.545508138671875 0.9799523828125 0.556572080078125 0.9428348229166666 0.2456701796875 0.8327700937500001
0 0.539631802734375 1 0.5444176640625 0.9809968177083334 0.238727833984375 0.8741804166666666 0.23120169140625 0.9132726927083333 0.32046652734375 0.9496606901041668 0.4767391171875 1 0.539631802734375 1