0 0.56584969921875 0.06513859635416668 0.56588914453125 0.05827774479166667 0.557109296875 0.018737596354166667 0.554618974609375 0.0085183671875 0.160959064453125 0.12420393229166667 0.176275736328125 0.190568453125 0.56584969921875 0.06513859635416668
0 0.575999984375 0.13488195572916667 0.575788015625 0.12698940104166667 0.564725697265625 0.08159431510416666 0.5627224140625 0.07688504427083333 0.182620314453125 0.20606984375 0.196177072265625 0.2652124166666667 0.575999984375 0.13488195572916667
0 0.200934259765625 0.288245265625 0.2142396015625 0.3463561328125 0.5945850703125 0.21465865885416668 0.5836146796875 0.15910673177083332 0.200934259765625 0.288245265625
0 0.601506390625 0.26412898958333336 0.59148617578125 0.22301025260416665 0.21650234765625 0.35564149218749996 0.227505498046875 0.41132784895833335 0.60320713671875 0.28164220572916665 0.601506390625 0.26412898958333336
0 0.654451837890625 0.3655199322916667 0.6534856171875 0.3545322604166667 0.647510794921875 0.31948003125 0.636699892578125 0.27511665104166666 0.22849144140625 0.4188850989583333 0.2528591015625 0.5223910546875 0.654451837890625 0.3655199322916667
0 0.25881419921875 0.5608737057291667 0.28248678125 0.650993265625 0.681392830078125 0.4690516796875 0.66309860546875 0.3834458333333333 0.25881419921875 0.5608737057291667
0 0.28117053125 0.6561260078125 0.285424884765625 0.6770954427083334 0.6559651171875 0.5051614166666667 0.65246501171875 0.48728710416666665 0.28117053125 0.6561260078125
0 0.2890038828125 0.6812480625 0.293277958984375 0.6987870729166666 0.6481070625 0.5290970130208333 0.644389404296875 0.5138413072916667 0.2890038828125 0.6812480625
0 0.29350965234375 0.7032492031249999 0.297532314453125 0.7197565078125 0.65340652734375 0.5473324244791666 0.650192947265625 0.53414525 0.29350965234375 0.7032492031249999
0 0.29902108984375 0.7293771692708333 0.313139849609375 0.7802918854166667 0.686603443359375 0.5922632317708333 0.6768741953125 0.5488271510416667 0.29902108984375 0.7293771692708333
0 0.313603236328125 0.7892161432291666 0.32317677734375 0.8249905677083333 0.69611781640625 0.6383289296875 0.689157580078125 0.6062556927083333 0.313603236328125 0.7892161432291666
0 0.32209222265625 0.8345854401041667 0.33168548828125 0.8669294375000001 0.706697025390625 0.6782301796875 0.699739220703125 0.6461669192708334 0.32209222265625 0.8345854401041667
0 0.33296229296875 0.8686575442708334 0.3410273359375 0.8982417291666667 0.708067462890625 0.7084333880208334 0.7020531953125 0.6802420078125001 0.33296229296875 0.8686575442708334
0 0.34228441796875 0.9034002604166668 0.35240023828125 0.9343772473958333 0.715067673828125 0.7441820182291666 0.708616630859375 0.7141982916666666 0.34228441796875 0.9034002604166668
0 0.437734328125 1 0.78620394921875 0.8148796848958333 0.77576280078125 0.7509654661458334 0.350615623046875 0.9762129479166667 0.356897314453125 1 0.437734328125 1
0 0.559394166015625 1 0.767829189453125 0.9097004739583333 0.80662783984375 0.8881566380208333 0.791365544921875 0.8255266197916667 0.478261591796875 1 0.559394166015625 1