0 0.190459302734375 0.108370046875 0.201509955078125 0.14313061979166666 0.209964474609375 0.1497335390625 0.399341400390625 0.0178768359375 0.190459302734375 0.108370046875
0 0.44384948828125 0 0.211684943359375 0.16381633072916665 0.221549349609375 0.19376161197916666 0.49870481640625 0 0.44384948828125 0
0 0.51343516015625 0 0.21868515625 0.1995649609375 0.22402406640625 0.2109395234375 0.22802700390625 0.23087725260416667 0.23841396484375 0.25945552083333334 0.242495794921875 0.2656715520833333 0.540055966796875 0.07516683333333334 0.5380249140625 0.07034360416666667 0.527677400390625 0.03490448958333333 0.522146240234375 0.0122069453125 0.518477193359375 0 0.51343516015625 0
0 0.568352654296875 0.16670498958333335 0.56079044140625 0.13918421875 0.554988142578125 0.11888539322916668 0.549205568359375 0.09515614322916667 0.545463091796875 0.07979859895833334 0.22879599609375 0.276169171875 0.23175382421875 0.298840921875 0.239587173828125 0.32396297395833334 0.248174775390625 0.35218014583333335 0.256841267578125 0.3666756197916667 0.45051171484375 0.25197557552083333 0.573420427734375 0.18047827083333334 0.571389373046875 0.17565504166666668 0.568352654296875 0.16670498958333335
0 0.602358005859375 0.2500668671875 0.58475886328125 0.17784741666666667 0.564615875 0.189995765625 0.2501269375 0.3707250703125 0.268559220703125 0.4323179479166666 0.602358005859375 0.2500668671875
0 0.26749438671875 0.4384823958333333 0.286700640625 0.4997399661458333 0.62301358984375 0.327805953125 0.60262937890625 0.2546918307291667 0.26749438671875 0.4384823958333333
0 0.285152697265625 0.5004105755208333 0.30103137109375 0.558547234375 0.64655308984375 0.39631125781250004 0.629732955078125 0.3307998828125 0.285152697265625 0.5004105755208333
0 0.301223619140625 0.5698702161458333 0.31841854296875 0.6228741328125 0.66438392578125 0.47299284375 0.648022140625 0.4093623463541667 0.301223619140625 0.5698702161458333
0 0.318630513671875 0.6307666901041666 0.338107908203125 0.6896255442708333 0.649456529296875 0.5627255286458334 0.631063693359375 0.49427180468750004 0.318630513671875 0.6307666901041666
0 0.33704307421875 0.6957899895833334 0.34820400390625 0.724032953125 0.66183509765625 0.6029878723958334 0.653325421875 0.5715791067708333 0.33704307421875 0.6957899895833334
0 0.351299892578125 0.7226917317708333 0.35986776953125 0.7543393307291667 0.67345941796875 0.6401550989583333 0.66258934765625 0.6060829921875001 0.351299892578125 0.7226917317708333
0 0.360602296875 0.7608648723958332 0.37069839453125 0.7952722864583334 0.668268328125 0.6925915885416667 0.65768912109375 0.6526903385416667 0.360602296875 0.7608648723958332
0 0.67937009375 0.7311258229166667 0.6677457734375 0.6939585989583333 0.372749169921875 0.7966650885416667 0.3772746640625 0.8152358020833333 0.3807944921875 0.8296796953125 0.67937009375 0.7311258229166667
0 0.685404083984375 0.7558867786458333 0.679650052734375 0.7392973802083334 0.38129732421875 0.8317431067708334 0.392670228515625 0.8678786276041667 0.691206380859375 0.7761856067708334 0.685404083984375 0.7558867786458333
0 0.398393634765625 0.9018991484375 0.403964240234375 0.9177358437500001 0.702751810546875 0.8270745260416666 0.700760201171875 0.8153904505208334 0.6974917890625 0.801978265625 0.691198537109375 0.7901988411458333 0.394893529296875 0.8840248333333333 0.398393634765625 0.9018991484375
0 0.402919126953125 0.9204698645833332 0.415337142578125 0.9538713619791667 0.711240796875 0.8724438203124999 0.70089328125 0.8370047057291666 0.402919126953125 0.9204698645833332
0 0.414814587890625 0.955238375 0.42698118359375 0.9876081640625 0.72309680859375 0.9140731744791667 0.71332866015625 0.8810115286458333 0.414814587890625 0.955238375
0 0.5593941640625 1 0.756901400390625 0.9144346796875 0.753863255859375 0.9033827109375 0.4285389609375 0.990489265625 0.431339326171875 1 0.5593941640625 1