0 0.307675263671875 0.04055080208333333 0.3067647578125 0.06191894791666667 0.30857069140625 0.07407563802083333 0.71422684765625 0.144126203125 0.7187940859375 0.115476640625 0.720438087890625 0.0895073984375 0.309451412109375 0.029409302083333335 0.307675263671875 0.04055080208333333
0 0.715450662109375 0.16776278645833334 0.71462969140625 0.1494275703125 0.713032818359375 0.1437878046875 0.29901846875 0.071368453125 0.2907647109375 0.08400124479166667 0.286779591796875 0.10117091145833333 0.287391498046875 0.11298920572916667 0.289122783203125 0.13344250520833334 0.706719216796875 0.20687704947916666 0.711137158203125 0.19482070833333334 0.715450662109375 0.16776278645833334
0 0.286152607421875 0.14424560416666668 0.281048111328125 0.152780265625 0.2815853671875 0.17289516666666668 0.279555484375 0.1856283046875 0.72504737890625 0.271959328125 0.73338815625 0.21963896354166668 0.730092302734375 0.21682829427083336 0.286152607421875 0.14424560416666668
0 0.716271072265625 0.3426683854166667 0.72522646484375 0.278664296875 0.724539908203125 0.2751426119791667 0.2799883046875 0.19074163020833335 0.270600091796875 0.24963239583333333 0.716271072265625 0.3426683854166667
0 0.710524513671875 0.4491707213541667 0.722994169921875 0.3631222109375 0.722091912109375 0.36095359635416663 0.26918211328125 0.27418382812500003 0.261420748046875 0.3385263203125 0.710524513671875 0.4491707213541667
0 0.738001861328125 0.535145046875 0.74368848046875 0.5151304895833334 0.746300484375 0.49091745833333333 0.75151266015625 0.46605065104166665 0.752061751953125 0.46260629166666667 0.269958029296875 0.34760007291666667 0.260689328125 0.36659943229166664 0.253734033203125 0.39457220052083336 0.25282352734375 0.41594034635416666 0.254808546875 0.4348020052083333 0.735389857421875 0.5593580781249999 0.73647944921875 0.5446948984375 0.738001861328125 0.535145046875
0 0.671718056640625 0.6377990208333334 0.68606062109375 0.5556587473958333 0.687807830078125 0.5525271276041667 0.25183837109375 0.4456051015625 0.2449426484375 0.5201742421875 0.671718056640625 0.6377990208333334
0 0.691568630859375 0.6933314453125 0.697101326171875 0.6586257265625001 0.699106046875 0.65387878125 0.23462921875 0.5222419869791667 0.23067388671875 0.5627098411458333 0.691568630859375 0.6933314453125
0 0.68659835546875 0.7401658697916668 0.692383025390625 0.7038795625000001 0.690299953125 0.7012896562500001 0.226076861328125 0.5680612161458333 0.222882736328125 0.6037541432291667 0.68659835546875 0.7401658697916668
0 0.66610571875 0.7826011197916666 0.6729037578125 0.7399581145833333 0.2355095703125 0.6106598046875 0.2319572734375 0.6329427994791667 0.22941991796875 0.6488592213541667 0.66610571875 0.7826011197916666
0 0.6611354453125 0.8294355416666667 0.66861808984375 0.7903264583333334 0.237270642578125 0.6544112916666667 0.230643732421875 0.6724958072916666 0.22759890625 0.691595515625 0.6611354453125 0.8294355416666667
0 0.22462873046875 0.7023986145833333 0.21998683984375 0.7393447864583332 0.639881603515625 0.8766457213541666 0.644448841796875 0.8479961588541666 0.646404076171875 0.8435596302083334 0.64741901953125 0.8371930598958334 0.22462873046875 0.7023986145833333
0 0.230762876953125 0.7656885546875 0.22985237109375 0.7870567031250001 0.64598596484375 0.9166374739583333 0.65321134765625 0.8791421380208333 0.6503741171875 0.8812829453125 0.233300232421875 0.7497721302083334 0.230762876953125 0.7656885546875
0 0.61279184375 0.9604636744791667 0.619328783203125 0.9194584973958334 0.617254646484375 0.9168125338541667 0.23241951171875 0.7944384661458334 0.226762681640625 0.8377512083333333 0.61279184375 0.9604636744791667
0 0.607737037109375 1 0.610941044921875 0.9799017786458334 0.214494017578125 0.8442554791666667 0.216566580078125 0.8469113098958333 0.21028494921875 0.8863149739583333 0.546378576171875 1 0.607737037109375 1
0 0.497116740234375 1 0.209016271484375 0.8942731901041667 0.204672982421875 0.8980329192708334 0.19855734765625 0.9257388125 0.460585912109375 1 0.497116740234375 1