0 0.790169318359375 1 0.79022327734375 0.9987313203125 0.788230568359375 0.9815425182291667 0.388629943359375 0.9653789921875 0.386896701171875 0.9950385677083333 0.493454328125 1 0.790169318359375 1
0 0.78883444140625 0.9351671510416667 0.787238755859375 0.9261377942708333 0.388836794921875 0.9108441744791667 0.38812644140625 0.9612850703125 0.391765025390625 0.9622685807291668 0.790145689453125 0.9783753020833333 0.78883444140625 0.9351671510416667
0 0.79033124609375 0.92465359375 0.791154181640625 0.9165509453124999 0.354557748046875 0.8905238958333334 0.354828171875 0.9035171302083334 0.79033124609375 0.92465359375
0 0.80453114453125 0.9188019869791666 0.810157822265625 0.8205583255208334 0.276028515625 0.7875477552083333 0.273453001953125 0.8858851510416667 0.80453114453125 0.9188019869791666
0 0.809803390625 0.8107726692708334 0.812862373046875 0.7172940312499999 0.2776195859375 0.6801611354166667 0.27512997265625 0.7752186848958332 0.809803390625 0.8107726692708334
0 0.243192958984375 0.5955203828125 0.242639271484375 0.6166611041666666 0.240908216796875 0.6361188151041667 0.240485072265625 0.6522751614583333 0.811812779296875 0.7107323932291667 0.815536544921875 0.7084634843750001 0.818402376953125 0.6923149973958332 0.81893476953125 0.6719873802083334 0.820559345703125 0.6565951927083333 0.8186305234375 0.636967078125 0.2469030234375 0.5704561432291667 0.24551269921875 0.5769041796875 0.243192958984375 0.5955203828125
0 0.805765083984375 0.6151851927083333 0.809234791015625 0.5526613385416667 0.359942857421875 0.4983638984375 0.356369615234375 0.5648408776041667 0.805765083984375 0.6151851927083333
0 0.807007830078125 0.5444166822916666 0.808384453125 0.5151733177083333 0.38172565625 0.45948741145833333 0.379721197265625 0.48938412760416666 0.807007830078125 0.5444166822916666
0 0.803568501953125 0.5125067942708333 0.805533810546875 0.4841049322916667 0.383861330078125 0.42458071354166665 0.381225818359375 0.45525366145833335 0.803568501953125 0.5125067942708333
0 0.8013917265625 0.4790274947916667 0.802179666015625 0.4489426223958333 0.469244794921875 0.4057615625 0.4673259140625 0.4323907317708333 0.8013917265625 0.4790274947916667
0 0.799214951171875 0.44554819791666667 0.80126544140625 0.41389391666666664 0.469486642578125 0.3732089739583333 0.46815665234375 0.40067178645833335 0.799214951171875 0.44554819791666667
0 0.82600536328125 0.4020202942708333 0.8278504921875 0.354888625 0.305134330078125 0.2825187473958333 0.3014424140625 0.3302084427083333 0.82600536328125 0.4020202942708333
0 0.816934744140625 0.35193808593750003 0.817893048828125 0.315348375 0.3834322890625 0.25441462760416667 0.381847431640625 0.2916086796875 0.816934744140625 0.35193808593750003
0 0.814318353515625 0.31192555208333334 0.815340546875 0.27289652604166664 0.38514964453125 0.2121615859375 0.38228119921875 0.25172826822916666 0.814318353515625 0.31192555208333334
0 0.810319232421875 0.25475261197916665 0.811660861328125 0.20352701822916666 0.38550556640625 0.15193503645833334 0.38223279296875 0.2069396171875 0.810319232421875 0.25475261197916665
0 0.800809 0.19813716666666667 0.802214515625 0.1444722578125 0.388783611328125 0.09672912239583333 0.38555380078125 0.15009337760416666 0.800809 0.19813716666666667
0 0.801774900390625 0.13793901822916668 0.802818388671875 0.098096890625 0.33701441015625 0.044658828125 0.33460791015625 0.08990611718750001 0.801774900390625 0.13793901822916668
0 0.796761181640625 0.09618666927083334 0.796811369140625 0.0709520234375 0.375386841796875 0.025278984374999997 0.37418688671875 0.04777685677083333 0.796761181640625 0.09618666927083334
0 0.3308553671875 0 0.33082332421875 0.0012234609375 0.804535744140625 0.05584384895833333 0.805614228515625 0.037983945312499996 0.475933791015625 0 0.3308553671875 0
0 0.806415869140625 0.03069440625 0.807423419921875 0.014009177083333333 0.567734560546875 0.0028490182291666666 0.806415869140625 0.03069440625