0 0.446398154296875 0 0.21270973828125 0.13553704687499998 0.223802095703125 0.18796176822916666 0.55011265625 0 0.446398154296875 0
0 0.572309880859375 0 0.22594924609375 0.19327635416666666 0.23763115234375 0.24422274479166664 0.645698384765625 0.024459703125 0.6385846328125 0 0.572309880859375 0
0 0.238999578125 0.24614092708333335 0.24872352734375 0.2966475416666667 0.659985162109375 0.08567159895833333 0.647335251953125 0.026454026041666665 0.238999578125 0.24614092708333335
0 0.673814267578125 0.141932640625 0.66083434765625 0.08532543489583333 0.248393509765625 0.29925799479166665 0.260566138671875 0.3489294322916667 0.673814267578125 0.141932640625
0 0.261443822265625 0.35212249218749997 0.271048951171875 0.39401176822916667 0.692856689453125 0.19449536458333336 0.6807969609375 0.1440380546875 0.261443822265625 0.35212249218749997
0 0.7050099765625 0.24558475520833334 0.69325766796875 0.19838090364583336 0.269869775390625 0.3969683723958333 0.279541259765625 0.440589578125 0.7050099765625 0.24558475520833334
0 0.2799236875 0.4448645572916667 0.28797123046875 0.47996099739583337 0.700262263671875 0.2935948854166667 0.69024380859375 0.25407997135416666 0.2799236875 0.4448645572916667
0 0.70952446484375 0.3341159817708333 0.70043853125 0.2944909817708333 0.28797123046875 0.47996099739583337 0.297243453125 0.5177912630208333 0.70952446484375 0.3341159817708333
0 0.30425646875 0.588457671875 0.70698585546875 0.4242843359375 0.69997671875 0.39371653125 0.693843189453125 0.39126487760416667 0.692026 0.3833398645833333 0.689100037109375 0.3746289114583334 0.687942826171875 0.3614830130208333 0.68593643359375 0.34868327604166666 0.2871265546875 0.5248721223958334 0.30425646875 0.588457671875
0 0.30466040625 0.5932404973958333 0.32141547265625 0.6582124895833333 0.72411933203125 0.4990057708333333 0.70698585546875 0.4242843359375 0.30466040625 0.5932404973958333
0 0.74288079296875 0.5767775026041667 0.7243085390625 0.5038804921875 0.321345060546875 0.6619551223958333 0.338102408203125 0.7271573984374999 0.74288079296875 0.5767775026041667
0 0.337440146484375 0.7321480026041667 0.352496810546875 0.7978121692708333 0.762421021484375 0.6579455364583333 0.744768369140625 0.5809598984375001 0.337440146484375 0.7321480026041667
0 0.782220873046875 0.740245828125 0.763978625 0.6647384505208334 0.353275611328125 0.801208625 0.36886115234375 0.8657540130208333 0.782220873046875 0.740245828125
0 0.369559931640625 0.8762762109375001 0.38409741796875 0.9396761770833333 0.806094640625 0.8264006927083334 0.79179957421875 0.7536727083333333 0.369559931640625 0.8762762109375001
0 0.4466731171875 1 0.705428494140625 0.9391048203125 0.820961482421875 0.8920088463541668 0.808273056640625 0.8336150338541667 0.38617423046875 0.9487334453125 0.39765895703125 1 0.4466731171875 1