0 0.179497259765625 0.7559132656249999 0.23787612109375 0.7560927682291667 0.2180375859375 0.20512721354166666 0.153560626953125 0.20463073697916667 0.179497259765625 0.7559132656249999
0 0.294568966796875 0.6994971744791667 0.293065947265625 0.6841952552083334 0.294289291015625 0.6859447005208333 0.294253154296875 0.6630950520833333 0.294452376953125 0.6554884166666667 0.292860771484375 0.6435672317708333 0.293605259765625 0.6393708463541666 0.293170673828125 0.6317346406250001 0.2956115390625 0.5869987135416667 0.29694560546875 0.58452215625 0.297344095703125 0.5693087682291667 0.297609728515625 0.5591664921875 0.296718380859375 0.5447392942708333 0.297050376953125 0.5320614869791667 0.296247572265625 0.5142535494791667 0.298281853515625 0.5092709739583333 0.296955921875 0.4872075442708333 0.298010314453125 0.4711784817708333 0.29716323828125 0.45506091145833333 0.297406734375 0.4457638515625 0.295881580078125 0.43130708593749995 0.296080802734375 0.42370039062500003 0.295712625 0.4135286328125 0.29536654296875 0.4025116848958334 0.295374634765625 0.37797175 0.2946825546875 0.3559378307291667 0.292988404296875 0.32370266666666664 0.290442228515625 0.2064353359375 0.22627747265625 0.20551084374999998 0.24611596484375 0.7564764244791666 0.2886269375 0.7567633463541666 0.29181815625 0.7560657473958333 0.2935484609375 0.7384601354166667 0.294560873046875 0.724037140625 0.2940819765625 0.7180913046874999 0.294259064453125 0.7113297656249999 0.2943697421875 0.7071038671875001 0.29439187890625 0.7062586562500001 0.294568966796875 0.6994971744791667
0 0.312098568359375 0.7570944036458332 0.340709486328125 0.7550416979166666 0.332979326171875 0.2297359296875 0.298656640625 0.22842834895833333 0.312098568359375 0.7570944036458332
0 0.34516844921875 0.7544031223958334 0.37819405859375 0.7534021536458333 0.3747821640625 0.23261294010416667 0.336008396484375 0.2318599166666667 0.34516844921875 0.7544031223958334
0 0.382564474609375 0.7561443203125 0.418169716796875 0.75357103125 0.419519544921875 0.230042828125 0.380509380859375 0.22885461979166666 0.382564474609375 0.7561443203125
0 0.4218841484375 0.7571288411458333 0.45368637109375 0.7543784791666667 0.459104451171875 0.2325140859375 0.423609935546875 0.23086142447916666 0.4218841484375 0.7571288411458333
0 0.456155279296875 0.7570321067708333 0.489247296875 0.7534956119791666 0.49831841796875 0.23278115624999998 0.462951701171875 0.23100078645833333 0.456155279296875 0.7570321067708333
0 0.527406947265625 0.362627078125 0.526837365234375 0.4328366614583334 0.51987040625 0.747305484375 0.54402244921875 0.7458913567708333 0.567461623046875 0.284393109375 0.52760835546875 0.282245703125 0.5293387265625 0.33733046614583334 0.527406947265625 0.362627078125
0 0.588412755859375 0.7471120234374999 0.620781603515625 0.28658394531250003 0.57796710546875 0.2830210026041667 0.551606263671875 0.7470907083333334 0.588412755859375 0.7471120234374999
0 0.623339873046875 0.7461995911458333 0.666447658203125 0.2633236640625 0.63351059375 0.26094386458333335 0.591581880859375 0.7472595807291667 0.623339873046875 0.7461995911458333
0 0.62714280859375 0.7463766614583333 0.6556431328125 0.7485498515625001 0.707542853515625 0.2657885234375 0.674164291015625 0.2594518645833333 0.62714280859375 0.7463766614583333
0 0.691181923828125 0.7485121432291666 0.7507914453125 0.2655583515625 0.719822294921875 0.26073153385416664 0.66206992578125 0.7454642265625 0.691181923828125 0.7485121432291666
0 0.726720712890625 0.7484744322916667 0.79470289453125 0.26083317447916665 0.7631662578125 0.25344127083333334 0.69642964453125 0.7419867578125 0.726720712890625 0.7484744322916667
0 0.76343866015625 0.7518764895833333 0.8416727890625 0.2604814791666667 0.809039060546875 0.254693640625 0.731879890625 0.7453297890625 0.76343866015625 0.7518764895833333
0 0.76744090234375 0.7444468697916666 0.797731970703125 0.7509346041666666 0.88209056640625 0.2636787526041667 0.847465859375 0.25736634635416666 0.76744090234375 0.7444468697916666
0 0.8368745546875 0.7586806588541667 0.92947355078125 0.2518763098958333 0.895401599609375 0.24436634635416665 0.80536005859375 0.7504435312500001 0.8368745546875 0.7586806588541667