0 0.484043755859375 1 0.172315375 0.9154918984374999 0.168286556640625 0.9361815651041666 0.470486859375 1 0.484043755859375 1
0 0.684438158203125 1 0.689255513671875 0.9543662864583333 0.248829533203125 0.8470792630208334 0.23605573046875 0.8991233932291666 0.61930718359375 1 0.684438158203125 1
0 0.25239323828125 0.8170788125 0.2499970859375 0.8372504166666667 0.690997232421875 0.9327676484374999 0.69385117578125 0.8740609244791666 0.261670564453125 0.7805966979166666 0.25239323828125 0.8170788125
0 0.69571329296875 0.8722575182291666 0.7010657265625 0.8063901666666666 0.283138787109375 0.7247226015625 0.274936791015625 0.7798972526041666 0.69571329296875 0.8722575182291666
0 0.291659341796875 0.6738024817708334 0.286721412109375 0.715371625 0.70292784375 0.8045867604166667 0.708153001953125 0.7397908515624999 0.296361642578125 0.6550257057291667 0.291659341796875 0.6738024817708334
0 0.70760376953125 0.7374782213541667 0.7135054375 0.6739235 0.32020108203125 0.5930624244791667 0.3106900859375 0.6523204244791666 0.70760376953125 0.7374782213541667
0 0.7161713359375 0.6722898359374999 0.720338162109375 0.6094670729166667 0.331983779296875 0.5285530078125 0.322347400390625 0.5888665104166667 0.7161713359375 0.6722898359374999
0 0.727983826171875 0.5659120729166667 0.7298528203125 0.5432419921875 0.3026623125 0.4563231875 0.29189781640625 0.5122610468750001 0.723401919921875 0.6044840833333334 0.7266640625 0.5908947864583333 0.727983826171875 0.5659120729166667
0 0.730361919921875 0.5389562161458333 0.7361764453125 0.48307134635416665 0.312201068359375 0.39683151041666664 0.30318884765625 0.4518906276041667 0.730361919921875 0.5389562161458333
0 0.73909689453125 0.47929479687500004 0.74258033203125 0.43609752343749997 0.364969810546875 0.36184562760416666 0.3577220078125 0.4020512994791667 0.73909689453125 0.47929479687500004
0 0.740678083984375 0.43130251562500005 0.75115477734375 0.3500424635416666 0.333227837890625 0.2683748984375 0.321800611328125 0.343764359375 0.740678083984375 0.43130251562500005
0 0.33801728125 0.241928265625 0.3361313671875 0.25780452604166665 0.751918427734375 0.34361379166666667 0.760405728515625 0.2652285885416667 0.34797799609375 0.1858206640625 0.33801728125 0.241928265625
0 0.360510583984375 0.15661593229166668 0.358245337890625 0.17568553385416666 0.75905271484375 0.26274621354166666 0.76325279296875 0.22738854166666667 0.364576509765625 0.14319638020833333 0.360510583984375 0.15661593229166668
0 0.37102053125 0.10282096614583335 0.369834921875 0.10586555729166668 0.3647106640625 0.12125825781249999 0.36536703515625 0.1365414765625 0.76321266015625 0.2207901276041667 0.7662271328125 0.188477046875 0.37102053125 0.10282096614583335
0 0.378228201171875 0.056016880208333335 0.374249419921875 0.06176658333333334 0.3712819609375 0.07981140104166666 0.3712630859375 0.09384279947916667 0.767794564453125 0.18221811979166666 0.770809037109375 0.14990503645833334 0.378228201171875 0.056016880208333335
0 0.765691658203125 0.1444310625 0.766797 0.12818965104166666 0.42443252734375 0.04161118229166667 0.418446615234375 0.0642575625 0.765691658203125 0.1444310625
0 0.421942986328125 0 0.42059477734375 0.004556083333333333 0.418843494140625 0.019298981770833334 0.774547025390625 0.10456487239583334 0.7778963125 0.08330572135416667 0.4424635 0 0.421942986328125 0