0 0.60763603515625 1 0.323027859375 0.8801746171875 0.31245347265625 0.9209339166666667 0.498095560546875 1 0.60763603515625 1
0 0.6804541015625 1 0.684732794921875 0.9812685364583333 0.337562095703125 0.8231657578124999 0.32643289453125 0.8662017864583333 0.623405048828125 1 0.6804541015625 1
0 0.685283701171875 0.9763743255208334 0.695684310546875 0.9389616536458334 0.350935376953125 0.7656539401041668 0.34094113671875 0.8040325651041668 0.685283701171875 0.9763743255208334
0 0.69680091015625 0.9317460807291668 0.70699816796875 0.8925343541666666 0.36242301171875 0.7158800078124999 0.3514739375 0.7555433567708333 0.69680091015625 0.9317460807291668
0 0.33493350390625 0.6680407005208333 0.3307703046875 0.6824911979166667 0.327961748046875 0.6940163307291667 0.703500509765625 0.8884526380208334 0.70621433984375 0.8904838203125 0.70965285546875 0.8842741614583334 0.7138160546875 0.8698236614583333 0.71794968359375 0.8502274739583333 0.720574798828125 0.8368215911458333 0.3425056484375 0.6422348515624999 0.33834244921875 0.6566853515625 0.33493350390625 0.6680407005208333
0 0.359912708984375 0.5813377005208333 0.344980513671875 0.6320790520833334 0.7186152265625 0.8316952578125 0.7216913984375 0.8296060182291667 0.735530521484375 0.7859836901041667 0.359912708984375 0.5813377005208333
0 0.7448033984375 0.7874345052083332 0.7495766484375 0.778381171875 0.752027984375 0.768321921875 0.755233578125 0.7551675208333334 0.363913263671875 0.5385859192708333 0.35237835546875 0.5753862421875 0.743845791015625 0.7887306015625 0.7448033984375 0.7874345052083332
0 0.7546087421875 0.7471975104166666 0.7585981640625 0.7360936432291667 0.762195671875 0.7239645078125 0.764835572265625 0.7131314713541667 0.375227123046875 0.4921586197916667 0.364652591796875 0.5276514713541667 0.751532568359375 0.74928675 0.7546087421875 0.7471975104166666
0 0.751817330078125 0.6980813515625001 0.754283451171875 0.6905949479166668 0.759419044921875 0.6774211927083332 0.762232724609375 0.6632415234375 0.388500552734375 0.45085765104166664 0.386049216796875 0.46091690104166666 0.38223357421875 0.46867413541666664 0.378291048828125 0.482219078125 0.751817330078125 0.6980813515625001
0 0.758720279296875 0.6565869661458333 0.771239453125 0.6183811536458333 0.40191819140625 0.4010643671875 0.3888678046875 0.4414500520833333 0.758720279296875 0.6565869661458333
0 0.76849605078125 0.6112042864583334 0.78158091796875 0.5706771093749999 0.413405828125 0.3512904348958333 0.401519259765625 0.39216733854166663 0.76849605078125 0.6112042864583334
0 0.422571548828125 0.30051058593749996 0.41109436328125 0.34497459635416666 0.77843081640625 0.5599021276041667 0.786990138671875 0.5379458697916667 0.793808025390625 0.5152351770833333 0.422571548828125 0.30051058593749996
0 0.793575103515625 0.5082904348958334 0.807979919921875 0.46234673958333333 0.4344067421875 0.244043390625 0.42270096875 0.28944542447916666 0.793575103515625 0.5082904348958334
0 0.818831587890625 0.4362507109375 0.83150975390625 0.39212542187500005 0.445284328125 0.18887229166666666 0.433624880859375 0.2340842239583333 0.818831587890625 0.4362507109375