0 0.606555380859375 1 0.2719031796875 0.9324726041666667 0.26842888671875 0.9364984739583333 0.26797485546875 0.9451557369791667 0.2675833828125 0.9526201666666667 0.499895193359375 1 0.606555380859375 1
0 0.66161116796875 0.9992559036458334 0.664352619140625 0.9625382239583334 0.310421453125 0.89800315625 0.307736755859375 0.9336386744791666 0.66161116796875 0.9992559036458334
0 0.665391455078125 0.9582852838541666 0.667905892578125 0.9258962395833333 0.313804462890625 0.8646076432291667 0.31048478515625 0.8967955625 0.665391455078125 0.9582852838541666
0 0.66883121875 0.9238076145833333 0.670590587890625 0.89026071875 0.315450326171875 0.8332250651041666 0.31218782421875 0.8643227734375 0.66883121875 0.9238076145833333
0 0.672327736328125 0.8882477838541667 0.673973599609375 0.8568652057291667 0.317152943359375 0.800760328125 0.314638505859375 0.8331493723958333 0.672327736328125 0.8882477838541667
0 0.2885171953125 0.7556799270833333 0.285718990234375 0.7934797630208333 0.673973599609375 0.8568652057291667 0.67671505078125 0.8201475286458333 0.676187001953125 0.8146610494791666 0.2885171953125 0.7556799270833333
0 0.67798090234375 0.8115659557291667 0.679212220703125 0.7725325807291666 0.291372154296875 0.7167979348958333 0.289564466796875 0.7512661223958333 0.67798090234375 0.8115659557291667
0 0.30455375390625 0.6832285520833333 0.3055793515625 0.7103382395833333 0.679439236328125 0.7682039505208333 0.683372521484375 0.7087609583333333 0.309276634765625 0.6553952083333333 0.30455375390625 0.6832285520833333
0 0.305841830078125 0.6431130182291667 0.310088455078125 0.6554709010416667 0.6859782421875 0.7057415572916667 0.689854771484375 0.6473807239583333 0.312341345703125 0.5969586848958334 0.305841830078125 0.6431130182291667
0 0.688458146484375 0.6429007083333333 0.693260005859375 0.58245125 0.33083062890625 0.5399602812500001 0.326323046875 0.5947986328125 0.688458146484375 0.6429007083333333
0 0.32977452734375 0.5289873203125001 0.33008680078125 0.53858815625 0.696961314453125 0.5740967499999999 0.698345630859375 0.516591 0.3338385859375 0.48260591145833337 0.32977452734375 0.5289873203125001
0 0.70216044921875 0.5060721848958333 0.702732947265625 0.4484907447916667 0.33829991796875 0.42864940104166666 0.335530962890625 0.4814466380208333 0.70216044921875 0.5060721848958333
0 0.707019060546875 0.4445405651041667 0.709572984375 0.3958434635416667 0.31806613671875 0.3789151171875 0.3151104296875 0.4197181640625 0.707019060546875 0.4445405651041667
0 0.70904493359375 0.3903569817708333 0.709918466796875 0.34259065364583335 0.319808244140625 0.3301423203125 0.318476806640625 0.371084671875 0.70904493359375 0.3903569817708333
0 0.715998482421875 0.33554538281249996 0.716679529296875 0.3225594895833333 0.3318375 0.3029901953125 0.331340880859375 0.312459515625 0.715998482421875 0.33554538281249996
0 0.716849791015625 0.3193130130208333 0.716644998046875 0.2921076875 0.314641248046875 0.2731132057291667 0.313463779296875 0.2955646614583333 0.716849791015625 0.3193130130208333
0 0.717570326171875 0.2900190598958333 0.71825137109375 0.27703316666666666 0.338223509765625 0.2590001744791667 0.336915646484375 0.26838279947916666 0.717570326171875 0.2900190598958333
0 0.71917669921875 0.27494454166666665 0.71972697265625 0.2488970625 0.322650896484375 0.22927456510416666 0.320605416015625 0.2527217578125 0.71917669921875 0.27494454166666665
0 0.72475088671875 0.23087883072916668 0.72554544140625 0.21572862239583335 0.72771935546875 0.18983252083333335 0.730364564453125 0.1705050625 0.319657814453125 0.14634935416666667 0.3155592265625 0.16227895833333333 0.31366908203125 0.182764265625 0.3142867265625 0.20209755208333333 0.72475088671875 0.23087883072916668
0 0.731743923828125 0.15975917447916668 0.7329752421875 0.12072579947916667 0.36639052734375 0.09524659375 0.361327123046875 0.12957288281249998 0.731743923828125 0.15975917447916668
0 0.35499051953125 0.063735125 0.354269953125 0.07747456510416667 0.736790060546875 0.11020698177083334 0.73681228515625 0.0786730234375 0.358975599609375 0.04996983333333333 0.35499051953125 0.063735125
0 0.744180375 0.03151222135416667 0.318162556640625 0.003754072916666667 0.31666969140625 0.016664276041666665 0.316477666015625 0.03588080729166667 0.738134888671875 0.06900929427083334 0.74332906640625 0.04774458854166667 0.744180375 0.03151222135416667