0 0.63782130078125 0.9491013255208333 0.63755713671875 0.9379834635416667 0.63541599609375 0.9349222942708333 0.3141285546875 0.9466161848958333 0.312721748046875 0.9791270208333334 0.310941587890625 0.983486375 0.31094637109375 0.9915022421874999 0.41789711328125 0.9964819765624999 0.634769904296875 0.9807952473958333 0.63892359375 0.9706234270833334 0.639194732421875 0.960270859375 0.63782130078125 0.9491013255208333
0 0.35618923046875 0.9109057057291667 0.35718555078125 0.9352942916666667 0.631302634765625 0.8799433072916667 0.63109657421875 0.8666070182291666 0.629645634765625 0.8583953776041667 0.35618923046875 0.9109057057291667
0 0.358764705078125 0.8825251875000001 0.358495521484375 0.9064808151041667 0.63092928125 0.8517917968750001 0.631735689453125 0.8422045208333334 0.62978821875 0.8317486276041667 0.358764705078125 0.8825251875000001
0 0.634935263671875 0.8306620234375001 0.63276933984375 0.7861388802083332 0.341767875 0.8288578046875 0.341813076171875 0.8768501145833333 0.634935263671875 0.8306620234375001
0 0.64065071484375 0.7820636276041667 0.638484828125 0.7375404869791667 0.345192181640625 0.7711486927083334 0.345882849609375 0.820164921875 0.64065071484375 0.7820636276041667
0 0.64238678125 0.7369818229166666 0.641330162109375 0.692510328125 0.349605341796875 0.7192390937500001 0.34997309765625 0.7700101197916666 0.64238678125 0.7369818229166666
0 0.647528197265625 0.6890970468750001 0.64536230859375 0.644573953125 0.35220986328125 0.666430984375 0.35307022265625 0.715366859375 0.647528197265625 0.6890970468750001
0 0.646962806640625 0.604668390625 0.38555865625 0.6198908776041666 0.364403654296875 0.6205837447916667 0.3650999296875 0.6589183802083333 0.648845162109375 0.6388131171875 0.648852173828125 0.6173427109374999 0.646962806640625 0.604668390625
0 0.648742947265625 0.6003090624999999 0.6489436328125 0.5714439375 0.36778081640625 0.5849118723958333 0.368461201171875 0.6153929817708333 0.648742947265625 0.6003090624999999
0 0.649537 0.569990828125 0.649757052734375 0.5403862083333334 0.369285435546875 0.5507814062499999 0.369926111328125 0.5806637161458333 0.649537 0.569990828125
0 0.653659005859375 0.5398274947916667 0.65256365234375 0.496834984375 0.348799759765625 0.4967584661458333 0.34869523046875 0.5441226197916667 0.653659005859375 0.5398274947916667
0 0.654821033203125 0.49545935156250004 0.655944328125 0.4525700963541666 0.351574640625 0.43321572395833335 0.34976802734375 0.479843015625 0.654821033203125 0.49545935156250004
0 0.6559830625 0.4510911119791667 0.65681584765625 0.4192939921875 0.3937229765625 0.392977078125 0.392695115234375 0.4264694739583333 0.6559830625 0.4510911119791667
0 0.65733175 0.42079870052083335 0.65925447265625 0.389792671875 0.39530410546875 0.3538109609375 0.39434884375 0.38664586458333333 0.65733175 0.42079870052083335
0 0.65600402734375 0.38667984895833335 0.6575533984375 0.3275222630208333 0.385019056640625 0.28003531249999997 0.381384357421875 0.34532731770833336 0.65600402734375 0.38667984895833335
0 0.659907578125 0.3224492682291667 0.66147631640625 0.2625522369791667 0.388522892578125 0.20986316406250002 0.38578396484375 0.2706167395833333 0.385728646484375 0.2741453984375 0.4006655703125 0.27632166406249997 0.659907578125 0.3224492682291667
0 0.6611540859375 0.2536528046875 0.6601292265625 0.2291728307291667 0.404866625 0.17952859375 0.400984056640625 0.17934781770833333 0.40199652734375 0.18309677864583332 0.400764021484375 0.20895243489583334 0.658245234375 0.25869997395833333 0.6611540859375 0.2536528046875
0 0.40309384765625 0.14602079427083334 0.401100259765625 0.17491096354166666 0.66123853125 0.22922448177083332 0.66248340625 0.22409983333333336 0.662548521484375 0.20041095833333333 0.40309384765625 0.14602079427083334
0 0.65700195703125 0.200152703125 0.6594669609375 0.14844148958333334 0.422231724609375 0.09153959895833334 0.419565787109375 0.14837700520833333 0.65700195703125 0.200152703125
0 0.65944759375 0.14918093229166665 0.6637121484375 0.0923708984375 0.426921798828125 0.029057018229166665 0.423333765625 0.08932271874999999 0.65944759375 0.14918093229166665
0 0.3782516171875 0 0.378195068359375 0.0007307109374999999 0.669033279296875 0.08003240364583333 0.671355703125 0.054967841145833335 0.473636904296875 0 0.3782516171875 0
0 0.49023701953125 0 0.669214560546875 0.05190666927083334 0.67105981640625 0.02385851041666667 0.605245208984375 0.004595552083333333 0.50654563671875 0 0.49023701953125 0