0 0.3708665859375 0.0029292109374999997 0.172002072265625 0.00755746875 0.172989064453125 0.032751421875 0.646488962890625 0.047829408854166665 0.646024080078125 0.012318588541666666 0.3708665859375 0.0029292109374999997
0 0.172938064453125 0.033985403645833336 0.1725615546875 0.07306791145833333 0.649371779296875 0.08808073437500001 0.64921449609375 0.05250217447916666 0.172938064453125 0.033985403645833336
0 0.171689232421875 0.0742723046875 0.17132821875 0.11453846093749999 0.646902708984375 0.12329980208333334 0.64791917578125 0.08923796614583333 0.171689232421875 0.0742723046875
0 0.1695370234375 0.11339613802083333 0.17102925 0.159539453125 0.647166216796875 0.167402984375 0.647558189453125 0.129504125 0.1695370234375 0.11339613802083333
0 0.649484279296875 0.20879088020833333 0.648054064453125 0.1673823203125 0.168412158203125 0.163152546875 0.168455021484375 0.20866497135416665 0.649484279296875 0.20879088020833333
0 0.167271796875 0.21172522916666667 0.167034751953125 0.26146097395833334 0.662430228515625 0.26488712760416666 0.662895033203125 0.2155830625 0.167271796875 0.21172522916666667
0 0.6624055078125 0.3138708229166667 0.660928806640625 0.26891115885416667 0.166239908203125 0.26858377083333335 0.16891025 0.3180460390625 0.6624055078125 0.3138708229166667
0 0.17143849609375 0.32648139322916664 0.172853181640625 0.3667062265625 0.64412907421875 0.3590773385416666 0.644725927734375 0.32020257552083337 0.17143849609375 0.32648139322916664
0 0.167541578125 0.36801393489583334 0.169002751953125 0.4117898723958333 0.64753986328125 0.3994685859375 0.646997501953125 0.3580393645833333 0.167541578125 0.36801393489583334
0 0.65907737109375 0.466691078125 0.659174921875 0.4063021770833333 0.166370224609375 0.4142192369791667 0.16809438671875 0.479547953125 0.65907737109375 0.466691078125
0 0.1672535 0.4816896875 0.1671869140625 0.5444461302083333 0.661007962890625 0.5292834088541667 0.660011708984375 0.47022152083333335 0.1672535 0.4816896875
0 0.1672488984375 0.5491808854166667 0.169892375 0.61542628125 0.661894216796875 0.5969814296875 0.66260873046875 0.53291596875 0.1672488984375 0.5491808854166667
0 0.662553064453125 0.66434709375 0.663538494140625 0.6039374479166667 0.164642755859375 0.6214686640625 0.168902583984375 0.6904987760416667 0.662553064453125 0.66434709375
0 0.16913941796875 0.6935912968750001 0.169883228515625 0.7504085104166666 0.661594595703125 0.7233097239583333 0.6625840546875 0.6667143932291667 0.16913941796875 0.6935912968750001
0 0.171658927734375 0.7503671848958334 0.170658033203125 0.8095931822916667 0.661385134765625 0.7819172760416667 0.662486505859375 0.7271033776041667 0.171658927734375 0.7503671848958334
0 0.16897530859375 0.8167365598958334 0.170390052734375 0.856961390625 0.669792962890625 0.8273014557291667 0.66952277734375 0.7896945104166666 0.16897530859375 0.8167365598958334
0 0.636038640625 0.9455846145833333 0.63631125390625 0.8307252109375001 0.17842722265625 0.8603265286458334 0.1815761953125 0.9871240390625 0.636038640625 0.9455846145833333
0 0.503272611328125 1 0.6387990625 0.9968458359375 0.63879519921875 0.9526248359374999 0.183714181640625 0.9928174791666667 0.181515759765625 1 0.503272611328125 1