0 0.030687876953125 0.611854625 0.063746400390625 0.6220230156250001 0.145193078125 0.05209567708333334 0.104296458984375 0.034020453124999996 0.030687876953125 0.611854625
0 0.1815820078125 0.06754973697916666 0.145482181640625 0.050976182291666665 0.06681540234375 0.6246842499999999 0.100485908203125 0.6326910911458333 0.1815820078125 0.06754973697916666
0 0.10126392578125 0.6367430390625001 0.133744287109375 0.6491504817708333 0.216354099609375 0.12402559375 0.178179705078125 0.10981494791666667 0.10126392578125 0.6367430390625001
0 0.254893814453125 0.14002583593749998 0.2173762890625 0.1253058125 0.13458378515625 0.6495358984375 0.1694502734375 0.6615986510416666 0.254893814453125 0.14002583593749998
0 0.1712618125 0.6638705026041667 0.211008837890625 0.6808663411458333 0.3058438359375 0.16091276302083332 0.257123326171875 0.14230161458333332 0.1712618125 0.6638705026041667
0 0.3601519765625 0.18334139322916665 0.3066833359375 0.16129818229166668 0.213210548828125 0.6868859635416666 0.258728515625 0.6998323828125 0.3601519765625 0.18334139322916665
0 0.26198661328125 0.6980093645833333 0.271482744140625 0.7048734765625001 0.278171212890625 0.7117008229166667 0.296929986328125 0.7190607942708334 0.31933595703125 0.7268430520833333 0.3370216640625 0.7274494088541666 0.448434890625 0.22919758593749998 0.358967765625 0.19156317708333334 0.26198661328125 0.6980093645833333
0 0.408409458984375 0.7564671458333333 0.41431393359375 0.7554212630208333 0.53642546875 0.26802579427083334 0.449375673828125 0.23056533593749998 0.344316083984375 0.7282938984374999 0.350715462890625 0.7362406848958334 0.360500703125 0.74198528125 0.370024623046875 0.7451055859375 0.385714375 0.7498044036458333 0.39552740625 0.7518051953125 0.408409458984375 0.7564671458333333
0 0.415909748046875 0.7674237682291666 0.45704668359375 0.7863098776041667 0.583783828125 0.28100275 0.538449169921875 0.26018945052083337 0.415909748046875 0.7674237682291666
0 0.630536189453125 0.29996249479166665 0.585752044921875 0.280654140625 0.455890265625 0.7907878541666666 0.496031517578125 0.8087790182291666 0.630536189453125 0.29996249479166665
0 0.51240016796875 0.8192361510416667 0.52108449609375 0.8219709114583332 0.5283789140625 0.8228154036458334 0.5334439453125 0.8213841276041666 0.681016349609375 0.30843433854166663 0.637074408203125 0.28918995052083335 0.49873412109375 0.8067009713541666 0.51240016796875 0.8192361510416667
0 0.539926544921875 0.8180993411458334 0.548844587890625 0.8272024557291666 0.5628274375 0.8348741901041666 0.5794122890625 0.8324707395833334 0.7317355234375 0.3226315598958333 0.684432767578125 0.30216690104166666 0.539926544921875 0.8180993411458334
0 0.82675265234375 0.383785125 0.7279494140625 0.340928640625 0.5793568046875 0.8399584765625 0.670604205078125 0.8793460703124999 0.82675265234375 0.383785125
0 0.692982369140625 0.8908722083333332 0.71229164453125 0.8997371640625 0.731889916015625 0.9074825546874999 0.748391357421875 0.9163106692708333 0.931282412109375 0.4117398046875 0.84208994140625 0.36861268229166666 0.674485029296875 0.8861365807291667 0.692982369140625 0.8908722083333332
0 1 0.43621410677083333 0.940861833984375 0.4073723177083333 0.75794308984375 0.91568709375 0.77418325 0.921890765625 0.7884553046875 0.9284431145833333 0.803016353515625 0.9338758984375 0.816999296875 0.9415477604166668 0.834629458984375 0.9496418307291666 1 0.5233752135416666 1 0.43621410677083333