0 0 0.4597315989583333 0.000135494140625 0.46733951041666666 0.0298083671875 0.9024213619791667 0.083027984375 0.8976302395833334 0.040299794921875 0.27930680989583334 0 0.2791480859375 0 0.4597315989583333
0 0.0926936640625 0.27927158333333335 0.040315291015625 0.2804906067708333 0.08500504296875 0.9129784322916666 0.13107603515625 0.9048011614583333 0.0926936640625 0.27927158333333335
0 0.13377237890625 0.16108327864583333 0.086705109375 0.16099453385416665 0.13123101171875 0.9166392395833333 0.172758890625 0.9172428046875 0.13377237890625 0.16108327864583333
0 0.18174086328125 0.9083586588541667 0.23246768359375 0.9166514375 0.24930428125 0.9138912708333334 0.270564244140625 0.9098439557291668 0.296170083984375 0.8985905364583333 0.2808121484375 0.20029108333333334 0.215024265625 0.1947172083333333 0.145724375 0.19510565885416667 0.18174086328125 0.9083586588541667
0 0.355431263671875 0.20210692447916667 0.341211443359375 0.20125370572916668 0.31365965625 0.199526609375 0.291465404296875 0.2000431432291667 0.28350647265625 0.20259669791666668 0.30581156640625 0.8888928619791666 0.3255129609375 0.9014601484375001 0.344156146484375 0.9010262578125 0.365447103515625 0.8993465442708333 0.385834767578125 0.8965037317708333 0.405288201171875 0.8901301432291667 0.411409611328125 0.8828827109374999 0.407887125 0.20680691666666665 0.389197505859375 0.20368940885416667 0.37229891796875 0.20171435677083335 0.355431263671875 0.20210692447916667
0 0.45613220703125 0.2968647421875 0.416151630859375 0.29542690625 0.422904115234375 0.8790627526041667 0.4593643671875 0.8754109088541666 0.45613220703125 0.2968647421875
0 0.468288837890625 0.8862955807291667 0.534778486328125 0.8776431744791666 0.539633365234375 0.2309765078125 0.460674994140625 0.2294486953125 0.468288837890625 0.8862955807291667
0 0.53649208984375 0.8728666510416666 0.603043732421875 0.8689494453125 0.6160440859375 0.23494869531249998 0.542327689453125 0.23328214322916666 0.53649208984375 0.8728666510416666
0 0.650037837890625 0.32077183072916665 0.61896586328125 0.3214949817708333 0.6048348203125 0.8700918802083333 0.6350847578125 0.8687167317708333 0.650037837890625 0.32077183072916665
0 0.6349879453125 0.8670217942708334 0.66341208984375 0.8675444687499999 0.685534955078125 0.32058427864583333 0.653604400390625 0.321872984375 0.6349879453125 0.8670217942708334
0 0.702757154296875 0.34559648437499996 0.68677730078125 0.345968390625 0.6661064140625 0.8698500833333332 0.68474948046875 0.8694161953125 0.702757154296875 0.34559648437499996
0 0.68566833203125 0.8717631302083334 0.70076033203125 0.8714118880208334 0.72495140625 0.3450799479166667 0.705420486328125 0.3455345 0.68566833203125 0.8717631302083334
0 0.728343232421875 0.8755065807291667 0.7567363828125 0.87366165625 0.767327587890625 0.8686784401041666 0.7734954921875 0.8649824505208333 0.815652119140625 0.21863178385416668 0.732066890625 0.2192256328125 0.705137263671875 0.8665733802083334 0.728343232421875 0.8755065807291667
0 0.845373791015625 0.8609412760416667 0.896470134765625 0.21911921354166666 0.825402083984375 0.21722070833333332 0.8201065390625 0.21971229427083336 0.775255466796875 0.8637572890624999 0.784210681640625 0.8694697109375 0.799318298828125 0.8703023072916666 0.817992359375 0.8722360208333333 0.83130888671875 0.8719260989583333 0.845373791015625 0.8609412760416667
0 0.92927108984375 0.21480332291666668 0.919505630859375 0.21503059895833332 0.907821369140625 0.21513522395833332 0.849843587890625 0.8632055703125 0.85789556640625 0.8677548125 0.87304955859375 0.8721387708333334 0.88725394140625 0.8718081848958333 0.9058970078125 0.8713742994791667 0.91553848828125 0.861676625 0.981742447265625 0.2206871171875 0.9621340390625 0.21522264843750002 0.944409703125 0.21800349739583333 0.92927108984375 0.21480332291666668