0 0.18035019921875 0.84247365625 0.2009386171875 0.8417873489583334 0.1364969375 0.17559748697916666 0.104010423828125 0.17158615104166666 0.18035019921875 0.84247365625
0 0.203728203125 0.851702375 0.229614849609375 0.8517585546875001 0.171432419921875 0.175797578125 0.13570675 0.17429624739583335 0.203728203125 0.851702375
0 0.229865962890625 0.18034859375 0.1817176484375 0.17955366406249998 0.2314737421875 0.8508285963541667 0.270216564453125 0.8534336640625 0.229865962890625 0.18034859375
0 0.28394190234375 0.830799765625 0.31503394921875 0.8327759713541667 0.29781238671875 0.17915597395833335 0.25152302734375 0.17743105989583333 0.28394190234375 0.830799765625
0 0.319032693359375 0.8500034557291666 0.358072115234375 0.8530933177083333 0.348344798828125 0.18618808854166666 0.299114361328125 0.18529096354166666 0.319032693359375 0.8500034557291666
0 0.4079865 0.8541357994791667 0.408656525390625 0.18873704947916667 0.360305587890625 0.18393649479166665 0.366390765625 0.8494970781250001 0.4079865 0.8541357994791667
0 0.4111499296875 0.8819607057291666 0.4412660859375 0.8849906901041668 0.45387224609375 0.147453296875 0.412541056640625 0.14412351822916666 0.4111499296875 0.8819607057291666
0 0.447447380859375 0.8858569296875 0.47500721875 0.8873381354166666 0.501533892578125 0.14873935156249998 0.459356171875 0.14584080208333333 0.447447380859375 0.8858569296875
0 0.486669888671875 0.8639718671875 0.529334271484375 0.8663793437499999 0.557330986328125 0.19409554947916666 0.50671916796875 0.19057438802083335 0.486669888671875 0.8639718671875
0 0.5688567421875 0.17912199479166668 0.53625812890625 0.8578255494791667 0.56470109375 0.8594305130208334 0.57566882421875 0.856205515625 0.618955607421875 0.18249296874999998 0.5688567421875 0.17912199479166668
0 0.57673747265625 0.8539742682291668 0.616845654296875 0.8548329817708332 0.67251984765625 0.18448444791666666 0.624439533203125 0.18088047656249998 0.57673747265625 0.8539742682291668
0 0.69633707421875 0.18619409635416664 0.69224800390625 0.19276409114583334 0.685462162109375 0.188241625 0.677793193359375 0.18359537760416667 0.620144419921875 0.8469617109375 0.627208841796875 0.8479517109375 0.63868830078125 0.8495604322916667 0.643474857421875 0.8454692083333333 0.70614333984375 0.1863778359375 0.69633707421875 0.18619409635416664
0 0.64691419140625 0.8471416536458333 0.6695470234375 0.8431703828125 0.73830565625 0.18453881510416667 0.70828063671875 0.18191532552083334 0.64691419140625 0.8471416536458333
0 0.673683837890625 0.8473216588541667 0.737912412109375 0.84798903125 0.816947275390625 0.25309753125 0.805979544921875 0.25632253385416665 0.799612609375 0.2578113020833333 0.7872500234375 0.25607882291666667 0.772331232421875 0.2527976171875 0.76154901953125 0.25366761197916665 0.738159869140625 0.24867190885416668 0.673683837890625 0.8473216588541667
0 0.86834928125 0.25791993229166665 0.857752830078125 0.2564349557291667 0.846087609375 0.25718122656250003 0.83902330859375 0.25619124479166666 0.830983177734375 0.25625501041666665 0.825773177734375 0.2583314375 0.744000888671875 0.8500327265625001 0.7492063515625 0.8519527552083334 0.76988752734375 0.8500889895833333 0.787548400390625 0.8525639661458334 0.806556265625 0.84927515625 0.9020904140625 0.2602673776041667 0.891401140625 0.25995989583333334 0.879828861328125 0.25952866927083335 0.86834928125 0.25791993229166665
0 0.84759508203125 0.8609788463541667 0.964134060546875 0.25467604427083335 0.92560100390625 0.2500638619791667 0.817200462890625 0.8614813828125 0.84759508203125 0.8609788463541667
0 1 0.25735021614583337 0.993274396484375 0.25875974218750003 0.973292509765625 0.25543804427083333 0.8498729453125 0.8660600703125 0.880638845703125 0.8608475572916667 1 0.28892566406250003 1 0.25735021614583337