0 0.4472971875 0 0.2785076328125 0.06453283333333333 0.1514480625 0.13189408854166665 0.1517923359375 0.14530467187499999 0.154603453125 0.17018580208333334 0.159422384765625 0.18865670312500002 0.164794078125 0.19788812760416666 0.516787083984375 0.0159139140625 0.515551033203125 0.006229833333333334 0.514211251953125 0 0.4472971875 0
0 0.16637440234375 0.22098279166666668 0.171089091796875 0.2507787213541667 0.177024060546875 0.2665658984375 0.5338202265625 0.07936975 0.525188896484375 0.043171635416666666 0.5187189296875 0.020960184895833334 0.16681240625 0.20727312499999997 0.16637440234375 0.22098279166666668
0 0.181290591796875 0.28640478125 0.1904799375 0.32126103125 0.525930373046875 0.14109741927083333 0.51587059765625 0.10219377604166667 0.181290591796875 0.28640478125
0 0.195304126953125 0.34762954166666665 0.207184578125 0.3949991171875 0.53971965234375 0.20127940364583333 0.522944966796875 0.14689853385416665 0.195304126953125 0.34762954166666665
0 0.20562528125 0.40349489843749997 0.223002697265625 0.48036131510416663 0.570625287109375 0.28200175260416666 0.546234125 0.200078296875 0.20562528125 0.40349489843749997
0 0.218762810546875 0.4921389973958334 0.238601814453125 0.5725783489583333 0.591809841796875 0.3686977682291666 0.5650765234375 0.28769329427083334 0.218762810546875 0.4921389973958334
0 0.23749103515625 0.5831596848958334 0.25027377734375 0.6425979791666666 0.60616765234375 0.443333109375 0.585374140625 0.3781383151041667 0.23749103515625 0.5831596848958334
0 0.247149927734375 0.6516919348958333 0.2588166328125 0.7138139505208333 0.6237640703125 0.5133446979166667 0.601634099609375 0.44980869270833335 0.247149927734375 0.6516919348958333
0 0.256026541015625 0.7205232656249999 0.26914830078125 0.7854745286458332 0.638340880859375 0.5811252031249999 0.620191703125 0.5203530937499999 0.256026541015625 0.7205232656249999
0 0.64082875390625 0.6241861953125 0.630018322265625 0.5936018411458334 0.269153556640625 0.7933721406249999 0.27688259375 0.8175015338541667 0.279568443359375 0.8221172473958333 0.64082875390625 0.6241861953125
0 0.654060013671875 0.6857100442708334 0.63652908203125 0.631749296875 0.2733102265625 0.8245099322916666 0.280606517578125 0.8702466041666667 0.286087712890625 0.8760506119791667 0.654060013671875 0.6857100442708334
0 0.28790280859375 0.9159832734375 0.2929407421875 0.9275993411458333 0.715891419921875 0.7094679401041667 0.700381654296875 0.6649053776041667 0.284189400390625 0.8790334244791667 0.28330287890625 0.8906575390625 0.28790280859375 0.9159832734375
0 0.2891441171875 0.9335649661458333 0.301478341796875 0.990917703125 0.7406430859375 0.7812579453125 0.719086484375 0.7164514609375 0.2891441171875 0.9335649661458333
0 0.414710333984375 1 0.7499629609375 0.8442772213541666 0.7353966640625 0.7922919348958333 0.29745745703125 0.9958405468749999 0.29817689453125 1 0.414710333984375 1
0 0.54795683203125 1 0.76375223828125 0.9044592057291667 0.74892028125 0.8551752083333333 0.429332802734375 1 0.54795683203125 1