0 0.423524646484375 1 0.636933671875 0.9556307317708334 0.634631189453125 0.9148230052083334 0.3650086015625 0.9681143151041667 0.36677330859375 1 0.423524646484375 1
0 0.36142069921875 0.9227408828125 0.3629879296875 0.962613609375 0.365148935546875 0.9627990911458334 0.633418763671875 0.9121144088541667 0.629063013671875 0.8723812630208333 0.36142069921875 0.9227408828125
0 0.63163783984375 0.8697668307291666 0.628115802734375 0.8319928229166668 0.359432171875 0.8795543020833333 0.361754392578125 0.9179023046875 0.63163783984375 0.8697668307291666
0 0.35661637109375 0.8390152187500001 0.35919546875 0.8735322161458333 0.36045958984375 0.8745942083333333 0.62847956640625 0.8308811145833334 0.625491615234375 0.7963286510416667 0.35661637109375 0.8390152187500001
0 0.631544185546875 0.7948194270833334 0.626845701171875 0.7582139140624999 0.3543559453125 0.8022393411458334 0.356103578125 0.836335328125 0.631544185546875 0.7948194270833334
0 0.627594515625 0.7565321536458334 0.625098068359375 0.7241179270833333 0.35271659375 0.7605317630208334 0.353669552734375 0.795142859375 0.627594515625 0.7565321536458334
0 0.621677 0.7200118229166667 0.618838080078125 0.6892509609375 0.351162404296875 0.7209908125000001 0.35245743359375 0.7539383307291666 0.621677 0.7200118229166667
0 0.620742056640625 0.6858590494791666 0.61788184765625 0.6545565260416667 0.348795529296875 0.6815066484375 0.3502392421875 0.7182369010416667 0.620742056640625 0.6858590494791666
0 0.616064859375 0.6497951901041666 0.6139747578125 0.6173525677083334 0.34644994140625 0.6425641432291667 0.34866337109375 0.6781443541666666 0.616064859375 0.6497951901041666
0 0.61297045703125 0.6125344453125 0.609876056640625 0.5752736979166667 0.345131771484375 0.5986615442708333 0.346638564453125 0.6369966145833333 0.61297045703125 0.6125344453125
0 0.61160970703125 0.5675485286458334 0.60815154296875 0.5313994895833333 0.34259457421875 0.5548441276041667 0.344143529296875 0.5942518984375 0.61160970703125 0.5675485286458334
0 0.60843014453125 0.52812115625 0.606423375 0.5081650338541667 0.334301041015625 0.5304390052083333 0.335168294921875 0.5525032786458334 0.60843014453125 0.52812115625
0 0.60511918359375 0.5060835911458333 0.60306983203125 0.48504415364583336 0.33338555859375 0.5071477604166666 0.33418869921875 0.5275808854166667 0.60511918359375 0.5060835911458333
0 0.60213159765625 0.45080768489583334 0.600593212890625 0.44276801302083335 0.343741607421875 0.4596297552083333 0.345229041015625 0.49747233854166667 0.602189984375 0.48339227864583334 0.6035385859375 0.4762371640625 0.60213159765625 0.45080768489583334
0 0.600298806640625 0.4145450703125 0.598162466796875 0.4016588828125 0.34161075 0.41578394270833335 0.343528705078125 0.4542131875 0.599267732421875 0.4401449140625 0.601492890625 0.43455797916666666 0.600298806640625 0.4145450703125
0 0.33905226171875 0.3714248671875 0.341415408203125 0.4108141380208334 0.59760708984375 0.39789567708333334 0.597119244140625 0.3751176953125 0.5957104296875 0.3600080911458334 0.33905226171875 0.3714248671875
0 0.316214951171875 0.3398275625 0.317577560546875 0.3641280052083333 0.60206048828125 0.3557010651041667 0.602853712890625 0.34478274479166665 0.601893822265625 0.3307280598958333 0.316214951171875 0.3398275625
0 0.600783072265625 0.32320165104166665 0.60061275 0.3188683984375 0.6010422109375 0.30906178385416666 0.599825009765625 0.29882709375 0.31438216015625 0.30356494791666666 0.3153593671875 0.32842657291666666 0.315040330078125 0.3306761822916667 0.600783072265625 0.32320165104166665
0 0.598119958984375 0.26581441666666666 0.312228185546875 0.2694973515625 0.31233463671875 0.2722056354166667 0.312862603515625 0.29600428385416666 0.598265333984375 0.290245765625 0.599486193359375 0.27984070833333335 0.598119958984375 0.26581441666666666
0 0.311186791015625 0.23263629166666666 0.311478392578125 0.26078785416666667 0.5964964140625 0.25560812239583336 0.596883296875 0.24471819531250003 0.5967573828125 0.2311483802083333 0.311186791015625 0.23263629166666666
0 0.596141791015625 0.20512045833333334 0.594197064453125 0.1971091796875 0.308092388671875 0.195375546875 0.30964524609375 0.22451623958333333 0.596052974609375 0.223593578125 0.5957974921875 0.21709369791666666 0.596141791015625 0.20512045833333334
0 0.593730505859375 0.17487285416666667 0.591379435546875 0.16688997395833335 0.306044865234375 0.164016234375 0.307576123046875 0.19260734635416665 0.59248653125 0.19505613020833334 0.593301044921875 0.18467946614583333 0.593730505859375 0.17487285416666667
0 0.590636103515625 0.13761210677083333 0.5898909453125 0.11865411979166667 0.5879693359375 0.10086462239583333 0.313135822265625 0.095627671875 0.314328078125 0.12596045572916667 0.315495216796875 0.15565427343750002 0.59121094140625 0.15223684114583333 0.590636103515625 0.13761210677083333
0 0.58720105859375 0.0916848515625 0.5846869765625 0.038089216145833334 0.308955615234375 0.030742424479166666 0.31212706640625 0.0906961171875 0.58720105859375 0.0916848515625
0 0.490180291015625 0 0.307543666015625 0.012762106770833332 0.308437751953125 0.027933520833333333 0.58325504296875 0.032757830729166666 0.58330128125 0.013201395833333332 0.5822290703125 0 0.490180291015625 0