0 0.930441947265625 0.7987022421875 0.973843240234375 0.7946556901041667 0.985017509765625 0.29624891927083336 0.939793658203125 0.2981559609375 0.930441947265625 0.7987022421875
0 0.88065462890625 0.799783625 0.92424174609375 0.7992803229166667 0.929288677734375 0.3015091458333333 0.88601115234375 0.30791790104166666 0.88065462890625 0.799783625
0 0.841538322265625 0.3085037421875 0.840158234375 0.8083068229166667 0.879192802734375 0.8058542369791667 0.884177791015625 0.30690196354166666 0.841538322265625 0.3085037421875
0 0.796571111328125 0.808810046875 0.8382629296875 0.8061097916666666 0.836347716796875 0.31136143489583334 0.792197271484375 0.315531921875 0.796571111328125 0.808810046875
0 0.789837068359375 0.3240059895833333 0.747793552734375 0.3275035130208333 0.749223087890625 0.38120204166666666 0.755374837890625 0.8209591536458333 0.795933171875 0.8136170104166666 0.789837068359375 0.3240059895833333
0 0.740235455078125 0.3286306328125 0.700194796875 0.33455194531250004 0.71456884765625 0.8235768177083332 0.72620730859375 0.8248654401041667 0.75253176171875 0.8176635755208334 0.740235455078125 0.3286306328125
0 0.696216017578125 0.8300355234375 0.710901888671875 0.8215449661458334 0.693353150390625 0.3341886145833333 0.654476287109375 0.3401198072916667 0.670157841796875 0.8253437682291667 0.675905935546875 0.8331159791666667 0.696216017578125 0.8300355234375
0 0.66844825 0.8266900755208333 0.6475423828125 0.34320734114583334 0.6333085 0.34334757552083334 0.606736275390625 0.34582505468749997 0.628837681640625 0.8351306822916666 0.646552578125 0.8334790208333334 0.66844825 0.8266900755208333
0 0.58430279296875 0.8345354401041667 0.62504695703125 0.8307366276041667 0.60243149609375 0.3486001588541667 0.561749275390625 0.35358006770833333 0.58430279296875 0.8345354401041667
0 0.562283236328125 0.8389621927083333 0.58323125390625 0.8310746901041667 0.55643490234375 0.3540755572916667 0.511611900390625 0.35996619010416664 0.518422525390625 0.46087780729166666 0.5436206875 0.8395152994791667 0.562283236328125 0.8389621927083333
0 0.506957173828125 0.36106239062499995 0.46532741796875 0.3649437734375 0.49939551171875 0.844825578125 0.51723429296875 0.8455361093749999 0.540015791015625 0.8386645729166666 0.506957173828125 0.36106239062499995
0 0.461660578125 0.36291191406249995 0.421802123046875 0.36662814583333336 0.45874594140625 0.8452319296874999 0.49731437890625 0.8390852161458334 0.461660578125 0.36291191406249995
0 0.41524828515625 0.8558137812500001 0.451689439453125 0.8516472317708333 0.45757992578125 0.8451636302083334 0.418321109375 0.36813957031250005 0.376691296875 0.3720209583333333 0.41524828515625 0.8558137812500001
0 0.378093064453125 0.8566674505208334 0.415188169921875 0.8514897994791667 0.3740959921875 0.37344980468750005 0.33429959765625 0.3783471223958333 0.376172107421875 0.8373243802083333 0.378093064453125 0.8566674505208334
0 0.29749497265625 0.42331925000000004 0.338066681640625 0.8574934479166667 0.3418500859375 0.856249234375 0.376853482421875 0.8503165572916668 0.33246612109375 0.37733123697916665 0.292793609375 0.3845907083333333 0.29749497265625 0.42331925000000004
0 0.299279880859375 0.8646703411458333 0.339014390625 0.8585919192708333 0.29019830859375 0.38601959635416666 0.248922923828125 0.3909845078125 0.299279880859375 0.8646703411458333
0 0.245849302734375 0.3889675963541666 0.20605884375 0.39498097395833337 0.260183427734375 0.8659417838541666 0.270998123046875 0.8684941223958332 0.29833223046875 0.8635718645833333 0.245849302734375 0.3889675963541666
0 0.20434331640625 0.3952112213541667 0.1643733125 0.40278334374999997 0.220510861328125 0.8732013411458334 0.237339927734375 0.8716322708333334 0.25828800390625 0.8637447630208334 0.20434331640625 0.3952112213541667
0 0.11849399609375 0.40444908854166667 0.127891048828125 0.4818599322916666 0.179642869140625 0.8746379557291667 0.18590501171875 0.8752409296875 0.22020114453125 0.8672958177083333 0.159170544921875 0.3994229375 0.11849399609375 0.40444908854166667
0 0.13801299609375 0.8785193489583333 0.14256560546875 0.8804686249999999 0.16198997265625 0.8774706666666666 0.17844738671875 0.8688150182291667 0.11583113671875 0.40465059114583335 0.095397111328125 0.4053689010416666 0.072491728515625 0.4098782447916667 0.13801299609375 0.8785193489583333
0 0.13700340234375 0.876239734375 0.073439439453125 0.4109767552083334 0.031952458984375 0.41643496354166665 0.0984024296875 0.886959953125 0.13700340234375 0.876239734375
0 0 0.48748857552083336 0.04735132421875 0.8300022682291667 0.0566124609375 0.8866409348958334 0.096197349609375 0.87885740625 0.02997614453125 0.41384221614583333 0 0.4197435677083334 0 0.48748857552083336