0 0.470486861328125 0 0.3676644296875 0.02171396354166667 0.20018675 0.09824070833333333 0.209667607421875 0.14777958854166667 0.56170243359375 0 0.470486861328125 0
0 0.5748877578125 0.058666408854166664 0.56794280859375 0.00020149218749999998 0.215068828125 0.147837625 0.224549744140625 0.19737649479166666 0.5748877578125 0.058666408854166664
0 0.222335255859375 0.20144006770833334 0.232181234375 0.23891558072916666 0.57158583203125 0.12169241927083334 0.566340466796875 0.07251908593749999 0.222335255859375 0.20144006770833334
0 0.575665482421875 0.1711733385416667 0.570387322265625 0.12674002604166668 0.23172090234375 0.24260863020833334 0.239969623046875 0.2798648046875 0.575665482421875 0.1711733385416667
0 0.24096759375 0.28260795312500003 0.246706134765625 0.323348125 0.54172666015625 0.23986963020833332 0.53657103125 0.19021694791666666 0.24096759375 0.28260795312500003
0 0.25076994921875 0.32728451822916665 0.258262595703125 0.3676542578125 0.552660080078125 0.29029327604166666 0.546329685546875 0.24209441666666667 0.25076994921875 0.32728451822916665
0 0.608917970703125 0.34514415625 0.600401482421875 0.2810180286458333 0.255171076171875 0.37190296093749997 0.26419155078125 0.42513498177083336 0.608917970703125 0.34514415625
0 0.622426896484375 0.42859266927083334 0.607310685546875 0.36945618229166666 0.2705372734375 0.4861236901041666 0.281172951171875 0.5378159505208333 0.622426896484375 0.42859266927083334
0 0.27586701171875 0.5461282890625 0.28441920703125 0.5802811041666667 0.6149659375 0.4793121354166667 0.607151859375 0.4438047786458333 0.27586701171875 0.5461282890625
0 0.284236671875 0.5863127421875 0.29237224609375 0.6169577838541667 0.619962044921875 0.5239235234375 0.612291125 0.48706883854166666 0.284236671875 0.5863127421875
0 0.6414996953125 0.5815853411458333 0.629943283203125 0.5372793619791667 0.286605845703125 0.6289631223958333 0.297832810546875 0.6670944322916667 0.6414996953125 0.5815853411458333
0 0.296729630859375 0.6687772994791666 0.306393072265625 0.7122844505208333 0.646708484375 0.6408784296875 0.634899974609375 0.586574984375 0.296729630859375 0.6687772994791666
0 0.3043175390625 0.7175172656250001 0.311488705078125 0.7627494791666667 0.65229806640625 0.7027637968749999 0.6413845703125 0.6487330338541667 0.3043175390625 0.7175172656250001
0 0.30080521875 0.8393206666666666 0.6830345703125 0.81014271875 0.671268240234375 0.7477486067708333 0.2892923828125 0.7878134869791666 0.30080521875 0.8393206666666666
0 0.300900431640625 0.8476909817708332 0.31315137890625 0.8978435442708333 0.694318263671875 0.8918503958333334 0.682209107421875 0.825899296875 0.300900431640625 0.8476909817708332
0 0.333141083984375 0.8996152213541667 0.343681548828125 0.9429371666666667 0.658447556640625 0.956113046875 0.647055380859375 0.893254578125 0.333141083984375 0.8996152213541667
0 0.529513142578125 1 0.619330955078125 0.9810323411458333 0.338236658203125 0.950080265625 0.344267849609375 1 0.529513142578125 1