0 0.44410252734375 0 0.704867615234375 0.047959471354166665 0.706437458984375 0.018026401041666668 0.513095291015625 0 0.44410252734375 0
0 0.284992560546875 0 0.283171744140625 0.02644377604166667 0.70153484765625 0.10027552083333334 0.704434056640625 0.05622640625 0.425041974609375 0 0.284992560546875 0
0 0.284633759765625 0.03251392708333333 0.280570384765625 0.07604530989583333 0.700124775390625 0.14582825260416668 0.701956576171875 0.103465890625 0.284633759765625 0.03251392708333333
0 0.28190852734375 0.08447743229166667 0.279802669921875 0.12463100520833333 0.695860275390625 0.18980958854166666 0.699479091796875 0.150705453125 0.28190852734375 0.08447743229166667
0 0.28019296484375 0.1341615546875 0.277653544921875 0.1825820625 0.692931048828125 0.24566278385416665 0.696877734375 0.20030698697916668 0.28019296484375 0.1341615546875
0 0.27905356640625 0.18983315364583334 0.278409666015625 0.2360568723958333 0.691098880859375 0.2935224973958333 0.694276376953125 0.24990851822916668 0.27905356640625 0.18983315364583334
0 0.282033625 0.251822671875 0.27881289453125 0.31323413541666667 0.6409913828125 0.3493756380208333 0.6453024453125 0.3011203125 0.282033625 0.251822671875
0 0.277988982421875 0.31197051822916666 0.27476825 0.3733819817708333 0.639330919921875 0.40904424739583334 0.641629455078125 0.35418216927083335 0.277988982421875 0.31197051822916666
0 0.649100560546875 0.4154036953125 0.27470631640625 0.3745629296875 0.27305275 0.42306602864583337 0.643389458984375 0.45640792968750005 0.649100560546875 0.4154036953125
0 0.272104953125 0.4241645416666667 0.27121337109375 0.47511212500000005 0.642287759765625 0.5019935963541667 0.64579919140625 0.46137964322916664 0.272104953125 0.4241645416666667
0 0.271337240234375 0.472750234375 0.26947912890625 0.5081798671875 0.657532310546875 0.543173578125 0.65934621484375 0.5127208932291667 0.271337240234375 0.472750234375
0 0.27024105078125 0.5106243463541666 0.267249392578125 0.5506954921875 0.655872013671875 0.5789653828125 0.658232328125 0.5467990026041667 0.27024105078125 0.5106243463541666
0 0.268897166015625 0.5532225625 0.26680998046875 0.60999259375 0.650858177734375 0.6372347421875 0.654540630859375 0.5832445625 0.268897166015625 0.5532225625
0 0.647928951171875 0.6930879375 0.651505716796875 0.6411129505208334 0.26662416796875 0.6135355885416667 0.26358925390625 0.6714039791666666 0.45630875 0.6798782473958332 0.647928951171875 0.6930879375
0 0.261445982421875 0.6783247890625 0.2595259296875 0.7149355260416667 0.64990822265625 0.7394654322916666 0.652342490234375 0.7100232786458333 0.261445982421875 0.6783247890625
0 0.2622453671875 0.7140021927083334 0.259749154296875 0.7446252942708332 0.642159025390625 0.7684120442708333 0.645479115234375 0.7390524817708334 0.2622453671875 0.7140021927083334
0 0.2601395 0.7541559244791666 0.2588575 0.79557303125 0.58906566015625 0.8133058411458333 0.591233453125 0.7719713203124999 0.2601395 0.7541559244791666
0 0.26151499609375 0.7958208046875 0.25870908984375 0.8323489505208334 0.629603267578125 0.8550618697916667 0.631399443359375 0.8208131822916668 0.26151499609375 0.7958208046875
0 0.260418798828125 0.8336950755208333 0.256850978515625 0.8677785833333332 0.6258161484375 0.8907314557291667 0.6285935625 0.8573411666666666 0.260418798828125 0.8336950755208333
0 0.25831294140625 0.8738486484375 0.2557548515625 0.9056527005208334 0.6230708046875 0.924412328125 0.625025740234375 0.8914246744791666 0.25831294140625 0.8738486484375
0 0.25917426171875 0.9083451119791667 0.255810986328125 0.9555020859375 0.619644244140625 0.9710823125 0.623043751953125 0.9292163567708333 0.25917426171875 0.9083451119791667
0 0.61560211328125 1 0.61815653515625 0.9714842057291667 0.260240064453125 0.9559150364583333 0.259042216796875 0.9787550703125 0.486904712890625 1 0.61560211328125 1