0 0.08286252734375 0.6832973046875 0.13406860546875 0.7029328776041667 0.302853447265625 0.08831511197916668 0.250667904296875 0.061433421875 0.08286252734375 0.6832973046875
0 0.3485158515625 0.1118813125 0.303962201171875 0.08752901041666666 0.13576681640625 0.7036251380208333 0.18801475390625 0.7221286510416666 0.3485158515625 0.1118813125
0 0.19147800390625 0.7238591380208333 0.23902803515625 0.7432424765625 0.395367546875 0.1340346953125 0.352501783203125 0.11474421875 0.19147800390625 0.7238591380208333
0 0.26737840625 0.7572754062499999 0.34379805078125 0.7884271796875 0.46835396484375 0.2699900130208333 0.39300815625 0.23773135677083335 0.26737840625 0.7572754062499999
0 0.573923103515625 0.254527890625 0.502008630859375 0.22397453385416666 0.359148875 0.8041441197916667 0.43538254296875 0.8344273541666666 0.573923103515625 0.254527890625
0 0.44047711328125 0.836504109375 0.521991388671875 0.8697326614583334 0.656488388671875 0.28677187760416667 0.5787581640625 0.2577369583333333 0.44047711328125 0.836504109375
0 0.7468111875 0.3225279921875 0.659942607421875 0.2883548828125 0.52767551953125 0.8732878671875 0.61661737109375 0.9104603880208333 0.7468111875 0.3225279921875
0 0.621336943359375 0.9102299739583333 0.711412521484375 0.9506627447916666 0.84189258203125 0.3555423229166667 0.756930232421875 0.32293869270833336 0.621336943359375 0.9102299739583333
0 0.872149181640625 0.3711447291666667 0.849812783203125 0.36327757552083334 0.715068685546875 0.9509150234375 0.738843615234375 0.9606066588541666 0.872149181640625 0.3711447291666667
0 0.741250421875 0.9541592994791667 0.763067587890625 0.96429090625 0.90210181640625 0.38689395833333334 0.875356189453125 0.37740434895833336 0.741250421875 0.9541592994791667
0 0.957200291015625 0.41324353125 0.90252765234375 0.38848054687500005 0.764765853515625 0.9649831875 0.82106224609375 0.9897157499999999 0.957200291015625 0.41324353125