0 0.562753478515625 1 0.791524248046875 0.8949705416666666 0.779950216796875 0.8501526406250001 0.528944966796875 1 0.562753478515625 1
0 0.50787965234375 1 0.77523269921875 0.8385507786458333 0.757245880859375 0.7722336119791667 0.4394689609375 0.9548399401041667 0.451131353515625 1 0.50787965234375 1
0 0.759264212890625 0.7667177604166667 0.747394869140625 0.72742203125 0.42192330078125 0.9135609973958333 0.433048359375 0.9566403515625 0.759264212890625 0.7667177604166667
0 0.74580557421875 0.7212678385416668 0.736269810546875 0.6843426744791666 0.41337151953125 0.8704475494791667 0.423915658203125 0.9079445703125 0.74580557421875 0.7212678385416668
0 0.7372789765625 0.68158475 0.727453146484375 0.6402035286458333 0.402751044921875 0.8259892317708334 0.41411580078125 0.8666639244791666 0.7372789765625 0.68158475
0 0.391335919921875 0.7784538177083333 0.402725861328125 0.8225588723958334 0.727163083984375 0.63574746875 0.723404365234375 0.6145269635416667 0.716063205078125 0.5960984739583334 0.391335919921875 0.7784538177083333
0 0.718346419921875 0.5916083203125 0.707751125 0.5505803645833333 0.382254373046875 0.73328896875 0.39311455078125 0.7753426276041666 0.718346419921875 0.5916083203125
0 0.7087602890625 0.5478224375 0.696361185546875 0.5064753125 0.369804904296875 0.6850811223958333 0.380955146484375 0.7315908359375 0.7087602890625 0.5478224375
0 0.69708028515625 0.49926132552083335 0.694910861328125 0.4841950130208333 0.414762181640625 0.6392003177083333 0.4194642578125 0.6540752317708333 0.69708028515625 0.49926132552083335
0 0.3232592734375 0.6548215520833334 0.3314454453125 0.6831878567708333 0.691252873046875 0.47669594791666664 0.6873048203125 0.46474082552083334 0.682852185546875 0.4541646666666667 0.3232592734375 0.6548215520833334
0 0.672736291015625 0.4083273854166667 0.667514189453125 0.3981044895833334 0.345385365234375 0.5838560989583333 0.358818818359375 0.6258756614583333 0.680392697265625 0.4346422942708333 0.67824845703125 0.42300634114583335 0.672736291015625 0.4083273854166667
0 0.672370681640625 0.39358024218750004 0.660715857421875 0.3484494895833334 0.32237790234375 0.5347589218750001 0.338148630859375 0.5858290677083333 0.672370681640625 0.39358024218750004
0 0.66042579296875 0.3439934296875 0.648506087890625 0.2978369791666667 0.308313955078125 0.4769665182291667 0.324610900390625 0.5300743255208333 0.66042579296875 0.3439934296875
0 0.649490072265625 0.2916486927083333 0.6386802578125 0.2564557578125 0.270762205078125 0.4448724427083333 0.2820730703125 0.48533844531250003 0.649490072265625 0.2916486927083333
0 0.252321169921875 0.38679496093750004 0.26495296484375 0.4323759739583333 0.64531537890625 0.24882032291666667 0.6334460390625 0.20952459114583333 0.254894447265625 0.3867608671875 0.252321169921875 0.38679496093750004
0 0.633685736328125 0.2071199296875 0.62258586328125 0.1674709375 0.24088086328125 0.3358291848958333 0.252739974609375 0.38175099739583335 0.633685736328125 0.2071199296875
0 0.623090443359375 0.16609197135416667 0.615093611328125 0.12846028385416666 0.26692982421875 0.27338849479166666 0.276225888671875 0.31271832031249996 0.623090443359375 0.16609197135416667
0 0.61376919921875 0.12333178906249999 0.607462384765625 0.10557573697916667 0.60166015625 0.08644072135416668 0.59715715625 0.06900383854166667 0.593663322265625 0.048809031249999996 0.588895439453125 0.030346450520833332 0.231725654296875 0.1404008984375 0.257931287109375 0.24854217447916668 0.61376919921875 0.12333178906249999