0 0.47706401171875 0 0.191349091796875 0.04677517447916666 0.200846556640625 0.1099786015625 0.593198708984375 0.010017080729166667 0.592276251953125 0 0.47706401171875 0
0 0.197509421875 0.1141576484375 0.20335267578125 0.17761029427083333 0.590310734375 0.08688606510416667 0.582946912109375 0.015273752604166668 0.197509421875 0.1141576484375
0 0.598560310546875 0.16539134895833332 0.591959595703125 0.09371335416666667 0.204775107421875 0.18334118229166665 0.212730681640625 0.24971408854166666 0.598560310546875 0.16539134895833332
0 0.60966038671875 0.2470675390625 0.603941046875 0.17524533072916668 0.21083477734375 0.24914391666666666 0.221095951171875 0.3191851197916667 0.60966038671875 0.2470675390625
0 0.219631046875 0.3252334270833333 0.2266802578125 0.39206688020833336 0.61911312890625 0.32486516927083336 0.61252090234375 0.24898475520833332 0.219631046875 0.3252334270833333
0 0.615718330078125 0.3808579739583333 0.612054947265625 0.33136165104166665 0.227669865234375 0.3930976666666666 0.2310758671875 0.4382425625 0.615718330078125 0.3808579739583333
0 0.23023546875 0.44038819270833335 0.23324956640625 0.482834171875 0.6222062265625 0.43324331510416664 0.618470640625 0.38160018229166665 0.23023546875 0.44038819270833335
0 0.622751875 0.45723614583333333 0.61529948046875 0.4346009270833333 0.235336927734375 0.48607076302083335 0.24023987109375 0.5377556536458333 0.62776085546875 0.4921989817708334 0.62602952734375 0.473398265625 0.622751875 0.45723614583333333
0 0.239541384765625 0.5414423411458333 0.24192196875 0.5672934010416667 0.63283274609375 0.5272695260416667 0.62974001171875 0.49426056510416666 0.239541384765625 0.5414423411458333
0 0.636789244140625 0.5610939348958334 0.634084033203125 0.531717703125 0.24246300390625 0.5731685833333333 0.24704079296875 0.6009234817708333 0.636789244140625 0.5610939348958334
0 0.24495179296875 0.6001946484375 0.246403916015625 0.6548241015624999 0.673480439453125 0.6194963776041666 0.6677772421875 0.5648401041666666 0.24495179296875 0.6001946484375
0 0.25135175390625 0.6599778333333334 0.256112921875 0.711679953125 0.681022046875 0.6872986276041666 0.677206625 0.63081403125 0.25135175390625 0.6599778333333334
0 0.6566541953125 0.7379490104166666 0.655294587890625 0.6940393697916667 0.255556212890625 0.7153494114583333 0.2604720859375 0.7574598802083333 0.6566541953125 0.7379490104166666
0 0.262528615234375 0.7619184843750001 0.268527197265625 0.7979120286458333 0.6623124296875 0.7799621927083332 0.658633349609375 0.7400105963541667 0.262528615234375 0.7619184843750001
0 0.27304227734375 0.798365734375 0.2777877109375 0.8596125052083333 0.71341442578125 0.8491257994791667 0.709928755859375 0.787515171875 0.27304227734375 0.798365734375
0 0.723324193359375 0.9178764609375 0.71847051171875 0.8554545312499999 0.280307904296875 0.8675492760416667 0.286605896484375 0.92372346875 0.723324193359375 0.9178764609375
0 0.52293598828125 1 0.73586553515625 0.96514071875 0.73366849609375 0.9233394453125 0.288362439453125 0.9258687057291667 0.293708546875 1 0.52293598828125 1