0 0.72657263671875 1 0.724674638671875 0.9753227317708334 0.540120564453125 1 0.72657263671875 1
0 0.547888626953125 1 0.735276015625 0.9747308828125 0.733716318359375 0.9410089505208333 0.38156281640625 0.9864836354166666 0.381722732421875 0.9947976614583333 0.493454333984375 1 0.547888626953125 1
0 0.724997103515625 0.93191928125 0.722208310546875 0.8829436588541667 0.39616579296875 0.9263777109375 0.39651783203125 0.9751189036458333 0.724997103515625 0.93191928125
0 0.723891712890625 0.8808511171875 0.720904162109375 0.8394644713541667 0.398228447265625 0.8787134401041666 0.397092677734375 0.9220790234375 0.723891712890625 0.8808511171875
0 0.340295064453125 0.8521358463541667 0.339869150390625 0.8683979401041667 0.34031708203125 0.8823864817708333 0.730663837890625 0.839918890625 0.73338769921875 0.8291911015625 0.733085490234375 0.80963871875 0.730371755859375 0.78888859375 0.7247921875 0.7842869583333334 0.340276796875 0.8217420703124999 0.34091973828125 0.8282847760416666 0.340720978515625 0.8358737526041667 0.340295064453125 0.8521358463541667
0 0.724877369140625 0.7810345390625 0.723175701171875 0.7527333046875001 0.387014509765625 0.7783288359374999 0.38776512109375 0.8118517421874999 0.724877369140625 0.7810345390625
0 0.71995087109375 0.7514976927083333 0.7168497421875 0.7144476041666666 0.364450818359375 0.7382016276041666 0.3651448828125 0.7738836718750001 0.71995087109375 0.7514976927083333
0 0.717776626953125 0.7101489140625 0.714174529296875 0.6611354244791666 0.379867103515625 0.6781335781250001 0.380920447265625 0.7311889635416667 0.717776626953125 0.7101489140625
0 0.702788240234375 0.660605265625 0.701484091796875 0.617126078125 0.38027475 0.6314777083333333 0.379895498046875 0.6770494348958334 0.702788240234375 0.660605265625
0 0.711300556640625 0.6154122187500001 0.708171033203125 0.5794462734375 0.381296943359375 0.5924486822916667 0.381906751953125 0.6313476510416667 0.711300556640625 0.6154122187500001
0 0.70578790234375 0.5771643880208334 0.7066113359375 0.5457243411458333 0.381505828125 0.5533817890625 0.382144294921875 0.5911866692708333 0.70578790234375 0.5771643880208334
0 0.713146181640625 0.5449431484375 0.71772380859375 0.5256179791666666 0.71826330078125 0.505019328125 0.714423921875 0.4961568697916667 0.373109076171875 0.5008886692708333 0.37450853515625 0.5096375234375 0.374782349609375 0.5302740442708334 0.37424876953125 0.5506470052083333 0.713146181640625 0.5449431484375
0 0.719360548828125 0.49421579947916666 0.719597830078125 0.4540647682291667 0.383446763671875 0.4481823828125 0.3822036875 0.49564512239583336 0.719360548828125 0.49421579947916666
0 0.380374029296875 0.4100481588541667 0.38022851953125 0.44669526822916666 0.7098381875 0.45360900260416664 0.711531716796875 0.42003854687500003 0.705866931640625 0.41869067187500003 0.380374029296875 0.4100481588541667
0 0.7156834296875 0.41697546614583336 0.7183890234375 0.37585390104166666 0.38313644921875 0.36675696614583336 0.382085861328125 0.40687013020833335 0.7156834296875 0.41697546614583336
0 0.71684759375 0.3725257447916666 0.717699421875 0.3400015598958333 0.382560421875 0.32656806510416664 0.3824438203125 0.36211140885416665 0.71684759375 0.3725257447916666
0 0.709537962890625 0.340707015625 0.709434513671875 0.31356565625 0.3827409140625 0.2885853125 0.382681359375 0.3219504270833333 0.709537962890625 0.340707015625
0 0.7064368359375 0.3036569270833333 0.70474529296875 0.2438777760416667 0.382316986328125 0.21149779947916666 0.382105595703125 0.281751578125 0.7064368359375 0.3036569270833333
0 0.708168884765625 0.2375244140625 0.7066761015625 0.1701562890625 0.381136541015625 0.13220413802083333 0.38080394921875 0.20708550260416667 0.708168884765625 0.2375244140625
0 0.706846466796875 0.16365144791666666 0.706459076171875 0.14735148697916667 0.38237576171875 0.11597991145833332 0.382856951171875 0.12869851302083332 0.706846466796875 0.16365144791666666
0 0.70491764453125 0.14402333333333334 0.7060534140625 0.10065775 0.38132716015625 0.06274346614583333 0.38095665625 0.10798114843750001 0.70491764453125 0.14402333333333334
0 0.38143242578125 0 0.380977318359375 0.04500972135416667 0.716210609375 0.08593421614583334 0.71740316796875 0.040400354166666666 0.4225948125 0 0.38143242578125 0
0 0.467964478515625 0 0.714263521484375 0.03591232291666666 0.711673029296875 0.009550940104166667 0.506545671875 0 0.467964478515625 0