0 0.29008683984375 0.9954041119791667 0.311634302734375 0.9854858359374999 0.213567880859375 0.5874875260416667 0.19109326953125 0.5966490989583334 0.29008683984375 0.9954041119791667
0 0.323799990234375 0.9680454739583334 0.345585384765625 0.9591648567708333 0.23822051171875 0.5354561223958333 0.21419771484375 0.545248796875 0.323799990234375 0.9680454739583334
0 0.277387041015625 0.5467217994791667 0.257935794921875 0.554650921875 0.358008078125 0.9280039505208334 0.366502375 0.9279452734375 0.378237375 0.9197576614583333 0.277387041015625 0.5467217994791667
0 0.3818706171875 0.9318923828125 0.406292345703125 0.9196677890624999 0.299146333984375 0.5117549140625001 0.273041791015625 0.52353084375 0.3818706171875 0.9318923828125
0 0.3258379609375 0.5020089635416667 0.30285294921875 0.5125132421874999 0.41275467578125 0.9181681276041668 0.43173005859375 0.9081636901041666 0.43460432421875 0.9058573723958333 0.3258379609375 0.5020089635416667
0 0.43920837109375 0.9073845182291667 0.46285205078125 0.8954770911458333 0.353783501953125 0.49402116145833336 0.328647974609375 0.50313278125 0.43920837109375 0.9073845182291667
0 0.464279646484375 0.9017030338541666 0.488463443359375 0.8884407864583334 0.38155536328125 0.4815655677083333 0.355101669921875 0.49234917447916665 0.464279646484375 0.9017030338541666
0 0.49127345703125 0.8895646041666666 0.514377021484375 0.8790119973958334 0.407295259765625 0.46766898697916665 0.3834136484375 0.4785387578125 0.49127345703125 0.8895646041666666
0 0.5168848515625 0.882528296875 0.538972431640625 0.8712552005208334 0.431954921875 0.4564820520833333 0.408851361328125 0.46703465625 0.5168848515625 0.882528296875
0 0.5417824453125 0.8723790182291666 0.56728441015625 0.85744478125 0.473372271484375 0.48498457291666663 0.447308640625 0.49674382552083335 0.5417824453125 0.8723790182291666
0 0.570872474609375 0.8582514375 0.596310185546875 0.8467473359375001 0.498983666015625 0.47794826562500003 0.476817421875 0.48811878125 0.570872474609375 0.8582514375
0 0.5308124296875 0.4275301692708333 0.498538869140625 0.4418208411458333 0.59678605078125 0.8488226510416667 0.601152166015625 0.8493121406249999 0.63610015625 0.8384698541666666 0.5308124296875 0.4275301692708333
0 0.574621150390625 0.41080659114583334 0.53846718359375 0.4266790729166667 0.636704525390625 0.8336848958333333 0.6540595546875 0.8277449244791667 0.673034935546875 0.8177404843749999 0.574621150390625 0.41080659114583334
0 0.684384423828125 0.8301336927083334 0.72209725390625 0.8090871614583333 0.63584915625 0.3847129036458334 0.59383446484375 0.40183980989583334 0.684384423828125 0.8301336927083334
0 0.76495424609375 0.788212953125 0.68073811328125 0.36527967968749997 0.65584051953125 0.3754289557291666 0.638723421875 0.38240658593750004 0.6604204765625 0.4881614453125 0.72270162109375 0.8043022031249999 0.76495424609375 0.788212953125
0 0.711082056640625 0.3529102473958334 0.689510732421875 0.3617035989583333 0.76901817578125 0.791094921875 0.803966166015625 0.7802526354166667 0.7245468359375 0.34855609895833334 0.711082056640625 0.3529102473958334
0 0.8043326015625 0.7744300182291667 0.835152412109375 0.7641359010416666 0.76375151171875 0.330305375 0.7256270703125 0.34584645572916667 0.8043326015625 0.7744300182291667
0 0.8488812265625 0.7869056770833334 0.885558998046875 0.7798968567708333 0.809180587890625 0.309517328125 0.7762625078125 0.3206667890625 0.8488812265625 0.7869056770833334
0 0.884831484375 0.7688469375000001 0.91511117578125 0.7599076406249999 0.84093841015625 0.29543689322916666 0.81128343359375 0.30639082552083335 0.884831484375 0.7688469375000001
0 0.915651291015625 0.7585528229166667 0.94748708203125 0.7489791953124999 0.878522736328125 0.28125063020833335 0.84522373828125 0.2948246640625 0.915651291015625 0.7585528229166667
0 0.9106607109375 0.2692845260416667 0.882579392578125 0.27959697135416667 0.947011216796875 0.7469038802083333 0.978847009765625 0.7373302526041666 0.918852822265625 0.27161832552083337 0.9106607109375 0.2692845260416667
0 1 0.5587538411458334 0.9632659140625 0.2501097890625 0.927955408203125 0.2622345 0.987341306640625 0.7372715755208333 1 0.73386021875 1 0.5587538411458334