0 0.313333953125 0.9572929348958333 0.31796755078125 0.9623472395833333 0.32156857421875 0.9614381276041667 0.7538765 0.8534133046875 0.751131197265625 0.8375583489583334 0.7470132421875 0.8137759140625 0.743444345703125 0.7931644739583333 0.739600921875 0.7709675364583334 0.303176330078125 0.8986296015624999 0.30628810546875 0.9310717734375 0.313333953125 0.9572929348958333
0 0.333825341796875 0.8441050208333333 0.339096330078125 0.8673111953125 0.344713970703125 0.8708132838541666 0.731457595703125 0.7601142265625 0.7332873671875 0.7562109739583334 0.730358830078125 0.7320624114583333 0.726240873046875 0.7082799765625 0.720476380859375 0.6966944062499999 0.328334734375 0.812395109375 0.329981916015625 0.8219080807291667 0.333825341796875 0.8441050208333333
0 0.347820583984375 0.7295767682291667 0.354370580078125 0.7891110703124999 0.35587390625 0.7905578619791668 0.72120803125 0.6864491692708333 0.71077587890625 0.6262003385416667 0.347820583984375 0.7295767682291667
0 0.32787309765625 0.6722569895833334 0.336250140625 0.7278723046875001 0.33803072265625 0.7309203229166666 0.7095864609375 0.6265664713541667 0.6997946640625 0.5627805182291666 0.32787309765625 0.6722569895833334
0 0.316617353515625 0.6072516692708333 0.32700481640625 0.6672424036458334 0.3303432265625 0.6648166119791666 0.69778165625 0.5583901640625 0.68652591015625 0.49338484374999997 0.316617353515625 0.6072516692708333
0 0.678747765625 0.45569908333333337 0.671244150390625 0.4195988151041667 0.314327880859375 0.5361463098958333 0.32178438671875 0.5936806171875 0.321191783203125 0.5974935364583334 0.681950833984375 0.4814331432291667 0.678747765625 0.45569908333333337
0 0.668590787109375 0.41874558333333334 0.6675839609375 0.4056954869791667 0.66200205859375 0.3806936927083333 0.655322033203125 0.34934991145833333 0.2995951796875 0.46553127343749995 0.30961103125 0.5306112005208333 0.31798742578125 0.5283398046875 0.668590787109375 0.41874558333333334
0 0.350191033203125 0.44661663802083335 0.654223912109375 0.3430079296875 0.65523009375 0.33434819010416666 0.65166119921875 0.31373674479166663 0.649464955078125 0.30105278125 0.34067441015625 0.406126015625 0.339942759765625 0.4163712526041667 0.346020181640625 0.44423482291666666 0.350191033203125 0.44661663802083335
0 0.649556251953125 0.2943446692708333 0.645987357421875 0.2737332265625 0.64003962890625 0.253854046875 0.327864068359375 0.36831928645833334 0.330060310546875 0.38100325 0.334763173828125 0.40092833072916667 0.336557099609375 0.4040534192708333 0.649556251953125 0.2943446692708333
0 0.26592117578125 0.32893671875 0.27208665625 0.37177959635416663 0.27479744140625 0.3729644609375 0.640496748046875 0.24202331510416666 0.631071421875 0.194824578125 0.26592117578125 0.32893671875
0 0.12300537109375 0.277739515625 0.128221447265625 0.3078639296875 0.137219818359375 0.33812612239583334 0.138744251953125 0.33969481250000005 0.626861525390625 0.156040421875 0.624482046875 0.1350628515625 0.6210957421875 0.10103517968749999 0.61359212890625 0.06493491666666666 0.609382876953125 0.047860593750000006 0.12336990625 0.2291972265625 0.11907000390625 0.24054085677083334 0.12300537109375 0.277739515625
0 0.449909759765625 0.10363029947916667 0.606729513671875 0.04700736197916667 0.6038929140625 0.03786051822916667 0.234623423828125 0.10477054947916666 0.231787470703125 0.11733354687500001 0.237027546875 0.14036119791666665 0.238833318359375 0.14355470833333334 0.449909759765625 0.10363029947916667
0 0.497042296875 0 0.252280791015625 0.06927513802083334 0.2598069765625 0.0982703828125 0.4979428984375 0.05544448177083333 0.596024119140625 0.02859270833333333 0.5956576484375 0.012005489583333334 0.593578884765625 0 0.497042296875 0