0 0.040256146484375 0.7011772447916668 0.0737907421875 0.7062776510416667 0.11719758984375 0.16700510937500002 0.08831660546875 0.16121570572916666 0.040256146484375 0.7011772447916668
0 0.170899232421875 0.13642577604166667 0.125058705078125 0.12870140104166666 0.074675236328125 0.706380828125 0.122784298828125 0.7115862760416666 0.170899232421875 0.13642577604166667
0 0.125900357421875 0.71354478125 0.17381950390625 0.7167576171875 0.21991811328125 0.1425837421875 0.176129037109375 0.13822434635416667 0.125900357421875 0.71354478125
0 0.25506197265625 0.19853778125 0.216950001953125 0.19528046093749998 0.175433763671875 0.7193229296875 0.216007326171875 0.725075 0.25506197265625 0.19853778125
0 0.21685170703125 0.7265314036458334 0.2565779921875 0.7323540807291667 0.297259841796875 0.20388805729166667 0.255946525390625 0.1986409635416667 0.21685170703125 0.7265314036458334
0 0.336283537109375 0.21038942708333333 0.2964799140625 0.20574627083333333 0.259231533203125 0.7326636197916666 0.299587001953125 0.7361317578125001 0.336283537109375 0.21038942708333333
0 0.300726873046875 0.7386925781250001 0.3386840546875 0.7443088828125001 0.375975287109375 0.21437739322916669 0.336360931640625 0.20920993229166665 0.300726873046875 0.7386925781250001
0 0.39791275 0.16766128645833334 0.381029388671875 0.1668803203125 0.34126026171875 0.7457978671875 0.36087461328125 0.74570890625 0.39791275 0.16766128645833334
0 0.417140134765625 0.17346971874999997 0.401296115234375 0.17043296614583334 0.359990060546875 0.7456057213541666 0.380248138671875 0.7468480598958332 0.417140134765625 0.17346971874999997
0 0.3819484375 0.7505442057291667 0.42094495703125 0.7539047447916666 0.45614955859375 0.1727546223958333 0.419373541015625 0.1665991953125 0.3819484375 0.7505442057291667
0 0.425367603515625 0.7544206536458334 0.463742701171875 0.7592019453125 0.497134408203125 0.17685864322916667 0.471637998046875 0.17150741927083335 0.46006177734375 0.17134553906250002 0.425367603515625 0.7544206536458334
0 0.464054498046875 0.7624990078125 0.501204642578125 0.7668326302083334 0.53234821484375 0.2365397109375 0.494536265625 0.2300383567708333 0.464054498046875 0.7624990078125
0 0.567410185546875 0.24685875260416668 0.533952921875 0.24057890364583334 0.50378084375 0.7683216927083333 0.541008263671875 0.7714757838541666 0.567410185546875 0.24685875260416668
0 0.54662503515625 0.7673769791666666 0.5697774765625 0.7677007421875 0.587289884765625 0.2563087890625 0.56686843359375 0.2551150963541667 0.54662503515625 0.7673769791666666
0 0.6342913125 0.246341 0.5898328046875 0.24472035416666668 0.583388091796875 0.777608 0.63213023828125 0.7775375546875 0.6342913125 0.246341
0 0.6486107890625 0.7887818802083334 0.668302537109375 0.7875134036458333 0.655420361328125 0.20958501822916667 0.638996169921875 0.20976864583333332 0.6486107890625 0.7887818802083334
0 0.67407270703125 0.21057234114583334 0.656304853515625 0.20968819531250002 0.67264784375 0.7892088333333334 0.6931466953125 0.78922296875 0.67407270703125 0.21057234114583334
0 0.695568111328125 0.7930709791666667 0.725067029296875 0.7917580625 0.706645478515625 0.21674901302083335 0.677301345703125 0.2157029765625 0.695568111328125 0.7930709791666667
0 0.728218154296875 0.798068203125 0.7568325859375 0.7966520260416666 0.7354781875 0.21840930989583332 0.70583826171875 0.21546634374999998 0.728218154296875 0.798068203125
0 0.76079080859375 0.8042448593749999 0.778713451171875 0.8027700130208334 0.763266240234375 0.2910987760416667 0.740921013671875 0.2920577005208333 0.76079080859375 0.8042448593749999
0 0.77984014453125 0.29659767708333334 0.765455478515625 0.2984851953125 0.781444439453125 0.801900125 0.802123017578125 0.8012886484375 0.77984014453125 0.29659767708333334
0 0.857490099609375 0.1998785859375 0.814723306640625 0.19964380468749998 0.8320061875 0.8327568333333333 0.878503806640625 0.8324185572916667 0.857490099609375 0.1998785859375
0 0.8874217109375 0.8439751510416666 0.935650490234375 0.8424700963541666 0.93009867578125 0.20715998437500002 0.8812949765625 0.20384396354166667 0.8874217109375 0.8439751510416666