0 0.791139185546875 0.0320966875 0.791276443359375 0.0259364296875 0.590665703125 0.0072323359375 0.322395958984375 0.010142046875 0.32029606640625 0.050181888020833336 0.788493974609375 0.05142414583333333 0.791139185546875 0.0320966875
0 0.31810488671875 0.0608520859375 0.31606174609375 0.09980977083333333 0.783504591796875 0.09989417968749999 0.78652469921875 0.057863234374999996 0.31810488671875 0.0608520859375
0 0.314097583984375 0.1061513359375 0.312866263671875 0.1451847109375 0.78008209375 0.14959775 0.78252251171875 0.1030649609375 0.314097583984375 0.1061513359375
0 0.3109193671875 0.16675217708333334 0.3101248125 0.18190238802083333 0.776642328125 0.18407541927083335 0.77843623046875 0.180980328125 0.77900376953125 0.17015875 0.779093658203125 0.15288967447916665 0.31345106640625 0.14958903125 0.3109193671875 0.16675217708333334
0 0.77297555078125 0.22288172395833336 0.774848427734375 0.187170515625 0.31065286328125 0.18738886979166666 0.30921675 0.1992169140625 0.3091205078125 0.21660713020833333 0.77297555078125 0.22288172395833336
0 0.307889185546875 0.2556405052083333 0.77093241015625 0.2618394088541667 0.77276580078125 0.2424362578125 0.771815853515625 0.22943917968750002 0.311215443359375 0.2233271484375 0.30630503515625 0.23918106510416667 0.307889185546875 0.2556405052083333
0 0.76888926953125 0.30079709375 0.7706975625 0.26631736197916667 0.30690710546875 0.2588112890625 0.303393322265625 0.2791452161458333 0.30612981640625 0.2891873984375 0.76888926953125 0.30079709375
0 0.300106556640625 0.29515051302083334 0.301424201171875 0.3322466432291667 0.76401339453125 0.3471028098958333 0.766925107421875 0.30713865885416664 0.300106556640625 0.29515051302083334
0 0.76104492578125 0.3881491171875 0.763834203125 0.3505195390625 0.3003853671875 0.3364995833333333 0.29756989453125 0.35907351822916667 0.2985692421875 0.3711286354166667 0.76104492578125 0.3881491171875
0 0.757094376953125 0.4323662109375 0.759128025390625 0.39358951822916666 0.29828547265625 0.37653942447916666 0.29575376953125 0.39370257031250006 0.296469349609375 0.41116847656250005 0.757094376953125 0.4323662109375
0 0.296355841796875 0.4133327916666667 0.293858669921875 0.4609477395833333 0.706359322265625 0.4820083567708333 0.70810142578125 0.4332355625 0.296355841796875 0.4133327916666667
0 0.2904978828125 0.46280929427083334 0.289039546875 0.5061712994791666 0.7522875625 0.5395755286458334 0.75488749609375 0.4900011458333333 0.2904978828125 0.46280929427083334
0 0.28405512109375 0.5078814687500001 0.28254003125 0.5523256328125 0.748978572265625 0.5871147864583334 0.7512487265625 0.5438284713541667 0.28405512109375 0.5078814687500001
0 0.27814041015625 0.5584401276041667 0.278288447265625 0.5867276145833333 0.6819331015625 0.6210993776041667 0.681886431640625 0.5908790260416666 0.27814041015625 0.5584401276041667
0 0.277947923828125 0.5932205598958333 0.27977635546875 0.6205772708333334 0.679191650390625 0.6578170546875001 0.68082491015625 0.6266747838541666 0.277947923828125 0.5932205598958333
0 0.7430021484375 0.6855154609374999 0.744010677734375 0.6662852473958333 0.276188552734375 0.6267674557291667 0.275791275390625 0.6343425598958333 0.276149064453125 0.643075515625 0.7430021484375 0.6855154609374999
0 0.74262213671875 0.7083164661458333 0.7435168359375 0.6912567421875 0.27662036328125 0.6496441510416667 0.273730873046875 0.6580743411458333 0.27571230078125 0.6669586770833332 0.74262213671875 0.7083164661458333
0 0.27542853125 0.67236946875 0.27297084765625 0.7036763541666667 0.71339166796875 0.7523514661458334 0.71542112109375 0.7136547578125 0.27542853125 0.67236946875
0 0.274253962890625 0.7103206822916667 0.273249658203125 0.7450254244791666 0.711819826171875 0.7978777890625 0.713621615234375 0.7635220546875 0.274253962890625 0.7103206822916667
0 0.7315428203125 0.8573514921875001 0.73587579296875 0.805842546875 0.269077052734375 0.7468112890624999 0.267505208984375 0.792337609375 0.267221439453125 0.7977484010416668 0.7315428203125 0.8573514921875001
0 0.263803900390625 0.8006921119791667 0.26206179296875 0.84946490625 0.73027201171875 0.9126929244791667 0.733678908203125 0.863286828125 0.263803900390625 0.8006921119791667
0 0.253960861328125 0.8639339010416666 0.254126166015625 0.9074472890625 0.73319107421875 0.9814743958333333 0.7356149609375 0.9352567968750001 0.253960861328125 0.8639339010416666
0 0.72991855859375 1 0.73000049609375 0.9956455963541666 0.251179921875 0.9169596380208334 0.25036314453125 0.9636438072916667 0.441155619140625 0.9957345494791667 0.4869047109375 1 0.72991855859375 1