0 0.04937409765625 0.5481109947916667 0.070409447265625 0.5566208072916666 0.21475716796875 0.10762258854166667 0.19586244921875 0.0978003671875 0.04937409765625 0.5481109947916667
0 0.071683048828125 0.5583531119791666 0.094496326171875 0.5699743593750001 0.233989021484375 0.116452 0.218681451171875 0.1094242421875 0.071683048828125 0.5583531119791666
0 0.230493556640625 0.13665146875 0.098368267578125 0.5683092057291667 0.126062138671875 0.5810235572916667 0.25357178515625 0.14724676302083334 0.230493556640625 0.13665146875
0 0.126831412109375 0.5813767343749999 0.15118323828125 0.5937043359374999 0.276889388671875 0.16024713802083332 0.256207580078125 0.15075204687500002 0.126831412109375 0.5813767343749999
0 0.15245683984375 0.595436640625 0.188877673828125 0.6110099817708333 0.320387111328125 0.15841285156249998 0.28740340234375 0.1432699140625 0.15245683984375 0.595436640625
0 0.193493318359375 0.6131290390625 0.228375607421875 0.6279960286458334 0.358585873046875 0.177097625 0.327655150390625 0.16404481510416666 0.193493318359375 0.6131290390625
0 0.23683762109375 0.63188096875 0.2665743671875 0.6466808046875 0.393177640625 0.1964216015625 0.365623884765625 0.18032879947916666 0.23683762109375 0.63188096875
0 0.26580509375 0.6463276276041666 0.298114611328125 0.6611610390625 0.423444283203125 0.20916953125 0.39664205078125 0.19686453385416666 0.26580509375 0.6463276276041666
0 0.30068737890625 0.6611946145833333 0.33148391796875 0.6718906380208334 0.453155458984375 0.22740040104166667 0.423547947265625 0.21265990104166665 0.30068737890625 0.6611946145833333
0 0.33503976953125 0.6781135104166666 0.36583630859375 0.68880953125 0.4788320234375 0.23459823697916668 0.4566603203125 0.22441913020833335 0.33503976953125 0.6781135104166666
0 0.37151174609375 0.6868247760416667 0.37840964453125 0.6934344010416668 0.4194716953125 0.7076957630208334 0.4282242265625 0.7071237161458334 0.536792537109375 0.26006051822916665 0.532441841796875 0.25691550520833334 0.487054662109375 0.23607809375 0.483061701171875 0.23883527864583332 0.37151174609375 0.6868247760416667
0 0.563263947265625 0.2641804921875 0.5483827890625 0.25849609114583333 0.54185674609375 0.25779514583333335 0.429421119140625 0.7191491302083333 0.437592615234375 0.7274910625 0.45759374609375 0.7366736510416666 0.47374850390625 0.7440903541666667 0.484304533203125 0.7431987083333333 0.59549675390625 0.28930701302083334 0.590932248046875 0.2803258802083333 0.58223085546875 0.27403585677083336 0.563263947265625 0.2641804921875
0 0.483005365234375 0.7448974375 0.49839084765625 0.7519609661458334 0.606531541015625 0.29322553125 0.595231806640625 0.2903329661458333 0.483005365234375 0.7448974375
0 0.497117248046875 0.7502286588541667 0.513272005859375 0.7576453645833333 0.62088280078125 0.3009618333333333 0.61182730078125 0.296804421875 0.497117248046875 0.7502286588541667
0 0.5127676796875 0.7562662369791666 0.579190208984375 0.7856134583333333 0.679322072265625 0.3312342838541667 0.62307894921875 0.3065604609375 0.5127676796875 0.7562662369791666
0 0.60303770703125 0.7965619270833333 0.704733689453125 0.3394580703125 0.697066517578125 0.3324952682291667 0.684228236328125 0.3288963541666667 0.5822673046875 0.7870261640625 0.58943015234375 0.7926098359374999 0.60303770703125 0.7965619270833333
0 0.633304349609375 0.8093098567708333 0.731820955078125 0.36451744010416665 0.717734640625 0.35575517968750003 0.706395357421875 0.3505492734375 0.601259783203125 0.7934504947916667 0.621235341796875 0.8060641171874999 0.633304349609375 0.8093098567708333
0 0.8071750078125 0.36927535677083334 0.790250974609375 0.3615054739583334 0.772292720703125 0.3544083697916667 0.759161578125 0.34952740885416667 0.651476412109375 0.8222430807291666 0.654553509765625 0.8236557864583333 0.6704433203125 0.8320984479166667 0.69044444921875 0.8412810364583333 0.70736848046875 0.8490509192708333 0.71636039453125 0.8508839505208333 0.82229554296875 0.3773648411458333 0.81948339453125 0.3749261796875 0.8071750078125 0.36927535677083334
0 0.7169414296875 0.8419699713541666 0.731822587890625 0.8476543723958333 0.83516864453125 0.41081713281250004 0.817500908203125 0.39926303645833333 0.7169414296875 0.8419699713541666
0 0.740549552734375 0.8505133593749999 0.77004691796875 0.8629081119791667 0.861333216796875 0.4561095416666667 0.8338981328125 0.4400712239583333 0.740549552734375 0.8505133593749999
0 0.77134608984375 0.8612093828125 0.80572405078125 0.8746972395833333 0.890035740234375 0.47158215625 0.862078009765625 0.45759907031249997 0.77134608984375 0.8612093828125