0 0.542725853515625 1 0.85015160546875 0.9053668958333333 0.847285005859375 0.8888114192708333 0.49484069140625 1 0.542725853515625 1
0 0.467672958984375 1 0.845576958984375 0.8837705234375001 0.836486810546875 0.82644859375 0.40231932421875 0.962322546875 0.408272107421875 1 0.467672958984375 1
0 0.833497623046875 0.8140087161458333 0.8217847578125 0.7608341302083333 0.392557958984375 0.8963005546875 0.401260626953125 0.9513846588541667 0.833497623046875 0.8140087161458333
0 0.3773694296875 0.880935921875 0.379541599609375 0.8934808515625 0.82416358984375 0.7601018671875001 0.823553236328125 0.7469297291666667 0.8229428828125 0.7337575911458334 0.818672552734375 0.713918734375 0.813670572265625 0.7043251145833334 0.3694386953125 0.8399571250000001 0.370902857421875 0.8484131015625 0.374624126953125 0.8650809661458333 0.3773694296875 0.880935921875
0 0.36468016796875 0.812475203125 0.3671548359375 0.8315907343750001 0.8168423515625 0.7033487656249999 0.81415833984375 0.6974949557291666 0.816292859375 0.6857045494791666 0.813852302734375 0.6619624375000001 0.808728166015625 0.6468397447916666 0.357359359375 0.7701953203124999 0.3572376328125 0.7791394713541666 0.36169098046875 0.8000353255208333 0.36468016796875 0.812475203125
0 0.801591236328125 0.6345633098958333 0.79298928515625 0.5848844505208334 0.36321299609375 0.7027066588541667 0.370199130859375 0.7527008411458334 0.801591236328125 0.6345633098958333
0 0.79183030078125 0.5830145416666667 0.7842043125 0.5341485911458334 0.355587009765625 0.6538407057291666 0.362448669921875 0.6982924479166667 0.79183030078125 0.5830145416666667
0 0.786460990234375 0.5278872552083334 0.78127555859375 0.5027634140625 0.37095683984375 0.6123694401041667 0.375437150390625 0.6430681640625 0.786460990234375 0.5278872552083334
0 0.782312388671875 0.49910425 0.777187822265625 0.46950833333333336 0.365222349609375 0.584074609375 0.368969169921875 0.6105372161458333 0.782312388671875 0.49910425
0 0.7737108671875 0.46389861197916665 0.766146173828125 0.42503380989583334 0.337772751953125 0.5413108463541666 0.344690283203125 0.5812616744791667 0.7737108671875 0.46389861197916665
0 0.765414091796875 0.4208058203125 0.758642341796875 0.38169692968749996 0.329536841796875 0.49374598177083334 0.3361255703125 0.531797875 0.765414091796875 0.4208058203125
0 0.7829793046875 0.36307207031250005 0.77785430859375 0.31900293229166665 0.2532903046875 0.45375641406249995 0.2601425234375 0.49815362760416665 0.7829793046875 0.36307207031250005
0 0.770961693359375 0.317784640625 0.769192353515625 0.30274259375 0.35533581640625 0.4112109765625 0.3578546875 0.42575822395833335 0.770961693359375 0.317784640625
0 0.757908111328125 0.3051028229166667 0.75552884765625 0.29136186197916664 0.313919255859375 0.40837330729166665 0.316315111328125 0.4173865026041667 0.757908111328125 0.3051028229166667
0 0.75595575390625 0.28900378125 0.751563697265625 0.27810907552083336 0.312210783203125 0.38885918750000004 0.316358953125 0.4031689713541667 0.75595575390625 0.28900378125
0 0.753088291015625 0.26761975 0.7504038515625 0.24729272135416666 0.248469193359375 0.372853671875 0.250680732421875 0.3952731276041667 0.753088291015625 0.26761975
0 0.743937279296875 0.21476990104166668 0.24419843359375 0.33854158854166666 0.245235693359375 0.3493556484375 0.246774650390625 0.36306717708333336 0.74698776171875 0.23721092447916667 0.74607266015625 0.23192594010416667 0.743937279296875 0.21476990104166668
0 0.74216837109375 0.21420107552083334 0.733383828125 0.1779384453125 0.350512984375 0.2724153411458333 0.356504384765625 0.30701747916666666 0.74216837109375 0.21420107552083334
0 0.736067408203125 0.16931902864583334 0.7280758125 0.1328123046875 0.343009154296875 0.22907846093749998 0.349181759765625 0.26472711197916665 0.736067408203125 0.16931902864583334
0 0.726733376953125 0.1154121796875 0.719473859375 0.0831334453125 0.332272255859375 0.17671678385416667 0.34057767578125 0.2150359296875 0.726733376953125 0.1154121796875
0 0.7092255859375 0.05288805989583333 0.300614482421875 0.15306176041666666 0.300736638671875 0.15859083333333332 0.30128569921875 0.16176182552083332 0.30311590234375 0.172331796875 0.305441314453125 0.18576174999999998 0.715936041015625 0.08199580208333333 0.7092255859375 0.05288805989583333
0 0.61939175390625 0 0.2974405546875 0.0816719921875 0.302875333984375 0.1275302265625 0.71483619921875 0.017760924479166666 0.716482951171875 0.012800671875 0.71460108203125 0 0.61939175390625 0
0 0.45727414453125 0 0.292102619140625 0.050843802083333334 0.2924990078125 0.05313307291666666 0.2945756796875 0.0699500546875 0.56500646484375 0 0.45727414453125 0