0 0.542725853515625 1 0.860879177734375 0.9020646901041666 0.860531197265625 0.9000549973958334 0.85607078125 0.8795578515625001 0.851877185546875 0.8711285833333333 0.40260989453125 0.9878554635416666 0.4032543984375 1 0.542725853515625 1
0 0.8534742265625 0.86456196875 0.8437543125 0.8189534453124999 0.406192677734375 0.9332992578125 0.41400336328125 0.9791864765625 0.8534742265625 0.86456196875
0 0.400553958984375 0.8909855546875001 0.40774442578125 0.9325126640625 0.84335484375 0.8166463932291667 0.833901033203125 0.767310890625 0.400553958984375 0.8909855546875001
0 0.412327888671875 0.7695049583333334 0.428573587890625 0.8738553255208333 0.831771111328125 0.7655365130208334 0.8138044375 0.6594934557291666 0.412327888671875 0.7695049583333334
0 0.815192203125 0.6539986588541666 0.7994122890625 0.547074890625 0.39461775390625 0.6619603072916667 0.4089332734375 0.7656898645833333 0.815192203125 0.6539986588541666
0 0.362266767578125 0.5856528411458334 0.3673935859375 0.6205250520833333 0.37558187109375 0.6520248489583333 0.379090802734375 0.6610118411458333 0.7978815625 0.5487610520833334 0.7995448515625 0.5373139244791666 0.799210796875 0.5143315338541666 0.796880287109375 0.4956086848958334 0.793418478515625 0.48087914843749996 0.788958046875 0.460381921875 0.781036654296875 0.44095006770833334 0.360202287109375 0.5632031171874999 0.362266767578125 0.5856528411458334
0 0.769051701171875 0.3559433411458333 0.761596107421875 0.3339381614583334 0.345553587890625 0.4522860651041667 0.346885447265625 0.4652412317708334 0.348816515625 0.4816570182291667 0.351679962890625 0.5087208411458334 0.356140421875 0.5292180572916666 0.357871736328125 0.5444802005208333 0.362265044921875 0.5540630416666666 0.77830753515625 0.4357151484375 0.779171041015625 0.40385901041666666 0.7760415234375 0.38052199739583337 0.769051701171875 0.3559433411458333
0 0.74974542578125 0.270760359375 0.748746759765625 0.264992765625 0.312536705078125 0.398196109375 0.321327193359375 0.4597435364583333 0.758733494140625 0.3226691666666667 0.7559363671875 0.290724890625 0.74974542578125 0.270760359375
0 0.74774806640625 0.259225015625 0.748280126953125 0.2517712604166667 0.74375251953125 0.22035950520833333 0.738086857421875 0.1990484453125 0.30381591015625 0.3375574765625 0.313802671875 0.39523403385416667 0.74774806640625 0.259225015625
0 0.73995755859375 0.19844246354166664 0.719185125 0.07847540104166667 0.290271435546875 0.20593621354166666 0.3118689921875 0.33143347395833334 0.73995755859375 0.19844246354166664
0 0.480692134765625 0 0.267260923828125 0.0632818828125 0.28570372265625 0.18032115885416666 0.713859439453125 0.058244520833333334 0.70551203515625 0 0.480692134765625 0