0 0.516372849609375 1 0.610276669921875 0.9890459739583334 0.60856563671875 0.9545255494791666 0.298565630859375 0.9847456041666667 0.2979398359375 1 0.516372849609375 1
0 0.607436314453125 0.9470176015625 0.60626790625 0.9098043463541666 0.32189791015625 0.9327903385416666 0.3215804296875 0.9721549947916667 0.607436314453125 0.9470176015625
0 0.604261751953125 0.9083406666666667 0.603314447265625 0.8744970807291667 0.32227594921875 0.8973848880208334 0.3229958046875 0.9301156875 0.604261751953125 0.9083406666666667
0 0.60716093359375 0.8748972057291667 0.60558174609375 0.8411272734374999 0.296814005859375 0.8610173151041667 0.296443419921875 0.8985310677083334 0.60716093359375 0.8748972057291667
0 0.606103078125 0.8393687578125001 0.604989947265625 0.8029979348958333 0.296504845703125 0.8247685364583334 0.2961268671875 0.8602485911458334 0.606103078125 0.8393687578125001
0 0.6009223984375 0.7992281380208334 0.599232658203125 0.7637734010416667 0.319475369140625 0.7794304479166666 0.320400439453125 0.8154457942708334 0.6009223984375 0.7992281380208334
0 0.599011556640625 0.7604037890625 0.598008978515625 0.7257177734375001 0.318717720703125 0.738773875 0.319054443359375 0.7735902552083332 0.599011556640625 0.7604037890625
0 0.60214803125 0.7014670104166667 0.599368015625 0.6882096875 0.306942025390625 0.6951582916666667 0.307012515625 0.7350462005208334 0.600425875 0.7237381354166667 0.601768720703125 0.7150929270833334 0.60214803125 0.7014670104166667
0 0.6002448515625 0.6821654192708334 0.5996530078125 0.64403603125 0.306495390625 0.6462168072916666 0.30707640625 0.6875029296875 0.6002448515625 0.6821654192708334
0 0.5998367890625 0.6096038125 0.598019740234375 0.5734211692708333 0.31883590625 0.5978181848958334 0.319038138671875 0.6353432916666667 0.5998367890625 0.6096038125
0 0.5962643515625 0.5721404505208333 0.595290359375 0.5403159322916666 0.29747455859375 0.5609444375 0.296602255859375 0.5922134739583333 0.5962643515625 0.5721404505208333
0 0.594219640625 0.5070172552083333 0.297869005859375 0.5245038203125 0.29648098046875 0.5530159088541667 0.595096896484375 0.5373675234375 0.594219640625 0.5070172552083333
0 0.5957331953125 0.5046124401041666 0.595644 0.46080079687500003 0.593543384765625 0.43727796354166665 0.290841720703125 0.44287870312500005 0.2889962734375 0.4572061484375 0.289700916015625 0.47643535416666666 0.289714248046875 0.5106001458333334 0.29231628515625 0.51755765625 0.5957331953125 0.5046124401041666
0 0.59442151171875 0.4082083697916667 0.593041275390625 0.3701926197916667 0.288071533203125 0.3666989479166667 0.2876579453125 0.43722690104166667 0.5940479140625 0.4364763385416666 0.596135162109375 0.4258343854166667 0.59442151171875 0.4082083697916667
0 0.586261615234375 0.3687553203125 0.58526675390625 0.34510344791666664 0.351442859375 0.344010671875 0.351127423828125 0.3682563125 0.586261615234375 0.3687553203125
0 0.586324166015625 0.34423738020833333 0.58599980078125 0.3138225182291667 0.351157330078125 0.3092792213541667 0.351170658203125 0.3434439635416667 0.586324166015625 0.34423738020833333
0 0.589518078125 0.27404657552083334 0.317003849609375 0.26424199479166666 0.31692044921875 0.296932578125 0.588990333984375 0.304863640625 0.589518078125 0.27404657552083334
0 0.58716142578125 0.2720932265625 0.58666516015625 0.24141584375 0.318096291015625 0.22994816145833333 0.317087267578125 0.23155140625 0.315752990234375 0.2621596484375 0.58716142578125 0.2720932265625
0 0.29610392578125 0.20178830208333332 0.2960986484375 0.225829546875 0.58674033203125 0.24020420833333334 0.586878767578125 0.22533316927083333 0.58725903125 0.21414761979166666 0.29610392578125 0.20178830208333332
0 0.295414857421875 0.19842769270833335 0.586561072265625 0.21200077864583333 0.5868446015625 0.1993409739583333 0.584871943359375 0.18607509895833332 0.2952839609375 0.1709613411458333 0.295214740234375 0.1783968098958333 0.295414857421875 0.19842769270833335
0 0.584723158203125 0.18399083593749999 0.5854836875 0.16161973697916668 0.32045595703125 0.14339767447916665 0.32047462890625 0.16430901302083334 0.584723158203125 0.18399083593749999
0 0.586036548828125 0.16155524479166666 0.586797109375 0.13918403906250001 0.322508259765625 0.11865094791666668 0.322651982421875 0.13805894270833333 0.586036548828125 0.16155524479166666
0 0.284434869140625 0.09052476302083333 0.28593421875 0.11337496354166667 0.583479798828125 0.1395710078125 0.58657611328125 0.12732590624999998 0.586756248046875 0.09610957552083334 0.5847798984375 0.082970671875 0.28589036328125 0.04613288020833334 0.284760099609375 0.06151966666666667 0.284434869140625 0.09052476302083333
0 0.585395328125 0.05838823697916667 0.5847665625 0.048805830729166666 0.583315578125 0.026692708333333332 0.439044154296875 0.005200674479166666 0.2851327890625 0.023154674479166665 0.285106197265625 0.024341921875000002 0.286557189453125 0.04645514322916666 0.582326546875 0.07954305989583334 0.585395328125 0.05838823697916667