0 0.0099180625 0.7970353281250001 0.05144659375 0.8031371484375001 0.11151466015625 0.2536858307291667 0.06680965234375 0.23769732291666668 0.0099180625 0.7970353281250001
0 0.05303208984375 0.8036252031250001 0.092182376953125 0.8089949453125 0.15627466796875 0.26523682552083333 0.11486871875 0.25360468229166666 0.05303208984375 0.8036252031250001
0 0.0934622265625 0.8160705807291667 0.105719572265625 0.8176164687499999 0.15760534375 0.36364422916666667 0.145287509765625 0.35762527604166666 0.0934622265625 0.8160705807291667
0 0.107488134765625 0.8170472604166666 0.120538228515625 0.8188371744791666 0.170655439453125 0.36543414062499996 0.159516322265625 0.3631188619791667 0.107488134765625 0.8170472604166666
0 0.122063240234375 0.8148521666666667 0.136881896484375 0.8160728723958334 0.202193552734375 0.2749173255208333 0.18648357421875 0.2700814140625 0.122063240234375 0.8148521666666667
0 0.139443205078125 0.8157476979166667 0.152493302734375 0.817537609375 0.21487751953125 0.2788217578125 0.203745283203125 0.27650859895833335 0.139443205078125 0.8157476979166667
0 0.1535900859375 0.8256705052083334 0.179080595703125 0.827949046875 0.244024509765625 0.30338446874999997 0.215119458984375 0.29671401302083333 0.1535900859375 0.8256705052083334
0 0.18481289453125 0.8285999765625 0.210363890625 0.8353515807291667 0.273965859375 0.31371475260416665 0.2468070078125 0.30758182291666664 0.18481289453125 0.8285999765625
0 0.2109114765625 0.8466562526041667 0.234450359375 0.8505612578125 0.317212125 0.22791560156250001 0.286721580078125 0.22075709375 0.2109114765625 0.8466562526041667
0 0.234937458984375 0.8573928671875 0.26103765234375 0.8609726927083333 0.344958298828125 0.23645654687499998 0.318362208984375 0.22715601562499999 0.234937458984375 0.8573928671875
0 0.27494098046875 0.8674797005208333 0.28262490625 0.8665041640625 0.28701526171875 0.87008284375 0.29665081640625 0.8674808463541667 0.387523126953125 0.24621820052083332 0.349653171875 0.23456090885416667 0.26109813671875 0.8654457578125 0.27494098046875 0.8674797005208333
0 0.3172622578125 0.873825546875 0.33086155078125 0.8724436822916667 0.425635505859375 0.2624045625 0.390337083984375 0.25042523958333335 0.299212125 0.8671556666666667 0.311529958984375 0.8731746171875 0.3172622578125 0.873825546875
0 0.33171478515625 0.8771607734375001 0.36513276953125 0.8818795859374999 0.4627115859375 0.2749310859375 0.427422404296875 0.26295461197916664 0.33171478515625 0.8771607734375001
0 0.369825552734375 0.9078235833333334 0.406963728515625 0.9103467239583334 0.503195767578125 0.3497553307291667 0.4629784375 0.3373754609375 0.369825552734375 0.9078235833333334
0 0.411844404296875 0.8918041145833334 0.443067212890625 0.8947335833333333 0.537283921875 0.3602484921875 0.5071595078125 0.3509754661458333 0.411844404296875 0.8918041145833334
0 0.638822939453125 0.31466548958333335 0.637176958984375 0.30970436979166666 0.626871236328125 0.30653202083333336 0.608211421875 0.29856085416666667 0.5939419609375 0.2941683671875 0.576318447265625 0.28985703125 0.562590103515625 0.2878583385416667 0.449527322265625 0.911199109375 0.45467848046875 0.9208584401041667 0.46345959375 0.9243966901041666 0.470076669921875 0.9275471979166667 0.481541271484375 0.9288490546875 0.4931889375 0.9290936562500001 0.501605125 0.9238890859375001 0.50983825 0.9197417734375 0.638822939453125 0.31466548958333335
0 0.676997412109375 0.3208484609375 0.65242223046875 0.31328362239583335 0.641884541015625 0.31226709114583334 0.514411669921875 0.9222631927083333 0.518435896484375 0.9279563932291667 0.531180345703125 0.9363338906249999 0.5454498046875 0.940726375 0.561244275390625 0.9411338515625 0.569843529296875 0.9348720208333333 0.710536369140625 0.3345133984375 0.698218537109375 0.32849444791666665 0.676997412109375 0.3208484609375
0 0.57661373828125 0.9247063307291666 0.611800287109375 0.9288559348958333 0.725281662109375 0.44707264583333334 0.687989537109375 0.43670683854166664 0.57661373828125 0.9247063307291666
0 0.617410005859375 0.9350371901041666 0.6525965546875 0.9391867942708334 0.7696755390625 0.46073815885416664 0.732577490234375 0.4493184791666667 0.617410005859375 0.9350371901041666
0 0.655035283203125 0.9443919401041666 0.688026654296875 0.9467522057291666 0.810532291015625 0.47554208072916665 0.774054345703125 0.46542689583333335 0.655035283203125 0.9443919401041666
0 0.690708931640625 0.95537315625 0.72516321875 0.963751796875 0.85138904296875 0.49034600260416666 0.817483955078125 0.47879558333333333 0.690708931640625 0.95537315625
0 0.72906647265625 0.9604988697916667 0.74254318359375 0.964647328125 0.875177916015625 0.43976101041666665 0.86505526171875 0.43553140104166665 0.72906647265625 0.9604988697916667
0 0.74211656640625 0.96228878125 0.771631302734375 0.9702605234375 0.9064612109375 0.447163546875 0.878910150390625 0.4386826614583333 0.74211656640625 0.96228878125
0 0.778582966796875 0.9735140234375 0.788095939453125 0.9764423463541667 0.931706560546875 0.4605027317708333 0.921606765625 0.4573937708333333 0.778582966796875 0.9735140234375
0 0.7888886875 0.976686375 0.81498887890625 0.9802662031249999 0.961647908203125 0.4708330182291667 0.932499306640625 0.4607467578125 0.7888886875 0.976686375