0 0.539414087890625 1 0.773788271484375 0.9335763046875 0.7666897578125 0.8970244140625 0.4828845703125 1 0.539414087890625 1
0 0.465504822265625 1 0.7642730546875 0.8920124348958334 0.757395845703125 0.8536184765625 0.384400947265625 0.9831821979166667 0.386318564453125 1 0.465504822265625 1
0 0.37948921875 0.9365147239583332 0.384810287109375 0.9793839947916667 0.755486705078125 0.8511337942708334 0.748455712890625 0.8117748802083334 0.37948921875 0.9365147239583332
0 0.380004068359375 0.8970343958333333 0.3840944453125 0.9321838124999999 0.751767109375 0.8088192604166666 0.74518221875 0.7777677500000001 0.380004068359375 0.8970343958333333
0 0.745966787109375 0.7771801406250001 0.74016641796875 0.7455410364583334 0.37400452734375 0.8594002395833332 0.37840258203125 0.8964796666666667 0.745966787109375 0.7771801406250001
0 0.366312822265625 0.8111513984375001 0.372819201171875 0.8567104869791667 0.7385649453125 0.7449863020833334 0.732542271484375 0.70369828125 0.366312822265625 0.8111513984375001
0 0.734691509765625 0.7017067578125 0.72807664453125 0.6602127682291666 0.36228225390625 0.7609328567708333 0.367606626953125 0.8097761822916666 0.734691509765625 0.7017067578125
0 0.35305550390625 0.7090082604166666 0.359037263671875 0.76076746875 0.72833898046875 0.6571126692708333 0.720379216796875 0.6117446927083333 0.35305550390625 0.7090082604166666
0 0.72080111328125 0.6098288333333334 0.71398702734375 0.5623398020833333 0.347123595703125 0.6554072083333333 0.3534716640625 0.7068731744791666 0.72080111328125 0.6098288333333334
0 0.3311852890625 0.6335118958333333 0.336017275390625 0.6543311223958334 0.700650650390625 0.5641023046875 0.7013468671875 0.5447420859375 0.69780867578125 0.5225475807291667 0.696008041015625 0.5159978567708333 0.69405353125 0.5084832057291667 0.691067548828125 0.499243671875 0.3264973359375 0.5803774036458333 0.328913328125 0.5907870182291667 0.32915787109375 0.6018120390625 0.330786908203125 0.6215218671875 0.3311852890625 0.6335118958333333
0 0.685078044921875 0.43205725 0.313466791015625 0.5033844036458334 0.32314055859375 0.5783030651041666 0.69251518359375 0.49883339843749996 0.694749794921875 0.48912297656250003 0.69424295703125 0.48119797395833336 0.692704619140625 0.4715482317708333 0.691736236328125 0.4607283515625 0.68824342578125 0.4435638802083333 0.685078044921875 0.43205725
0 0.340924759765625 0.40987371093749997 0.350381576171875 0.4929224322916667 0.683456771484375 0.4277747005208334 0.67398016015625 0.35200419791666665 0.340924759765625 0.40987371093749997
0 0.67068852734375 0.34768154427083336 0.662616234375 0.27331755208333336 0.328831466796875 0.32668888802083335 0.338291802734375 0.4075941666666667 0.67068852734375 0.34768154427083336
0 0.22571558984375 0.25190422916666666 0.2365746953125 0.3295127005208333 0.672453767578125 0.25370815104166666 0.66267755078125 0.18353702083333334 0.22571558984375 0.25190422916666666