0 0.55880418359375 1 0.56486786328125 0.9976286510416666 0.824000876953125 0.8853654244791667 0.81819976171875 0.8615600911458333 0.474592873046875 0.9970759687499999 0.47524039453125 1 0.55880418359375 1
0 0.81353764453125 0.8583931692708333 0.803248494140625 0.8161708411458334 0.495744076171875 0.9434172421875 0.50463511328125 0.9828818723958334 0.81353764453125 0.8583931692708333
0 0.803019837890625 0.8152325364583333 0.793187982421875 0.77488675 0.485413916015625 0.9045379765625 0.494574603515625 0.9415977838541667 0.803019837890625 0.8152325364583333
0 0.7910944921875 0.7726816875 0.78263451953125 0.73796553125 0.45307611328125 0.8734775572916668 0.460956904296875 0.9060061197916666 0.7910944921875 0.7726816875
0 0.7819485703125 0.7351506822916667 0.772784806640625 0.7007394296874999 0.447202564453125 0.8366035338541667 0.454747947265625 0.8675666015625 0.7819485703125 0.7351506822916667
0 0.771870216796875 0.69698634375 0.76020916796875 0.6491343203125001 0.450360701171875 0.7782511666666667 0.4610671953125 0.8264477005208333 0.771870216796875 0.69698634375
0 0.757429744140625 0.64411446875 0.74809082421875 0.5994057473958333 0.439315173828125 0.7294136328124999 0.448016443359375 0.7760857812499999 0.757429744140625 0.64411446875
0 0.74156388671875 0.5949721302083334 0.7331038984375 0.5602559114583333 0.40889355859375 0.7017497083333333 0.41663805078125 0.7346743203125 0.74156388671875 0.5949721302083334
0 0.733843349609375 0.55371159375 0.724679583984375 0.5193003411458333 0.400240611328125 0.6598558229166667 0.40729301953125 0.6951817734375 0.733843349609375 0.55371159375
0 0.724697427734375 0.5161805911458334 0.71692340625 0.48427928645833335 0.416641302734375 0.6154066692708333 0.42325427734375 0.6457363880208333 0.724697427734375 0.5161805911458334
0 0.71623745703125 0.48146443749999995 0.708692087890625 0.45050143229166667 0.408867265625 0.5835052994791666 0.41570889453125 0.6147733229166666 0.71623745703125 0.48146443749999995
0 0.70895637109375 0.4452001953125 0.700478599609375 0.41360377083333333 0.360729154296875 0.5649409010416667 0.368787921875 0.5946448255208333 0.70895637109375 0.4452001953125
0 0.351927400390625 0.5288222161458334 0.35892041015625 0.5605384531250001 0.699792650390625 0.410788921875 0.69038240234375 0.37855917708333336 0.3823410078125 0.516160109375 0.351927400390625 0.5288222161458334
0 0.68876406640625 0.37511097135416666 0.67390194140625 0.31412307552083335 0.337727443359375 0.4607999895833333 0.35043806640625 0.51919925 0.68876406640625 0.37511097135416666
0 0.6727408359375 0.31255137239583336 0.65599609375 0.25341650781249997 0.32383993359375 0.3995176640625 0.337041494140625 0.457985140625 0.6727408359375 0.31255137239583336
0 0.658125224609375 0.24938209375 0.643034458984375 0.1874559583333333 0.307774552734375 0.3378859609375 0.321246958984375 0.39636390104166663 0.658125224609375 0.24938209375
0 0.630669615234375 0.1399088359375 0.272871197265625 0.30321513020833335 0.280927298828125 0.3428085130208333 0.642594978515625 0.18245975 0.630669615234375 0.1399088359375
0 0.263636130859375 0.281282703125 0.27007392578125 0.3013149635416667 0.631162568359375 0.13554596614583334 0.6202224609375 0.09883963281250001 0.259995595703125 0.26315061197916667 0.26089236328125 0.2700234401041667 0.263636130859375 0.281282703125
0 0.621102056640625 0.094261875 0.6124134453125 0.05860747916666667 0.24945339453125 0.2206756015625 0.2586237265625 0.25752104427083333 0.621102056640625 0.094261875
0 0.611252390625 0.05703575520833334 0.60302105859375 0.023257841145833333 0.240103244140625 0.18152079947916666 0.248316724609375 0.21841832812499998 0.611252390625 0.05703575520833334
0 0.537461689453125 0 0.22935463671875 0.13468742187500002 0.238502705078125 0.17495286458333334 0.600241646484375 0.0182380546875 0.59579721875 0 0.537461689453125 0
0 0.4406058359375 0 0.219698005859375 0.09570307291666667 0.22752760546875 0.12991568489583333 0.52542995703125 0 0.4406058359375 0