0 0.752144201171875 1 0.7555320859375 0.974303859375 0.55341741015625 0.9527075208333334 0.37039609765625 0.9282312916666666 0.367954208984375 0.9716764114583333 0.595570025390625 1 0.752144201171875 1
0 0.75787255078125 0.9725962239583333 0.7628848671875 0.9414903567708334 0.357404234375 0.8896824895833334 0.35476733984375 0.9235927239583334 0.75787255078125 0.9725962239583333
0 0.763529748046875 0.9316623255208333 0.76854211328125 0.9005564583333333 0.36157903515625 0.8509577734375 0.358692240234375 0.8864180520833332 0.763529748046875 0.9316623255208333
0 0.768449796875 0.8906424322916666 0.772052255859375 0.8583818098958332 0.365824763671875 0.8111521171875 0.364413935546875 0.8445013802083333 0.768449796875 0.8906424322916666
0 0.77391352734375 0.8526569713541666 0.777515986328125 0.8203963489583334 0.3698577109375 0.7745892812499999 0.368145375 0.8102750859375 0.77391352734375 0.8526569713541666
0 0.781588802734375 0.8149294270833334 0.787761904296875 0.7661330989583334 0.3767178359375 0.7198395989583334 0.373000919921875 0.7702380286458334 0.781588802734375 0.8149294270833334
0 0.78747617578125 0.7591674505208333 0.794192958984375 0.7134055546875001 0.38305096484375 0.6606715885416666 0.379146220703125 0.7105448359375001 0.78747617578125 0.7591674505208333
0 0.7917601796875 0.70519909375 0.796431162109375 0.6453339192708333 0.38922532421875 0.5909004140624999 0.3830800078125 0.6505936666666666 0.7917601796875 0.70519909375
0 0.79044147265625 0.6347319557291666 0.795296986328125 0.5946948307291667 0.441969376953125 0.5455560078125 0.438634259765625 0.5854643984375 0.79044147265625 0.6347319557291666
0 0.798918384765625 0.5961075625 0.803838427734375 0.5550877369791667 0.44522159375 0.5073125052083333 0.442642060546875 0.5466247682291666 0.798918384765625 0.5961075625
0 0.814960517578125 0.5553948515625 0.819981716796875 0.5015124895833333 0.429316150390625 0.4440568333333333 0.42544945703125 0.5000568723958333 0.814960517578125 0.5553948515625
0 0.81648930078125 0.49813408333333337 0.8228559140625 0.4463893828125 0.430172279296875 0.385727171875 0.425823755859375 0.4406784296875 0.81648930078125 0.49813408333333337
0 0.82083783984375 0.4431829583333333 0.82597913671875 0.4101114166666667 0.411438265625 0.34293835677083334 0.408403330078125 0.37389799218750003 0.82083783984375 0.4431829583333333
0 0.416487267578125 0.29995285416666667 0.411954171875 0.33507592968750005 0.829185775390625 0.40652417187499995 0.832280203125 0.3754184609375 0.416487267578125 0.29995285416666667
0 0.42945171484375 0.26086171354166665 0.4273236015625 0.29329432031249997 0.840482439453125 0.37020949218750004 0.841219587890625 0.3702954817708333 0.8481488203125 0.3552585729166667 0.8521015 0.32898069270833336 0.850055650390625 0.3148774114583333 0.840730345703125 0.30982829687499996 0.4331691640625 0.2330106875 0.42945171484375 0.26086171354166665
0 0.849133923828125 0.2949633723958333 0.854330810546875 0.28368568489583335 0.857896560546875 0.2633046901041667 0.858734912109375 0.2505281484375 0.8564311015625 0.2403562109375 0.438885916015625 0.151045453125 0.436536544921875 0.17552951041666667 0.43453740234375 0.20599658072916668 0.849133923828125 0.2949633723958333