0 0.477064015625 0 0.209520470703125 0.0438002890625 0.156833814453125 0.053311010416666665 0.1520552578125 0.07914131510416667 0.154420115234375 0.11453710416666667 0.1647781640625 0.16704606510416667 0.59270663671875 0.09407279687499999 0.5847589921875 0 0.477064015625 0
0 0.15763496484375 0.16887789322916666 0.1643282109375 0.25127553645833334 0.636401630859375 0.1799549375 0.630867263671875 0.09992436979166668 0.15763496484375 0.16887789322916666
0 0.166199154296875 0.25216204166666667 0.172675923828125 0.33220960416666667 0.641866759765625 0.26210633072916667 0.636061302734375 0.18597441145833335 0.166199154296875 0.25216204166666667
0 0.645040880859375 0.35149125000000003 0.640435046875 0.2723301067708333 0.17586108984375 0.33765191145833334 0.181081708984375 0.4188781458333333 0.645040880859375 0.35149125000000003
0 0.1793534375 0.4241519010416666 0.183851064453125 0.5021380364583333 0.65187979296875 0.43494468229166666 0.64569012890625 0.35854151302083337 0.1793534375 0.4241519010416666
0 0.658751931640625 0.5198116406250001 0.652491546875 0.4421141692708333 0.185938412109375 0.50537446875 0.18964940625 0.586705671875 0.658751931640625 0.5198116406250001
0 0.18997187109375 0.5977497890625 0.192814962890625 0.6771994348958333 0.638431625 0.6197521406250001 0.631489244140625 0.5340487838541667 0.18997187109375 0.5977497890625
0 0.637393236328125 0.7153432265625 0.631473181640625 0.63162628125 0.1946702265625 0.6876305 0.19869315625 0.7597027083333333 0.637393236328125 0.7153432265625
0 0.195518447265625 0.7745633697916667 0.19931975 0.8741331744791667 0.669366916015625 0.8293850104166666 0.65995280078125 0.7271559348958333 0.195518447265625 0.7745633697916667
0 0.20183994140625 0.8820699427083333 0.20585765234375 0.9839897604166666 0.678314142578125 0.9356838177083334 0.669907966796875 0.8352603515625 0.20183994140625 0.8820699427083333
0 0.522935984375 1 0.6580797265625 0.9778752473958333 0.656190087890625 0.9388909921874999 0.21048087890625 0.9856184791666666 0.20814570703125 0.999121171875 0.20822663671875 1 0.522935984375 1