0 0.012456953125 0.7740788177083333 0.0680315234375 0.7847164166666666 0.090495318359375 0.22807827604166667 0.03356819140625 0.2149578515625 0.012456953125 0.7740788177083333
0 0.0747148046875 0.7839305989583334 0.126144150390625 0.7947914088541667 0.16201425 0.24318159114583335 0.10280368359375 0.22848035677083334 0.0747148046875 0.7839305989583334
0 0.14069621875 0.7901743385416666 0.166410890625 0.7956047447916667 0.199106400390625 0.24991608854166666 0.17100740234375 0.24508075781250002 0.14069621875 0.7901743385416666
0 0.16975253125 0.7952118359374999 0.19639809375 0.7997402317708334 0.23167140234375 0.26008892708333337 0.2054427578125 0.2534513854166667 0.16975253125 0.7952118359374999
0 0.2401816015625 0.7848173098958333 0.2856468828125 0.24951552864583335 0.288399810546875 0.24020953645833332 0.236039576171875 0.230250734375 0.193645166015625 0.8090462239583333 0.238518537109375 0.8196211458333332 0.2401816015625 0.7848173098958333
0 0.248996791015625 0.8492988072916666 0.317977666015625 0.864964734375 0.330413341796875 0.8642951041666667 0.336802265625 0.8590527421875 0.40698799609375 0.27514025520833335 0.28535252734375 0.24505898697916664 0.237834185546875 0.8392513333333333 0.248996791015625 0.8492988072916666
0 0.34755128515625 0.8448437890624999 0.398980630859375 0.8557045989583334 0.47156903515625 0.29317280729166667 0.41096402734375 0.27817709895833337 0.34755128515625 0.8448437890624999
0 0.401049205078125 0.8660287942708332 0.451674966796875 0.8767199036458333 0.5311615234375 0.30465891145833335 0.4743355625 0.2926584479166667 0.401049205078125 0.8660287942708332
0 0.45894021875 0.8716626041666666 0.497639537109375 0.8787365026041667 0.57454021484375 0.3215097552083333 0.534531912109375 0.3130608307291667 0.45894021875 0.8716626041666666
0 0.5016177109375 0.8729850390624999 0.535789880859375 0.8834972786458333 0.600986421875 0.40399629427083333 0.566486060546875 0.3978091302083333 0.5016177109375 0.8729850390624999
0 0.5382006328125 0.8840063802083334 0.55177398828125 0.8945629557291667 0.5638277421875 0.8971084583333333 0.57034397265625 0.8907943854166667 0.653633578125 0.32832527864583333 0.642383408203125 0.3259494765625 0.62791890625 0.3228948723958333 0.61685973828125 0.32055940625 0.5382006328125 0.8840063802083334
0 0.5700496171875 0.8863378463541666 0.601007455078125 0.8961712838541667 0.681575796875 0.37047972916666666 0.650436412109375 0.36390373697916667 0.5700496171875 0.8863378463541666
0 0.602232701171875 0.8997258151041666 0.634670400390625 0.9109703619791666 0.721500361328125 0.3811081614583333 0.685675548828125 0.37244410677083334 0.602232701171875 0.8997258151041666
0 0.636985509765625 0.9400227369791666 0.686592818359375 0.9592875312500001 0.7937912109375 0.36890961197916666 0.73458064453125 0.35420838020833334 0.636985509765625 0.9400227369791666
0 0.69179623828125 0.9570905989583333 0.72207780078125 0.9656826276041667 0.832068865234375 0.37259867708333333 0.800162166015625 0.36586064583333333 0.69179623828125 0.9570905989583333
0 0.724870470703125 0.9629765963541667 0.75515203125 0.9715686250000001 0.87330623828125 0.3791099661458333 0.83832187890625 0.3706234010416667 0.724870470703125 0.9629765963541667
0 0.760649810546875 0.973828234375 0.808228287109375 0.9893687994791667 0.942748521484375 0.4047606875 0.884472 0.3913552994791667 0.760649810546875 0.973828234375