0 0.313941349609375 0.9119892552083333 0.32921823828125 0.9047908411458333 0.256751091796875 0.29545647395833335 0.1777453359375 0.31162642447916666 0.25242390625 0.9240476796875 0.281588 0.9195956145833333 0.313941349609375 0.9119892552083333
0 0.31162861328125 0.335453546875 0.299952828125 0.3357940677083333 0.290334259765625 0.3380554192708333 0.275777611328125 0.34388221354166665 0.34454777734375 0.8843553151041667 0.383176248046875 0.8764759479166666 0.3179037265625 0.3351804973958334 0.31162861328125 0.335453546875
0 0.4324011171875 0.8600940677083333 0.448398255859375 0.8515241171875 0.373968474609375 0.324093 0.360904283203125 0.32627320052083336 0.349228498046875 0.32661371614583334 0.3396099296875 0.3288750651041667 0.322841806640625 0.33161505208333336 0.31965255078125 0.3347693463541667 0.3924356796875 0.8646810677083333 0.402516833984375 0.8659176562500001 0.419593296875 0.8655097083333333 0.428337478515625 0.8634539296875 0.4324011171875 0.8600940677083333
0 0.378392591796875 0.3221616536458333 0.45364473046875 0.8502906588541667 0.470104455078125 0.8452186484375 0.480597404296875 0.8427517265625001 0.4894957890625 0.8418619791666666 0.5063672421875 0.8330863932291667 0.433326529296875 0.3080442942708333 0.378392591796875 0.3221616536458333
0 0.4686585234375 0.35023210416666667 0.4443290546875 0.35715427083333334 0.520512044921875 0.8309632005208334 0.546282 0.8212978411458334 0.4686585234375 0.35023210416666667
0 0.549367744140625 0.8241791484375001 0.57704066796875 0.8152686796875 0.49535355078125 0.34756276822916665 0.471024080078125 0.3544849348958334 0.549367744140625 0.8241791484375001
0 0.514543705078125 0.2949611875 0.50986327734375 0.293657078125 0.503742361328125 0.2950961223958333 0.4969012578125 0.2979067265625 0.490053947265625 0.3020896796875 0.577194859375 0.8164346328125 0.581000904296875 0.8179443151041667 0.598643474609375 0.8149987838541667 0.607233337890625 0.8117770000000001 0.616543509765625 0.8071836614583333 0.527402326171875 0.29674707031249997 0.524728259765625 0.29016228125 0.518915736328125 0.2939333125 0.514543705078125 0.2949611875
0 0.649205255859375 0.8019092916666667 0.65517198046875 0.7993042916666666 0.564559865234375 0.2806066302083333 0.53084917578125 0.28872323697916663 0.619475171875 0.8088989140625 0.644421435546875 0.8066407552083333 0.649205255859375 0.8019092916666667
0 0.66319597265625 0.7986200364583333 0.705733876953125 0.7862147708333334 0.622764298828125 0.28154072916666667 0.582232865234375 0.2886652473958333 0.66319597265625 0.7986200364583333
0 0.7073285703125 0.7846376510416667 0.74899209375 0.7724379557291666 0.664974302734375 0.2675762916666667 0.62492496875 0.2774259765625 0.7073285703125 0.7846376510416667
0 0.711306744140625 0.25800558333333334 0.6999705390625 0.25858031770833334 0.693849623046875 0.2600193619791667 0.68623741796875 0.25700003125 0.67502428125 0.260838515625 0.671269037109375 0.26653036458333335 0.749866478515625 0.7722323854166667 0.762982693359375 0.7691487291666667 0.7804710625 0.7650371666666667 0.79034722265625 0.7579062760416666 0.711306744140625 0.25800558333333334
0 0.79034722265625 0.7579062760416666 0.8223921796875 0.7479679322916667 0.7507354140625 0.27429708072916664 0.71678749609375 0.2834805703125 0.79034722265625 0.7579062760416666
0 0.75701052734375 0.27402402864583336 0.752792697265625 0.27621794010416667 0.824861244140625 0.7461851614583334 0.858809158203125 0.7370016328125 0.78848949609375 0.2666232421875 0.75701052734375 0.27402402864583336
0 0.86096983984375 0.7328869557291666 0.89466027734375 0.7285729401041667 0.826963763671875 0.25757783854166666 0.793015732421875 0.26676139843749996 0.86096983984375 0.7328869557291666