0 0.3825439765625 0 0.3736676640625 0.050895768229166666 0.712907919921875 0.13710170572916666 0.726118564453125 0.06314629166666667 0.7045955234375 0.0554568515625 0.464947109375 0 0.3825439765625 0
0 0.69779590234375 0.20836726302083333 0.711415998046875 0.13601819010416666 0.37274844140625 0.0554698828125 0.362682234375 0.11928350520833332 0.69779590234375 0.20836726302083333
0 0.67896795703125 0.2837581927083333 0.69212842578125 0.21369625520833332 0.363646796875 0.1282075703125 0.354295560546875 0.19096399218750001 0.67896795703125 0.2837581927083333
0 0.66409203125 0.3532072526041667 0.67696119140625 0.28916944270833334 0.35517311328125 0.2023951927083333 0.345398228515625 0.26018477864583334 0.66409203125 0.3532072526041667
0 0.344080859375 0.26216538802083333 0.32995585546875 0.32330326822916666 0.64886226171875 0.42561205989583334 0.66231506640625 0.3574750104166667 0.344080859375 0.26216538802083333
0 0.675527376953125 0.48843571354166665 0.684551337890625 0.4389573098958333 0.325712529296875 0.33526926041666666 0.319323271484375 0.3807864270833334 0.675527376953125 0.48843571354166665
0 0.664266849609375 0.5444688541666667 0.672831201171875 0.49727751302083334 0.31587617578125 0.3979394088541666 0.312749501953125 0.44094525 0.664266849609375 0.5444688541666667
0 0.617457462890625 0.5669656744791667 0.62303430078125 0.5346404088541666 0.317436271484375 0.4450708515625 0.314202791015625 0.47945907031249996 0.617457462890625 0.5669656744791667
0 0.311629634765625 0.4785397708333334 0.305133515625 0.5154392994791667 0.609888724609375 0.6044544244791666 0.615114078125 0.5649028723958334 0.311629634765625 0.4785397708333334
0 0.639907349609375 0.6656833776041667 0.648869818359375 0.62108553125 0.296892873046875 0.51984890625 0.29148430859375 0.5559113906250001 0.639907349609375 0.6656833776041667
0 0.628999658203125 0.7108116875 0.6371043671875 0.6659075572916667 0.294455623046875 0.5594241171875 0.2873316015625 0.5948737265625 0.628999658203125 0.7108116875
0 0.28509508203125 0.6014284036458334 0.28100384375 0.6355101770833333 0.5915864921875 0.7408053489583333 0.5966357109375 0.6980235729166666 0.28509508203125 0.6014284036458334
0 0.58741110546875 0.7805223802083333 0.5919618828125 0.7441536041666666 0.28031441796875 0.6389408046875 0.276424634765625 0.6740414010416668 0.58741110546875 0.7805223802083333
0 0.27358855859375 0.6769838411458333 0.26949737890625 0.7110656354166666 0.577296875 0.8219731744791666 0.585235994140625 0.7821966328125001 0.27358855859375 0.6769838411458333
0 0.26863962109375 0.7107591875 0.263460884765625 0.7456780286458334 0.569149537109375 0.8622439348958334 0.57610522265625 0.8230574114583334 0.26863962109375 0.7107591875
0 0.2617454296875 0.74506515625 0.258113845703125 0.7768599661458334 0.598229353515625 0.9089845651041667 0.605174220703125 0.8751143151041667 0.2617454296875 0.74506515625
0 0.259369703125 0.7797598203125 0.25941498828125 0.7932579869791666 0.495397708984375 0.8861459531250001 0.496899521484375 0.869523578125 0.259369703125 0.7797598203125
0 0.584278001953125 0.960797125 0.590942396484375 0.9276346536458333 0.254207154296875 0.7962999322916667 0.2505579609375 0.827910046875 0.584278001953125 0.960797125
0 0.249717810546875 0.8277882942708333 0.242257216796875 0.8557636249999999 0.577201279296875 0.9985290989583334 0.583588609375 0.9642275989583333 0.249717810546875 0.8277882942708333
0 0.563589501953125 1 0.243513044921875 0.8586636328125 0.234673599609375 0.8935002161458333 0.48009129296875 1 0.563589501953125 1
0 0.48594272265625 1 0.2351331953125 0.891213234375 0.22938802734375 0.9198015885416666 0.24083690625 0.9250480338541666 0.4506303125 1 0.48594272265625 1