0 0.356010076171875 0.13892235416666668 0.3530968671875 0.162325890625 0.713996294921875 0.288607109375 0.71791198046875 0.2710200052083333 0.356010076171875 0.13892235416666668
0 0.7096690703125 0.3070190390625 0.7137466171875 0.29004906510416667 0.353928775390625 0.16410068489583332 0.34928233203125 0.1859439453125 0.7096690703125 0.3070190390625
0 0.349207505859375 0.18785905989583332 0.346211478515625 0.2051620234375 0.707443779296875 0.3295207239583333 0.709552333984375 0.3129571197916667 0.349207505859375 0.18785905989583332
0 0.70123076171875 0.34785843489583335 0.704781361328125 0.3317387239583333 0.344824650390625 0.20878515625000002 0.343787099609375 0.22469670833333333 0.70123076171875 0.34785843489583335
0 0.34238321875 0.22727137760416669 0.339775296875 0.24671882552083335 0.699938455078125 0.37219151562499997 0.70328262890625 0.35355262239583335 0.34238321875 0.22727137760416669
0 0.69374069140625 0.39111583854166665 0.6961821484375 0.372629625 0.338721408203125 0.24841942708333334 0.33762355078125 0.26511664322916667 0.69374069140625 0.39111583854166665
0 0.336279939453125 0.2669055703125 0.332951021484375 0.28613107552083333 0.652968611328125 0.40227750520833333 0.6575230625 0.3809796458333334 0.336279939453125 0.2669055703125
0 0.649423158203125 0.41898675520833334 0.651531712890625 0.40242315104166665 0.3315642421875 0.28975422395833333 0.32816583984375 0.31009061458333337 0.649423158203125 0.41898675520833334
0 0.32679328125 0.30853583333333334 0.324074173828125 0.333011625 0.739213423828125 0.47337020052083334 0.742490509765625 0.4516851744791666 0.32679328125 0.30853583333333334
0 0.731284130859375 0.4988611171875 0.735666962890625 0.477935015625 0.323574841796875 0.3358954114583333 0.31992788671875 0.35766727604166665 0.731284130859375 0.4988611171875
0 0.318692646484375 0.35970535416666666 0.31663933203125 0.3803359947916667 0.672879720703125 0.5072081640625 0.677817134765625 0.4874652526041667 0.318692646484375 0.35970535416666666
0 0.670105373046875 0.5276169244791666 0.67415532421875 0.5086133020833333 0.3154189921875 0.3829979036458333 0.31266594140625 0.4044307682291666 0.670105373046875 0.5276169244791666
0 0.31142428125 0.4060685625 0.309315712890625 0.4226320963541667 0.665334423828125 0.54639846875 0.66727652734375 0.5307961692708333 0.31142428125 0.4060685625
0 0.661617373046875 0.5634794843750001 0.665001521484375 0.548321078125 0.30776247265625 0.42721661197916666 0.306075578125 0.4424921015625 0.661617373046875 0.5634794843750001
0 0.306208509765625 0.44496334114583336 0.301603236328125 0.47594611718749996 0.6534622421875 0.5974195572916666 0.659287857421875 0.563774875 0.306208509765625 0.44496334114583336
0 0.644530869140625 0.6270705208333334 0.6496906796875 0.5972710546875 0.302213056640625 0.48119633854166666 0.296981958984375 0.5143048151041667 0.644530869140625 0.6270705208333334
0 0.29638744140625 0.5148410260416666 0.291893412109375 0.5407954010416667 0.642337541015625 0.6517947552083333 0.64636104296875 0.6296589765625 0.29638744140625 0.5148410260416666
0 0.63765062109375 0.6755782161458334 0.6413124296875 0.6544301666666666 0.2911724140625 0.5405734609375 0.2880117421875 0.566110515625 0.63765062109375 0.6755782161458334