0 0.75987187890625 1 0.76022046484375 0.995512640625 0.754186552734375 0.9973986588541667 0.34456149609375 0.9330392447916668 0.342203421875 0.9258756484375 0.279927529296875 0.9156405598958334 0.275709703125 0.9475345286458333 0.677438970703125 1 0.75987187890625 1
0 0.78270508203125 1 0.7844948359375 0.9681735572916667 0.3474795859375 0.8984761718750001 0.345645494140625 0.9310910286458333 0.777717263671875 1 0.78270508203125 1
0 0.79038746484375 0.9673558567708334 0.794248275390625 0.9319128828125001 0.353225830078125 0.8612733984375001 0.348868966796875 0.8942187265625 0.79038746484375 0.9673558567708334
0 0.79123004296875 0.9234925416666666 0.79320796484375 0.9085360651041667 0.300893451171875 0.8258376796875 0.299504943359375 0.8363371640625 0.79123004296875 0.9234925416666666
0 0.793490525390625 0.9063994244791668 0.794808291015625 0.8901862083333333 0.30329521484375 0.8076762421875 0.302284796875 0.8215653984375 0.793490525390625 0.9063994244791668
0 0.7941481328125 0.8889294661458332 0.794286861328125 0.8691344479166667 0.3078649765625 0.7856183645833333 0.304969787109375 0.8012622864583333 0.7941481328125 0.8889294661458332
0 0.79777517578125 0.8677514921874999 0.798574060546875 0.8492132109375 0.310030421875 0.7629952291666666 0.308314900390625 0.7822161796875 0.79777517578125 0.8677514921874999
0 0.803570216796875 0.8426770755208333 0.805072951171875 0.8000704973958334 0.351461255859375 0.7121512890625 0.344848078125 0.7621582083333333 0.803570216796875 0.8426770755208333
0 0.794795529296875 0.7965527161458333 0.801106896484375 0.7550766614583333 0.357299986328125 0.6617518385416666 0.3512249375 0.7076895911458333 0.794795529296875 0.7965527161458333
0 0.801672015625 0.7508033828124999 0.806521787109375 0.7078821692708334 0.36370383984375 0.6070791067708333 0.35751804296875 0.6538543020833333 0.801672015625 0.7508033828124999
0 0.82085264453125 0.7057437161458333 0.825843693359375 0.6617541822916667 0.37090912890625 0.5525947942708334 0.364725119140625 0.5993564765625 0.82085264453125 0.7057437161458333
0 0.308533095703125 0.4993762890625 0.30443596875 0.5303575677083333 0.8248059375 0.6571040598958333 0.828810578125 0.6393194635416667 0.827819064453125 0.6280710052083334 0.308533095703125 0.4993762890625
0 0.313100302734375 0.45859171614583333 0.30917989453125 0.48823670312499995 0.82852546484375 0.6227294062500001 0.832388828125 0.6060131276041667 0.831821154296875 0.5915597109375 0.313100302734375 0.45859171614583333
0 0.807117837890625 0.584650359375 0.81620601171875 0.5096795520833334 0.3889416484375 0.384994796875 0.378241015625 0.4659098619791667 0.807117837890625 0.584650359375
0 0.3997714296875 0.29060580989583334 0.389073880859375 0.3714975572916666 0.812150025390625 0.49660909114583335 0.816909861328125 0.48561125260416665 0.82321867578125 0.4254085 0.3997714296875 0.29060580989583334
0 0.804566474609375 0.4164830390625 0.80621304296875 0.3915348411458333 0.43080331640625 0.25590901041666664 0.42522369921875 0.2918518046875 0.804566474609375 0.4164830390625
0 0.43372140625 0.22134593489583332 0.42920044140625 0.25553216927083333 0.804232568359375 0.38776461979166665 0.80682440625 0.38066322395833335 0.80766953515625 0.35552660677083336 0.43372140625 0.22134593489583332
0 0.80474633984375 0.3526362838541666 0.80813706640625 0.326996609375 0.43583805859375 0.18659443750000002 0.430967255859375 0.21717735156249998 0.80474633984375 0.3526362838541666
0 0.807618189453125 0.32467154947916665 0.81143275390625 0.29582691145833334 0.44007646484375 0.15454484375 0.4350653984375 0.186188390625 0.807618189453125 0.32467154947916665
0 0.804926208984375 0.28878952864583335 0.8077518125 0.2674231354166667 0.439459998046875 0.12796306510416666 0.436523048828125 0.15017141145833332 0.804926208984375 0.28878952864583335
0 0.442614404296875 0.09786169010416666 0.4401023828125 0.11685686197916667 0.815057244140625 0.25592223697916666 0.81802412890625 0.23348752083333335 0.4442635234375 0.09164019010416667 0.442614404296875 0.09786169010416666
0 0.3866221484375 0 0.3794369296875 0.044454765625 0.841545857421875 0.21808837239583334 0.848327306640625 0.16680902083333335 0.4188791953125 0 0.3866221484375 0
0 0.449584080078125 0 0.84827851171875 0.15468066145833334 0.854872439453125 0.11106796875000001 0.652594951171875 0.028162169270833332 0.532808248046875 0 0.449584080078125 0