0 0.635846072265625 1 0.6371243671875 0.9890119869791666 0.220828033203125 0.8847369479166667 0.212886017578125 0.9349459401041668 0.463891609375 1 0.635846072265625 1
0 0.638334845703125 0.98691365625 0.648669484375 0.9160241875 0.234116525390625 0.8122010677083332 0.22516182421875 0.8798300572916666 0.638334845703125 0.98691365625
0 0.265007896484375 0.7430213255208334 0.255883779296875 0.811812390625 0.648306095703125 0.91231196875 0.6570992421875 0.8386857942708333 0.265007896484375 0.7430213255208334
0 0.660359466796875 0.8358378541666666 0.66287623046875 0.8123695104166666 0.287336740234375 0.7136710729166666 0.284668390625 0.7384685911458333 0.660359466796875 0.8358378541666666
0 0.2597972421875 0.6608668437499999 0.254206376953125 0.6992168515625 0.667742818359375 0.8100126822916667 0.673099494140625 0.7698776666666666 0.2597972421875 0.6608668437499999
0 0.67018583984375 0.7684347786458333 0.67664840625 0.7303106927083333 0.264352361328125 0.6188417057291666 0.25960325 0.6559924557291666 0.67018583984375 0.7684347786458333
0 0.2921151171875 0.55708190625 0.28085966015625 0.6156723697916667 0.679069423828125 0.7261140468749999 0.68568959765625 0.6630450078125 0.2921151171875 0.55708190625
0 0.689259173828125 0.6624232708333333 0.696325677734375 0.6015411536458334 0.301941490234375 0.4896788307291667 0.291049439453125 0.5519816015625 0.689259173828125 0.6624232708333333
0 0.28997862109375 0.4600456901041667 0.286565625 0.47725165885416665 0.698577283203125 0.5985065885416666 0.705643796875 0.5376243958333333 0.295569486328125 0.42169568229166665 0.28997862109375 0.4600456901041667
0 0.305759263671875 0.35800491406249996 0.29537548046875 0.41682129166666665 0.707725966796875 0.5357520651041666 0.716915603515625 0.4761492265625 0.305759263671875 0.35800491406249996
0 0.716172431640625 0.47160947395833336 0.725151712890625 0.4100169505208333 0.33338251171875 0.29883244270833337 0.323700982421875 0.3590368125 0.716172431640625 0.47160947395833336
0 0.343911119140625 0.232817515625 0.33301908984375 0.29512013020833333 0.727403296875 0.40698254166666664 0.7344698203125 0.346100265625 0.343911119140625 0.232817515625
0 0.73773793359375 0.33609307552083334 0.75083241796875 0.2586828046875 0.36356644140625 0.141429171875 0.348922591796875 0.2232619921875 0.73773793359375 0.33609307552083334
0 0.366176296875 0.055271302083333335 0.3531063671875 0.1387181953125 0.74644951171875 0.2515166119791667 0.7587606015625 0.1686453828125 0.366176296875 0.055271302083333335
0 0.374060470703125 0 0.365643455078125 0.05272122916666667 0.7575820859375 0.16274366145833333 0.772903591796875 0.07626220052083334 0.4882256875 0 0.374060470703125 0