0 0.480669267578125 0 0.177447251953125 0.18433372395833333 0.18572096875 0.2151235338541667 0.492731421875 0.031447062500000005 0.486083416015625 0 0.480669267578125 0
0 0.18374573828125 0.2180161927083333 0.189060087890625 0.24643577604166667 0.498833080078125 0.064076953125 0.492335447265625 0.03381471614583333 0.18374573828125 0.2180161927083333
0 0.19061616796875 0.2906388828125 0.194163701171875 0.3006396484375 0.526437634765625 0.11750873177083333 0.514452275390625 0.057899736979166665 0.18333354296875 0.25169352604166667 0.18588766796875 0.2743226510416667 0.19061616796875 0.2906388828125
0 0.19731062890625 0.3219536953125 0.198683787109375 0.338267359375 0.2028218046875 0.3514258567708333 0.208541396484375 0.35958654166666665 0.538840099609375 0.17934828645833334 0.52663214453125 0.12303412239583333 0.198697693359375 0.3114304921875 0.19731062890625 0.3219536953125
0 0.204780810546875 0.37984287239583336 0.2079300546875 0.3966841067708333 0.2130522109375 0.4151054921875 0.21838046484375 0.4166882109375 0.584214775390625 0.22016455468749999 0.574006626953125 0.1700595546875 0.2047854453125 0.37089725260416667 0.204780810546875 0.37984287239583336
0 0.216011580078125 0.41747571614583334 0.2189616796875 0.43773718489583335 0.2264480859375 0.4643166875 0.551212431640625 0.29933437760416665 0.56029200390625 0.2985520104166667 0.59523712890625 0.279108875 0.595239447265625 0.27463606510416666 0.58562446484375 0.22770315625 0.216011580078125 0.41747571614583334
0 0.558314455078125 0.30591748177083333 0.553185345703125 0.30091452864583335 0.218945453125 0.4690468619791666 0.22819867578125 0.5140451796875 0.568947787109375 0.35381102864583336 0.558314455078125 0.30591748177083333
0 0.238262384765625 0.5185256979166667 0.24554269140625 0.5619438645833333 0.58174854296875 0.40881011458333333 0.57095584375 0.3600643151041667 0.238262384765625 0.5185256979166667
0 0.237053603515625 0.5658839635416667 0.24847656640625 0.6135150104166667 0.590399693359375 0.47301475260416664 0.5780306640625 0.42480961979166665 0.237053603515625 0.5658839635416667
0 0.233272158203125 0.6263955911458333 0.24646425 0.6879726432291666 0.637332767578125 0.5535613125 0.619453271484375 0.48037301562499995 0.233272158203125 0.6263955911458333
0 0.653472640625 0.639872640625 0.65189801953125 0.6314520234375 0.646780498046875 0.604085015625 0.6363888984375 0.5619693932291666 0.247645216796875 0.6942881041666666 0.25827159765625 0.7556000833333334 0.653472640625 0.639872640625
0 0.669042890625 0.6827709427083333 0.659789669921875 0.637772625 0.272088939453125 0.7532427031250001 0.27543501171875 0.771136515625 0.2797675390625 0.7898204010416667 0.669042890625 0.6827709427083333
0 0.67848366796875 0.7467130807291666 0.66691962109375 0.6938423385416667 0.27364501953125 0.7974458072916667 0.279554486328125 0.8200775026041667 0.283294212890625 0.8400764661458333 0.67848366796875 0.7467130807291666
0 0.2860544375 0.8458669270833333 0.2892036796875 0.8627081614583334 0.293140234375 0.8837597057291666 0.69147893359375 0.8072375520833334 0.68596544140625 0.782238203125 0.68130009765625 0.752804109375 0.294346697265625 0.84087425 0.2860544375 0.8458669270833333
0 0.292325111328125 0.9332231276041667 0.701711658203125 0.8664443776041666 0.69561 0.8338144843749999 0.6903479296875 0.8191300885416667 0.2870153984375 0.8958579192708332 0.2885853828125 0.9132241588541666 0.292325111328125 0.9332231276041667
0 0.28777953125 0.9447963385416666 0.293089244140625 0.9821615416666667 0.709376349609375 0.9298589401041667 0.6999906328125 0.8796668723958333 0.28777953125 0.9447963385416666
0 0.546044208984375 1 0.684377642578125 0.9540128020833333 0.29446935546875 0.9850567734375 0.296645111328125 1 0.546044208984375 1