0 0.328000259765625 0.8381414140625 0.35093430078125 0.8386751666666666 0.329120748046875 0.432112609375 0.310387033203125 0.43116847135416664 0.328000259765625 0.8381414140625
0 0.36211446484375 0.7195321354166667 0.362256525390625 0.7086806015625 0.362463158203125 0.6928966015625 0.361891216796875 0.6800548489583332 0.36202036328125 0.6701897838541666 0.3637324375 0.6524671536458333 0.363900328125 0.6396426197916667 0.361874654296875 0.6247934348958334 0.35910915234375 0.6099270286458334 0.358524296875 0.5980717473958334 0.35948367578125 0.5813184322916667 0.358314015625 0.5576079296875 0.359234599609375 0.5438141145833334 0.358052025390625 0.5210901145833333 0.358181171875 0.5112250807291666 0.35701151171875 0.48751457812500004 0.355683177734375 0.41939422656249997 0.330555572265625 0.41683578645833336 0.352426826171875 0.8377231354166667 0.359837794921875 0.8369087786458334 0.366496068359375 0.8370637395833334 0.36527475 0.8172992395833334 0.363988859375 0.8024672708333332 0.363391138671875 0.7915985208333334 0.364324638671875 0.7768182057291666 0.36447961328125 0.7649801380208333 0.363856064453125 0.7560844531250001 0.36176576953125 0.7461677343750001 0.36194657421875 0.732356734375 0.36211446484375 0.7195321354166667
0 0.360762220703125 0.4836546328125 0.36059433203125 0.49647920052083333 0.360400611328125 0.511276734375 0.36023272265625 0.5241012682291667 0.360090662109375 0.5349527994791666 0.362817419921875 0.5527787369791667 0.363247251953125 0.5764719869791667 0.3645073125 0.5932770234375 0.364365251953125 0.6041285546875 0.36341883984375 0.6198953385416667 0.365444560546875 0.6347445911458334 0.36453683984375 0.64755190625 0.36431729296875 0.6643224401041666 0.365629013671875 0.67718140625 0.36542237890625 0.6929654713541668 0.366604955078125 0.7156894427083333 0.36716398046875 0.7295177265625 0.367684212890625 0.7463054765625 0.37311559765625 0.840178234375 0.378268431640625 0.8422717604166667 0.386380486328125 0.8444341562500001 0.392324759765625 0.8425989010416667 0.379344134765625 0.42093169531249996 0.372647119140625 0.4237362369791667 0.3645350625 0.4215738385416667 0.360810181640625 0.42346075260416666 0.35690449609375 0.4391586953125 0.357502265625 0.4500274453125 0.358112900390625 0.4599096927083333 0.358697755859375 0.4717649479166666 0.360762220703125 0.4836546328125
0 0.39306458984375 0.8426161171875001 0.40638113671875 0.8429260390625001 0.393425609375 0.3695803541666667 0.379288779296875 0.3686298151041667 0.39306458984375 0.8426161171875001
0 0.4216035703125 0.4150075833333333 0.40238149609375 0.4135734166666667 0.410235115234375 0.8311740625 0.425632291015625 0.8315546770833334 0.4216035703125 0.4150075833333333
0 0.427951798828125 0.8345468255208334 0.4619312890625 0.8392848437499999 0.46256396484375 0.4352182916666667 0.425044330078125 0.4348237369791667 0.427951798828125 0.8345468255208334
0 0.4924148046875 0.3761966458333333 0.463575185546875 0.3745386484375 0.464034498046875 0.84821503125 0.488914548828125 0.8471355208333334 0.4924148046875 0.3761966458333333
0 0.489966455078125 0.8458581875000001 0.5276837421875 0.8477227656249999 0.5381608984375 0.38054548177083336 0.496801931640625 0.3802459817708333 0.489966455078125 0.8458581875000001
0 0.58409931640625 0.38227769270833334 0.541216283203125 0.37930605729166667 0.52916340234375 0.847757203125 0.56540102734375 0.8495874114583333 0.58409931640625 0.38227769270833334
0 0.568386076171875 0.84768328125 0.57579709765625 0.8468689296875 0.590684822265625 0.47184237500000004 0.58143151171875 0.47300152083333336 0.568386076171875 0.84768328125
0 0.61894768359375 0.3771678958333333 0.596753470703125 0.376651359375 0.57947026953125 0.848928015625 0.602015810546875 0.8497677734375001 0.61894768359375 0.3771678958333333
0 0.602391447265625 0.8504483046875001 0.622366216796875 0.8509131874999999 0.6440100703125 0.37758278125000005 0.62042734375 0.37720233333333336 0.602391447265625 0.8504483046875001
0 0.659834572265625 0.4195652317708333 0.64577814453125 0.41923808854166666 0.62304142578125 0.8558628697916667 0.63560527734375 0.8571421067708332 0.659834572265625 0.4195652317708333
0 0.64816903125 0.8584212760416667 0.6540201953125 0.8564042682291667 0.68277783203125 0.3628645989583333 0.665022400390625 0.3624513697916667 0.639304279296875 0.8572281953125 0.64816903125 0.8584212760416667
0 0.65473694921875 0.8654817708333334 0.672556853515625 0.8609625312500001 0.704959126953125 0.36436763541666667 0.684997271484375 0.36291625260416666 0.65473694921875 0.8654817708333334
0 0.6726989140625 0.8501109973958334 0.694166259765625 0.8496237838541667 0.724525716796875 0.4445707395833333 0.700214041015625 0.4441882786458333 0.6726989140625 0.8501109973958334
0 0.7564264375 0.44648333333333334 0.728326697265625 0.44484255468749995 0.6949190546875 0.84865446875 0.72085542578125 0.8492778723958333 0.7564264375 0.44648333333333334