0 0.18822284375 0.24720203124999998 0.140451662109375 0.22905953906249998 0.12781144921875 0.2841642682291667 0.03747284375 0.7279192369791666 0.085115626953125 0.74040065625 0.18822284375 0.24720203124999998
0 0.088590505859375 0.7451265260416666 0.13268899609375 0.7622417552083333 0.229470029296875 0.26763299739583335 0.186777337890625 0.25279944010416666 0.088590505859375 0.7451265260416666
0 0.130256705078125 0.7746906406249999 0.1608216796875 0.7866361223958332 0.258974646484375 0.28003108072916666 0.229935279296875 0.27052636458333335 0.130256705078125 0.7746906406249999
0 0.300043345703125 0.15662255989583332 0.291624904296875 0.15588812760416668 0.284347744140625 0.15511652083333333 0.154970255859375 0.818385375 0.161025810546875 0.8222090390625 0.1715199296875 0.8270269244791667 0.188551453125 0.8338026197916667 0.20447095703125 0.8327633046875 0.334782837890625 0.17361508072916665 0.326169771484375 0.16757377343750002 0.312636306640625 0.16240403125 0.300043345703125 0.15662255989583332
0 0.229865119140625 0.8162472005208333 0.258113546875 0.8250421484375 0.355095794921875 0.33737954427083333 0.327595083984375 0.32760124739583335 0.229865119140625 0.8162472005208333
0 0.258549095703125 0.8294161145833333 0.284675505859375 0.840367375 0.383526458984375 0.3509843541666667 0.355531333984375 0.34175354166666666 0.258549095703125 0.8294161145833333
0 0.31514795703125 0.8647924010416667 0.32848673828125 0.8646552708333334 0.431070080078125 0.3159103307291667 0.39290115625 0.3013514895833333 0.2897674140625 0.8479225625 0.29695809765625 0.8564413723958334 0.31514795703125 0.8647924010416667
0 0.4459796328125 0.3248423645833333 0.433122580078125 0.32311368749999997 0.332661265625 0.8697022812499999 0.34617163671875 0.8779920130208333 0.35970510546875 0.8831617395833334 0.3704401484375 0.8870466979166666 0.4721814296875 0.33430656249999996 0.45811387890625 0.32936973697916666 0.4459796328125 0.3248423645833333
0 0.375647736328125 0.8790025052083333 0.407635099609375 0.88847046875 0.500031376953125 0.3964390234375 0.4675381328125 0.3837847005208333 0.375647736328125 0.8790025052083333
0 0.40922893359375 0.89441975 0.437477361328125 0.9032146927083334 0.531314494140625 0.4119488046875 0.50157799609375 0.40045602343750003 0.40922893359375 0.89441975
0 0.561529068359375 0.2804286822916667 0.429582861328125 0.9580265364583332 0.47377758984375 0.9747690963541666 0.605386634765625 0.29847684114583334 0.561529068359375 0.2804286822916667
0 0.47948651953125 0.9496323567708332 0.506553439453125 0.9599718723958334 0.613459529296875 0.42782061718750003 0.584752435546875 0.41777159375 0.47948651953125 0.9496323567708332
0 0.66308969140625 0.39321322656249996 0.626517029296875 0.3799155546875 0.5079295234375 0.9637341770833333 0.534514609375 0.975939484375 0.549447337890625 0.9817516119791666 0.66308969140625 0.39321322656249996
0 0.58863747265625 1 0.715940025390625 0.3976503984375 0.6787279765625 0.38437671875 0.547909251953125 0.9998285729166666 0.54833405859375 1 0.58863747265625 1
0 0.6608864453125 1 0.779993662109375 0.4374926953125 0.762985267578125 0.4275970807291667 0.746894298828125 0.42020965885416667 0.7233061875 0.41172828125 0.597720689453125 1 0.6608864453125 1
0 0.73941473046875 1 0.863081041015625 0.46695965364583336 0.80455483984375 0.43904656770833334 0.793352880859375 0.44044418750000003 0.669411490234375 1 0.73941473046875 1