0 0.5590375703125 1 0.229730185546875 0.9164260859375001 0.2280041953125 0.9248852526041667 0.453955791015625 1 0.5590375703125 1
0 0.609779591796875 1 0.61508375 0.9682767317708333 0.237240408203125 0.8667142291666666 0.227214130859375 0.90948921875 0.581970896484375 1 0.609779591796875 1
0 0.248169033203125 0.8218989010416666 0.23885708984375 0.8635396848958333 0.614184736328125 0.9649276302083334 0.620805681640625 0.9254424947916666 0.248169033203125 0.8218989010416666
0 0.261612052734375 0.7867151458333334 0.253732091796875 0.8206980364583334 0.624753689453125 0.9247214947916667 0.62904429296875 0.8929637473958333 0.261612052734375 0.7867151458333334
0 0.629942650390625 0.8928941822916667 0.63513156640625 0.861066859375 0.268592998046875 0.7493830885416667 0.260355029296875 0.7852804973958333 0.629942650390625 0.8928941822916667
0 0.2775429140625 0.7015215546875 0.268411966796875 0.7462727395833334 0.63387455859375 0.8596322135416666 0.642036021484375 0.8190025651041667 0.2775429140625 0.7015215546875
0 0.644622515625 0.8184688151041667 0.652319439453125 0.7773079088541667 0.29043103515625 0.6540295833333333 0.27915791796875 0.7010417421874999 0.644622515625 0.8184688151041667
0 0.29920976953125 0.601967078125 0.28756883203125 0.6519842526041667 0.653574470703125 0.7746748932291667 0.661336291015625 0.729245984375 0.29920976953125 0.601967078125
0 0.662345380859375 0.7277706171874999 0.6718342890625 0.6811049609375001 0.3115010703125 0.5503236015625 0.30028578125 0.6002913177083333 0.662345380859375 0.7277706171874999
0 0.304374521484375 0.5213283645833333 0.3018725703125 0.5428648333333334 0.65926816015625 0.6748940442708333 0.666259134765625 0.6579001302083333 0.670376103515625 0.6358837864583333 0.670911111328125 0.6289444713541666 0.671625064453125 0.6210479479166667 0.6719790390625 0.6109982161458333 0.31763048828125 0.47083131770833336 0.31637951171875 0.48159954947916667 0.312974515625 0.4916517083333333 0.307958521484375 0.5103189479166667 0.304374521484375 0.5213283645833333
0 0.688685150390625 0.5471106276041667 0.33123234375 0.3940141796875 0.31529543359375 0.46700489322916666 0.6734150546875 0.6114756015625 0.678616087890625 0.6040540494791666 0.680766111328125 0.596634859375 0.68255608984375 0.5870625807291666 0.6852430546875 0.5767717213541667 0.687747044921875 0.5593028671875 0.688685150390625 0.5471106276041667
0 0.3866556953125 0.3260163671875 0.367850802734375 0.40618752343750003 0.68863596875 0.5423138697916666 0.7050301484375 0.4686727630208333 0.3866556953125 0.3260163671875
0 0.70349284375 0.46286364583333334 0.72068678515625 0.3913075182291667 0.403135685546875 0.244181875 0.385038673828125 0.3224285755208333 0.70349284375 0.46286364583333334
0 0.335043326171875 0.11669516927083333 0.319287439453125 0.19279629166666667 0.735975849609375 0.37943269270833335 0.75025979296875 0.3106491510416667 0.335043326171875 0.11669516927083333