0 0.827223744140625 0.06287030208333333 0.80757066015625 0.058719979166666665 0.319591880859375 0.015478713541666666 0.31689324609375 0.03188938802083333 0.824374865234375 0.08012636197916666 0.827223744140625 0.06287030208333333
0 0.327568794921875 0.08708332812500001 0.324870162109375 0.10349399999999999 0.32347459765625 0.13416389322916666 0.780902552734375 0.19380545052083334 0.78132585546875 0.19353812239583335 0.78896860546875 0.11959558333333332 0.33146128515625 0.06692928385416667 0.327568794921875 0.08708332812500001
0 0.778683548828125 0.26925002604166665 0.783247326171875 0.19929492708333332 0.32120259765625 0.14067611458333332 0.31357636328125 0.16703361979166667 0.3089099921875 0.2000093828125 0.778683548828125 0.26925002604166665
0 0.77046536328125 0.3384334583333333 0.777952669921875 0.2690956796875 0.28871323828125 0.19973966666666665 0.281804703125 0.26420536197916666 0.77046536328125 0.3384334583333333
0 0.2930458046875 0.35248098177083337 0.712845064453125 0.4261510182291666 0.718101681640625 0.3581588723958333 0.305685654296875 0.2902245104166667 0.2930458046875 0.35248098177083337
0 0.2916568046875 0.3641740494791667 0.287873455078125 0.40233046614583334 0.6780903125 0.47274990625 0.682336634765625 0.4306957083333333 0.2916568046875 0.3641740494791667
0 0.288141361328125 0.40638246093749997 0.283627142578125 0.44438466666666665 0.6739611015625 0.514725140625 0.6783581953125 0.47680190104166664 0.288141361328125 0.40638246093749997
0 0.283468408203125 0.4583351796875 0.277809904296875 0.46812766145833334 0.274843421875 0.48048628385416664 0.270950884765625 0.5006403151041666 0.271212216796875 0.5236692057291666 0.724784048828125 0.6094656822916666 0.724790650390625 0.5904886640625 0.728335888671875 0.5732578854166667 0.731833466796875 0.5269465833333333 0.283468408203125 0.4583351796875
0 0.6690289140625 0.6436387526041667 0.668956142578125 0.6316371223958334 0.669997892578125 0.6228673229166667 0.671581990234375 0.6032247526041666 0.278709505859375 0.5362399140624999 0.27685751171875 0.551830625 0.27407954296875 0.5752164973958334 0.270375568359375 0.6063977916666666 0.666118056640625 0.6778580963541666 0.6690289140625 0.6436387526041667
0 0.258096171875 0.62777715625 0.267098236328125 0.6276805651041667 0.27225075390625 0.6347618645833334 0.27275016796875 0.6368649739583333 0.6763450859375 0.7096798984375 0.67793841796875 0.6884711901041666 0.259948150390625 0.612186578125 0.258096171875 0.62777715625
0 0.271787759765625 0.6386595104166667 0.26882127734375 0.6510181328125 0.262316126953125 0.661630640625 0.2585393828125 0.6808103046874999 0.257034654296875 0.6934776197916667 0.25633358203125 0.7183010442708334 0.642930734375 0.8036942161458334 0.650310546875 0.7066092760416667 0.271787759765625 0.6386595104166667
0 0.260467572265625 0.7781066718749999 0.255308416015625 0.7900023828124999 0.2487371171875 0.7696363802083334 0.2480426328125 0.7754827838541667 0.244649494140625 0.7977400546875 0.245337421875 0.8108704140624999 0.633854384765625 0.9019069322916667 0.639135869140625 0.8700599531250001 0.640719970703125 0.85041725 0.6411465859375 0.8405187239583333 0.641305306640625 0.8265683411458333 0.643120908203125 0.8049768776041667 0.255023923828125 0.7230188463541666 0.249937556640625 0.7469160520833333 0.24954736328125 0.7628154661458333 0.25677679296875 0.7713341927083334 0.260467572265625 0.7781066718749999