0 0.449498873046875 0 0.158822087890625 0.11107030208333334 0.166671138671875 0.1475675 0.5277439921875 0.0038769479166666666 0.526616416015625 0 0.449498873046875 0
0 0.536523890625 0 0.148120755859375 0.15578833333333333 0.156637326171875 0.18751625000000002 0.570007962890625 0.019316765625 0.566390615234375 0 0.536523890625 0
0 0.161675259765625 0.19913232031250003 0.173440953125 0.24203169791666668 0.58268120703125 0.08218247395833334 0.57426887890625 0.039129528645833335 0.161675259765625 0.19913232031250003
0 0.206202849609375 0.2565903489583333 0.218198056640625 0.30843011718749996 0.543958953125 0.18162583854166667 0.534782806640625 0.13108463541666668 0.206202849609375 0.2565903489583333
0 0.218422314453125 0.3094728958333333 0.228962470703125 0.3584834192708333 0.554728623046875 0.23957674739583334 0.545331220703125 0.188006734375 0.218422314453125 0.3094728958333333
0 0.2303080234375 0.3647400807291667 0.241406197265625 0.41240873958333335 0.565159279296875 0.2920146875 0.55565532421875 0.243885796875 0.2303080234375 0.3647400807291667
0 0.241630455078125 0.413451515625 0.252952888671875 0.462162953125 0.574917158203125 0.3413242942708334 0.565082169921875 0.2955927161458333 0.241630455078125 0.413451515625
0 0.232165173828125 0.467853625 0.240687001953125 0.5074791536458333 0.600758576171875 0.37094252343749995 0.593950953125 0.335351265625 0.232165173828125 0.467853625
0 0.24281483203125 0.5134367317708334 0.250439625 0.5488911510416666 0.611298732421875 0.4199530442708333 0.60303850390625 0.381543921875 0.24281483203125 0.5134367317708334
0 0.665974888671875 0.4419325182291667 0.661713974609375 0.42211975520833334 0.65906266015625 0.4097914401041667 0.240165783203125 0.5641042942708333 0.240400556640625 0.5809422916666667 0.242424138671875 0.5982248958333333 0.24578801953125 0.6138665520833334 0.250377435546875 0.6233970677083334 0.253292796875 0.6369531666666667 0.258440234375 0.6451418203125 0.676968818359375 0.500926203125 0.665974888671875 0.4419325182291667
0 0.2799164921875 0.6662723098958333 0.283165615234375 0.6774437708333334 0.637881265625 0.5553685442708333 0.630814490234375 0.5185722578124999 0.27453428515625 0.6412456588541667 0.276891630859375 0.6561436223958333 0.2799164921875 0.6662723098958333
0 0.6496259296875 0.5666774817708333 0.647831861328125 0.5583352630208334 0.64458799609375 0.5550614140625 0.63971670703125 0.5560299713541667 0.298143630859375 0.6762313385416667 0.300167216796875 0.6935139401041667 0.30207604296875 0.7063263515624999 0.304991404296875 0.719882453125 0.310029337890625 0.7314985208333334 0.657594998046875 0.6155424817708334 0.656025185546875 0.6082430416666667 0.652098033203125 0.5860456380208333 0.6496259296875 0.5666774817708333
0 0.29607362890625 0.7571474791666667 0.306055765625 0.8074998645833333 0.667144390625 0.6875021458333334 0.654751408203125 0.63381278125 0.29607362890625 0.7571474791666667
0 0.3032919609375 0.8536972317708332 0.3179677578125 0.9022551041666667 0.723526142578125 0.7528416979166667 0.711919720703125 0.6988731614583333 0.3032919609375 0.8536972317708332
0 0.321654884765625 0.8997168958333334 0.335214646484375 0.9509584947916667 0.73507808984375 0.8104935208333334 0.72403269140625 0.7551970885416667 0.321654884765625 0.8997168958333334
0 0.37991169921875 1 0.739261044921875 0.8811193671875 0.7303473671875 0.8317986171874999 0.332763572265625 0.9631807786458334 0.341969611328125 1 0.37991169921875 1
0 0.552702810546875 1 0.74842903515625 0.9251685442708334 0.741618388671875 0.8960173333333333 0.40069703125 1 0.552702810546875 1