0 0.87874373046875 0.1975388098958333 0.886860287109375 0.157424796875 0.4280622578125 0.004781348958333333 0.418480419921875 0.047932481770833334 0.876548716796875 0.20654622135416667 0.87874373046875 0.1975388098958333
0 0.41763592578125 0.047566622395833334 0.405816265625 0.0922379453125 0.8645758671875 0.2572979166666667 0.874606685546875 0.21068405729166664 0.41763592578125 0.047566622395833334
0 0.4072309296875 0.09409564583333334 0.396508853515625 0.13426321354166668 0.8469088515625 0.300300484375 0.856918162109375 0.2602815911458333 0.4072309296875 0.09409564583333334
0 0.392856369140625 0.13392569791666667 0.385490958984375 0.1718131171875 0.837275513671875 0.34404526822916665 0.84731494921875 0.299689125 0.392856369140625 0.13392569791666667
0 0.38240860546875 0.17296734895833332 0.37586633203125 0.20747695052083334 0.83040503125 0.38487972135416665 0.8388734140625 0.3458239375 0.38240860546875 0.17296734895833332
0 0.36263205078125 0.2502906692708333 0.354147720703125 0.2889380963541667 0.745648158203125 0.44485359635416666 0.75607451171875 0.4020682473958333 0.36263205078125 0.2502906692708333
0 0.375317580078125 0.20972880208333333 0.365988734375 0.24801045052083334 0.75493421484375 0.39908465624999995 0.764486078125 0.3604291744791666 0.375317580078125 0.20972880208333333
0 0.34182215234375 0.34334859375 0.79442423828125 0.5282245989583333 0.80805028125 0.4724005494791667 0.3541691328125 0.29268179427083335 0.34182215234375 0.34334859375
0 0.780705384765625 0.5845209921875 0.79387550390625 0.5304763776041667 0.33930996484375 0.34599466927083333 0.328628365234375 0.3961351640625 0.780705384765625 0.5845209921875
0 0.78370590234375 0.6181856119791667 0.788370298828125 0.5990449010416666 0.3202281484375 0.39747817708333333 0.310350548828125 0.43801167708333333 0.305201544921875 0.4706352109375 0.767179056640625 0.6745104244791666 0.772160626953125 0.6617310468750001 0.777395193359375 0.6440821015625 0.7807091328125 0.6343145234374999 0.78370590234375 0.6181856119791667
0 0.309466962890625 0.4799519453125 0.30178437890625 0.5114780338541667 0.668857751953125 0.6680141875 0.674576869140625 0.6368823932291666 0.309466962890625 0.4799519453125
0 0.300665515625 0.5122380625 0.294101830078125 0.54300396875 0.66090080078125 0.7006661614583334 0.6680132265625 0.6676483177083333 0.300665515625 0.5122380625
0 0.27206604296875 0.6181037786458333 0.678874935546875 0.7993232473958334 0.685524166015625 0.7835319270833333 0.63288914453125 0.7619738046875 0.583062080078125 0.7403874114583333 0.527048947265625 0.7173658020833332 0.474118125 0.6931900286458333 0.38991846484375 0.6517333489583333 0.344862724609375 0.6297245182291666 0.301791853515625 0.6110650859375 0.272254873046875 0.6020031458333334 0.27206604296875 0.6181037786458333
0 0.681134138671875 0.8015467447916667 0.27573995703125 0.6221849192708333 0.27350213671875 0.6237051067708334 0.268563337890625 0.6439718567708334 0.265292173828125 0.6612266458333333 0.263688701171875 0.6754695026041667 0.6817294296875 0.8565757239583333 0.695063470703125 0.8054282083333333 0.681134138671875 0.8015467447916667
0 0.668530765625 0.9185208645833334 0.680421724609375 0.8734363854166666 0.679830169921875 0.8682009322916667 0.255054630859375 0.6879114348958333 0.243847927734375 0.7415619036458333 0.668530765625 0.9185208645833334
0 0.6512307265625 0.9740666614583334 0.65312998828125 0.9624414505208333 0.652650953125 0.9499758723958333 0.211870396484375 0.845963984375 0.208221630859375 0.8954200703124999 0.64658771484375 0.9969510572916667 0.6512307265625 0.9740666614583334