0 0.671032984375 0.08563929687499999 0.677248896484375 0.0193424765625 0.219935126953125 0.011055354166666668 0.225053265625 0.07339016666666666 0.671032984375 0.08563929687499999
0 0.21815915625 0.13417812239583335 0.221711095703125 0.18153303906249998 0.70388854296875 0.13772969010416666 0.703568890625 0.09161933333333333 0.21815915625 0.13417812239583335
0 0.70211255859375 0.1910039921875 0.70388854296875 0.14009742708333334 0.220823140625 0.18508460677083335 0.225053265625 0.23354641666666667 0.70211255859375 0.1910039921875
0 0.705664513671875 0.235991171875 0.705664513671875 0.19573946875 0.219935126953125 0.237175 0.227006390625 0.27781725 0.705664513671875 0.235991171875
0 0.221711095703125 0.27979444270833337 0.226151052734375 0.32241380468749997 0.705522015625 0.28302558333333333 0.704776529296875 0.2419104765625 0.221711095703125 0.27979444270833337
0 0.704776529296875 0.33306866406249996 0.704776529296875 0.28808156510416666 0.221711095703125 0.3259654505208333 0.225053265625 0.37286933333333333 0.704776529296875 0.33306866406249996
0 0.221711095703125 0.3733203671875 0.223487068359375 0.41830754947916665 0.703568890625 0.383286 0.70388854296875 0.3342525729166667 0.221711095703125 0.3733203671875
0 0.70388854296875 0.4277785 0.70300055859375 0.3816074895833333 0.221711095703125 0.42067528645833335 0.223487068359375 0.4644785572916667 0.70388854296875 0.4277785
0 0.70388854296875 0.4893399244791667 0.70300055859375 0.4325139739583333 0.21815915625 0.46921403385416666 0.222123578125 0.5252130833333334 0.70388854296875 0.4893399244791667
0 0.21815915625 0.52840771875 0.220823140625 0.5852335885416667 0.703568890625 0.5538589166666666 0.70211255859375 0.497627046875 0.21815915625 0.52840771875
0 0.701224572265625 0.6183819192708333 0.701224572265625 0.5580044036458334 0.219047111328125 0.5899690625 0.222123578125 0.648911 0.701224572265625 0.6183819192708333
0 0.69323269140625 0.6704723125 0.69323269140625 0.6231173958333334 0.220823140625 0.6515304088541667 0.224076703125 0.7009943333333334 0.69323269140625 0.6704723125
0 0.220823140625 0.7048046302083333 0.223487068359375 0.7521595494791667 0.694779828125 0.7283380833333334 0.69412067578125 0.6811272526041666 0.220823140625 0.7048046302083333
0 0.691456705078125 0.7687337942708333 0.692344689453125 0.7308498281250001 0.2279270234375 0.7533433776041667 0.228959515625 0.79344225 0.691456705078125 0.7687337942708333
0 0.22437508203125 0.7971466484374999 0.2279270234375 0.8397660911458332 0.691456705078125 0.8101692473958333 0.692344689453125 0.7722854401041667 0.22437508203125 0.7971466484374999
0 0.226151052734375 0.840950078125 0.23147896484375 0.9096145572916666 0.689897015625 0.8819839166666666 0.689680734375 0.8196403567708334 0.226151052734375 0.840950078125
0 0.68879275 0.9546018177083333 0.687904765625 0.8930404713541668 0.228814978515625 0.9143500338541667 0.231889203125 0.9835464166666666 0.68879275 0.9546018177083333