0 0.389734380859375 0 0.386815162109375 0.0385980625 0.76543996484375 0.10349440104166667 0.767322978515625 0.0939185703125 0.620838943359375 0.026667239583333335 0.41003979296875 0 0.389734380859375 0
0 0.759080349609375 0.1281206171875 0.76402221484375 0.10534767447916667 0.385947935546875 0.041956210937499995 0.384310705078125 0.06592788281249999 0.759080349609375 0.1281206171875
0 0.38882401953125 0.07082256770833333 0.38585048046875 0.09324705208333334 0.752321208984375 0.16884054947916668 0.757868837890625 0.14008525 0.38882401953125 0.07082256770833333
0 0.740592630859375 0.2360769765625 0.751715462890625 0.17482282812500002 0.381597197265625 0.098806859375 0.3747555078125 0.14692189322916668 0.740592630859375 0.2360769765625
0 0.3709972890625 0.165309421875 0.369730537109375 0.18476128125 0.741912900390625 0.2855145286458333 0.752064208984375 0.24165034895833334 0.3747552421875 0.15075757291666667 0.373598953125 0.15523505208333332 0.3709972890625 0.165309421875
0 0.73032233984375 0.33403309635416667 0.741045673828125 0.28887267708333336 0.366895033203125 0.18846783072916665 0.360480197265625 0.22058120052083333 0.73032233984375 0.33403309635416667
0 0.36404487109375 0.23223451302083334 0.35725815625 0.27669799739583334 0.715841068359375 0.39374537239583335 0.72719775390625 0.3388590520833333 0.36404487109375 0.23223451302083334
0 0.34715523046875 0.27581600260416667 0.342474826171875 0.3012131510416667 0.674947041015625 0.41754173177083337 0.68049465234375 0.3887865130208333 0.34715523046875 0.27581600260416667
0 0.339377833984375 0.30229547916666666 0.334697431640625 0.3276926328125 0.6665292734375 0.44888369791666666 0.672139140625 0.4175047421875 0.339377833984375 0.30229547916666666
0 0.330471779296875 0.3295089140625 0.322790189453125 0.3810741458333333 0.635858662109375 0.5036582265625 0.64693621875 0.4460007734375 0.330471779296875 0.3295089140625
0 0.6250348125 0.5599025729166667 0.63523521484375 0.5094936484375 0.327277330078125 0.3818820807291667 0.31952204296875 0.43279093750000003 0.6250348125 0.5599025729166667
0 0.319306658203125 0.4345667213541667 0.309161517578125 0.47748833854166667 0.615907869140625 0.6170646171874999 0.626714025390625 0.5606735052083334 0.319306658203125 0.4345667213541667
0 0.644329486328125 0.6852049583333333 0.65192825390625 0.6448704166666667 0.28811602734375 0.47533887239583333 0.279117185546875 0.5092615338541667 0.644329486328125 0.6852049583333333
0 0.277709376953125 0.51563634375 0.2721341953125 0.5481351223958334 0.618782255859375 0.7223076328125 0.627233591796875 0.718675078125 0.633351646484375 0.7173364479166667 0.64172784375 0.69527925 0.642622654296875 0.6881776380208334 0.277709376953125 0.51563634375
0 0.610717162109375 0.8129823671874999 0.624204794921875 0.7485867838541668 0.6248381484375 0.7388608854166666 0.2759603046875 0.5624126276041667 0.26825112109375 0.617721484375 0.610717162109375 0.8129823671874999
0 0.591057138671875 0.9024005026041667 0.605359810546875 0.8288331796875 0.263681162109375 0.628144328125 0.25151383984375 0.6921383984374999 0.591057138671875 0.9024005026041667
0 0.250424388671875 0.7122083333333333 0.234993033203125 0.7865095208333334 0.521876203125 0.992091765625 0.54216655078125 0.9062483932291667 0.250424388671875 0.7122083333333333
0 0.512294982421875 1 0.235226892578125 0.792877265625 0.2310694140625 0.8235228281250001 0.468034857421875 1 0.512294982421875 1
0 0.414546607421875 0.9895783906250001 0.215846013671875 0.8315588906250001 0.211743775390625 0.8547172265624999 0.327130294921875 0.9494452552083333 0.414546607421875 0.9895783906250001