0 0.2223332265625 0 0.21903565625 0.0238758828125 0.219885890625 0.03619266145833334 0.6998576796875 0.18097981770833335 0.703674796875 0.17086188020833334 0.7088096796875 0.14453072395833333 0.715403607421875 0.10091803125 0.720677216796875 0.054791856770833335 0.722594021484375 0.04461913541666667 0.53280825 0 0.2223332265625 0
0 0.212816775390625 0.052155255208333334 0.20410619921875 0.1305194453125 0.66564234765625 0.252246234375 0.677255291015625 0.17692984895833333 0.212816775390625 0.052155255208333334
0 0.20486139453125 0.13730620572916666 0.2011418671875 0.171680859375 0.668429365234375 0.2936582734375 0.672644212890625 0.2617868255208333 0.20486139453125 0.13730620572916666
0 0.2010005859375 0.17274918229166666 0.19619705859375 0.2090720546875 0.661740400390625 0.33174094531250004 0.6676981796875 0.299187296875 0.2010005859375 0.17274918229166666
0 0.1958194609375 0.20567867708333332 0.188331609375 0.26229962760416664 0.622760126953125 0.3765518046875 0.63097723046875 0.32691378125 0.1958194609375 0.20567867708333332
0 0.186304892578125 0.26512774739583334 0.1780156015625 0.32156027604166665 0.614188275390625 0.4351209765625 0.620941890625 0.38405209895833337 0.186304892578125 0.26512774739583334
0 0.169256228515625 0.3877961067708333 0.594868919921875 0.49997566145833333 0.60141660546875 0.46296130989583334 0.6035522890625 0.44056321875 0.546019751953125 0.4257035885416667 0.177309201171875 0.32690187760416667 0.169256228515625 0.3877961067708333
0 0.168832388671875 0.3910010677083333 0.160825658203125 0.4452969583333333 0.58459915625 0.5526379713541667 0.593502361328125 0.5040605208333333 0.168832388671875 0.3910010677083333
0 0.158893978515625 0.4536550963541666 0.15413924609375 0.5021063307291667 0.575508427734375 0.6088820833333334 0.585071791015625 0.561561375 0.158893978515625 0.4536550963541666
0 0.167622421875 0.5063777942708333 0.1622537734375 0.5469739505208333 0.547982060546875 0.642065828125 0.5536929375 0.6051304947916667 0.167622421875 0.5063777942708333
0 0.538513734375 0.6949165598958333 0.546296134765625 0.6485656302083334 0.16409296875 0.5518124895833333 0.158205443359375 0.5900835859375 0.158678078125 0.599006984375 0.538513734375 0.6949165598958333
0 0.155567361328125 0.6037833203124999 0.1506225546875 0.6411745182291667 0.53248492578125 0.7342559739583333 0.537391318359375 0.6971552708333334 0.155567361328125 0.6037833203124999
0 0.146569119140625 0.6468307552083333 0.142284470703125 0.6854786875 0.52721131640625 0.7803821484375 0.532257517578125 0.7422242526041667 0.146569119140625 0.6468307552083333
0 0.138891193359375 0.6923916666666666 0.1363481484375 0.7116214244791667 0.491621767578125 0.799553328125 0.494688677734375 0.7763622473958334 0.138891193359375 0.6923916666666666
0 0.136725748046875 0.7150148020833332 0.132155984375 0.7370726796875 0.488513603515625 0.8230563671875001 0.491815919921875 0.8043338723958334 0.136725748046875 0.7150148020833332
0 0.117213765625 0.7500827526041666 0.107324150390625 0.824865140625 0.555423365234375 0.935722125 0.565364416015625 0.8667994635416667 0.117213765625 0.7500827526041666
0 0.54480181640625 1 0.553445525390625 0.9444293098958334 0.104438783203125 0.8341861119791667 0.09454916796875 0.9089685 0.477739380859375 1 0.54480181640625 1