0 0.10898971875 0.8186320234375 0.134688484375 0.81448140625 0.079531564453125 0.1964471953125 0.050052869140625 0.19863454427083335 0.10898971875 0.8186320234375
0 0.110618978515625 0.19690784375 0.083970369140625 0.19634388802083333 0.133847240234375 0.8180535052083333 0.159530568359375 0.8127190442708333 0.110618978515625 0.19690784375
0 0.142702611328125 0.20563447395833334 0.114294025390625 0.2062956380208333 0.1604183046875 0.8126983828125001 0.187000998046875 0.8114265260416667 0.142702611328125 0.20563447395833334
0 0.187923658203125 0.8108741197916666 0.210974650390625 0.8079693229166667 0.169243521484375 0.2010696953125 0.144447150390625 0.20322553125 0.187923658203125 0.8108741197916666
0 0.194193248046875 0.20443611197916667 0.17109576171875 0.203789484375 0.211877943359375 0.8091324192708332 0.232841314453125 0.8064528203125 0.194193248046875 0.20443611197916667
0 0.234010146484375 0.8038806848958333 0.262387798828125 0.8008519192708333 0.23265434375 0.26991711979166666 0.204842068359375 0.27168563281249997 0.234010146484375 0.8038806848958333
0 0.2686994453125 0.2654627916666667 0.234091958984375 0.26745238541666666 0.26329103125 0.8020150989583333 0.294304251953125 0.8011155208333333 0.2686994453125 0.2654627916666667
0 0.29699528515625 0.7988623619791667 0.334250599609375 0.7956269036458333 0.31057996875 0.25377842447916665 0.273029822265625 0.2570728619791667 0.29699528515625 0.7988623619791667
0 0.35375479296875 0.25045745572916667 0.312932912109375 0.2525916796875 0.33610362109375 0.8015046197916668 0.3743701796875 0.7992521145833332 0.35375479296875 0.25045745572916667
0 0.377033982421875 0.8076569947916666 0.41249826953125 0.8032791796875 0.395654875 0.19501074479166666 0.353802767578125 0.19807665364583335 0.377033982421875 0.8076569947916666
0 0.43912452734375 0.19163071875 0.4009659765625 0.19370297916666668 0.414304796875 0.8056054557291666 0.453527869140625 0.8026189713541667 0.43912452734375 0.19163071875
0 0.45494070703125 0.7892655911458334 0.485124828125 0.7885631041666666 0.478608353515625 0.25637923958333336 0.447079083984375 0.256574625 0.45494070703125 0.7892655911458334
0 0.5145960703125 0.25855577343749997 0.48263635546875 0.25929958593749997 0.48772616796875 0.7837659192708334 0.51878264453125 0.7818589270833334 0.5145960703125 0.25855577343749997
0 0.542931486328125 0.1844781328125 0.5154106953125 0.18511863541666665 0.51970137890625 0.7842058671875001 0.547024982421875 0.7822110286458334 0.542931486328125 0.1844781328125
0 0.556270365234375 0.7963805885416666 0.581096951171875 0.7934344661458334 0.579149826171875 0.17720467708333332 0.549940751953125 0.17721001822916668 0.556270365234375 0.7963805885416666
0 0.620411021484375 0.26911890625 0.5822369140625 0.27000734895833334 0.582686455078125 0.7791875468749999 0.6172586015625 0.7753673255208334 0.620411021484375 0.26911890625
0 0.665625271484375 0.263329953125 0.62925775 0.2665446927083333 0.624442625 0.7805840572916667 0.658131318359375 0.7762474869791666 0.665625271484375 0.263329953125
0 0.682906921875 0.3623975625 0.663375998046875 0.3628521145833334 0.65981392578125 0.7691033619791666 0.681073947265625 0.765056046875 0.682906921875 0.3623975625
0 0.749885869140625 0.25544809635416665 0.68864526953125 0.25805753645833335 0.68644698046875 0.7684835208333333 0.744090130859375 0.7646018333333333 0.749885869140625 0.25544809635416665
0 0.748621806640625 0.7694048203125 0.803632513671875 0.7657562109375 0.8193767578125 0.24844839322916668 0.754278177734375 0.251793390625 0.748621806640625 0.7694048203125
0 0.845536802734375 0.16796214583333333 0.822485810546875 0.17086696354166667 0.805284125 0.7562444088541667 0.8269830390625 0.7548589401041667 0.845536802734375 0.16796214583333333
0 0.827462880859375 0.7545441093749999 0.85052937109375 0.7528230755208334 0.8729821953125 0.16515706510416667 0.8472968984375 0.1667370234375 0.827462880859375 0.7545441093749999
0 0.90820755078125 0.20676516666666667 0.875375599609375 0.20871345833333332 0.854937177734375 0.7503521692708334 0.885947044921875 0.7448938203125 0.90820755078125 0.20676516666666667
0 0.88596254296875 0.7460776614583334 0.91613128515625 0.744191328125 0.94381233203125 0.20387933854166665 0.91087087890625 0.2067031796875 0.88596254296875 0.7460776614583334
0 0.976550283203125 0.20399043489583335 0.947238400390625 0.2034884635416667 0.916115787109375 0.7430074895833334 0.9478879140625 0.7390222552083333 0.976550283203125 0.20399043489583335