0 0.473777443359375 0 0.17364895703125 0.056240411458333334 0.179262306640625 0.1094951640625 0.56413901953125 0 0.473777443359375 0
0 0.186828416015625 0.12670021354166666 0.19045181640625 0.16107599479166665 0.59139455078125 0.043221231770833334 0.586647236328125 0.005979244791666667 0.186828416015625 0.12670021354166666
0 0.191710623046875 0.16522195312500002 0.19625313671875 0.20052096875 0.59361938671875 0.08771823958333334 0.5907115078125 0.052334171875 0.191710623046875 0.16522195312500002
0 0.219757341796875 0.25198509635416666 0.61698383203125 0.15344955468750002 0.624463234375 0.1542389296875 0.6162973203125 0.08456413541666667 0.188773734375 0.19973159375000002 0.194308802734375 0.2600402239583333 0.219757341796875 0.25198509635416666
0 0.176086681640625 0.282077671875 0.1850186875 0.37461359635416663 0.189134802734375 0.3902742109375 0.19476271484375 0.39688783593750004 0.63408175390625 0.31566027604166663 0.620094130859375 0.15177126302083332 0.18002938671875 0.2649069375 0.176086681640625 0.282077671875
0 0.2080964921875 0.40643932552083334 0.215343294921875 0.475190890625 0.6400299609375 0.4032780260416667 0.633066123046875 0.32161789583333333 0.2080964921875 0.40643932552083334
0 0.208543279296875 0.48084697395833337 0.215676849609375 0.5485242942708334 0.64921495703125 0.48262101041666666 0.641207728515625 0.4066551666666667 0.208543279296875 0.48084697395833337
0 0.221428244140625 0.5563094114583333 0.227669228515625 0.6077220729166667 0.649811751953125 0.54285871875 0.644174265625 0.48937498697916665 0.221428244140625 0.5563094114583333
0 0.232957447265625 0.6111129713541666 0.235408744140625 0.6577584661458333 0.598382171875 0.6006962916666666 0.59273285546875 0.5548968619791667 0.232957447265625 0.6111129713541666
0 0.235748439453125 0.6609811953125 0.23214542578125 0.6813746588541667 0.23384389453125 0.6974883072916667 0.240277689453125 0.7039509218750001 0.668048126953125 0.6457011979166667 0.666462888671875 0.6306617916666667 0.664424724609375 0.6113254166666667 0.662866400390625 0.59654134375 0.235748439453125 0.6609811953125
0 0.243387986328125 0.7022726302083333 0.245386359375 0.7446211536458334 0.645983263671875 0.6936543359375 0.641595478515625 0.6520267109375 0.243387986328125 0.7022726302083333
0 0.24319517578125 0.7472226744791667 0.244614130859375 0.7918706979166666 0.6500330625 0.7476685208333333 0.6457730078125 0.6994561458333334 0.24319517578125 0.7472226744791667
0 0.224453810546875 0.8033167239583333 0.225140322265625 0.8722021432291666 0.6799180078125 0.8362781250000001 0.673150658203125 0.7564821015625 0.224453810546875 0.8033167239583333
0 0.228237357421875 0.8781945651041667 0.2309283828125 0.9193178333333334 0.688463408203125 0.8861635052083333 0.683967501953125 0.843510125 0.228237357421875 0.8781945651041667
0 0.23368572265625 0.9220875234375 0.23637674609375 0.9632107890625 0.695849966796875 0.9406478828124999 0.691708337890625 0.8935590390625 0.23368572265625 0.9220875234375
0 0.52622255078125 1 0.69133721875 0.9690595286458333 0.69033181640625 0.9584652317708334 0.236363484375 0.9708815052083333 0.23759791796875 1 0.52622255078125 1