0 0.05125951171875 0.7589717838541666 0.067466625 0.7611908463541667 0.08700886328125 0.7614698411458334 0.102573857421875 0.7592978020833333 0.127286462890625 0.19275453385416666 0.110309455078125 0.18939511197916667 0.09162229296875 0.18808930729166665 0.077099998046875 0.18707453385416664 0.05125951171875 0.7589717838541666
0 0.139431150390625 0.1946897239583333 0.1312211171875 0.19628915104166667 0.106764056640625 0.7563309244791667 0.110698708984375 0.7598655416666666 0.131010841796875 0.7612848932291666 0.150553080078125 0.7615638906250001 0.1587205234375 0.7610480494791667 0.180012826171875 0.19861201302083334 0.169493107421875 0.19679036458333332 0.1524735078125 0.19451452864583332 0.139431150390625 0.1946897239583333
0 0.165135224609375 0.76366940625 0.2148246015625 0.763881875 0.23052444921875 0.26081577604166667 0.185240298828125 0.25547833593749997 0.165135224609375 0.76366940625
0 0.263275580078125 0.7748733984374999 0.27409343359375 0.7691099661458334 0.293724681640625 0.24893364322916667 0.2338276875 0.24257510156249998 0.2155093125 0.7671893984375 0.220213859375 0.7718643723958333 0.263275580078125 0.7748733984374999
0 0.27811326953125 0.7704774192708334 0.322757369140625 0.7746835729166667 0.34735196484375 0.2733255703125 0.3020542421875 0.26907374218749996 0.27811326953125 0.7704774192708334
0 0.5661406484375 0.2853542005208333 0.488954544921875 0.27996066406250003 0.48003265234375 0.28151034635416666 0.4666696328125 0.7847397369791667 0.477831470703125 0.7909524869791666 0.4898909765625 0.7950548463541667 0.509390623046875 0.7964174218750001 0.524870435546875 0.7964125468750001 0.53966553515625 0.7931001510416666 0.548773236328125 0.7893903359375 0.572342392578125 0.29339346875 0.5661406484375 0.2853542005208333
0 0.64974144921875 0.29336909375000003 0.630326986328125 0.2898393515625 0.6108699296875 0.28739319270833336 0.584870400390625 0.285576421875 0.57515959765625 0.28707097656249997 0.548815828125 0.7883067526041666 0.555145345703125 0.7930952760416666 0.568829822265625 0.7973111822916666 0.58178699609375 0.7993031484375 0.601244052734375 0.8017493098958334 0.618348833984375 0.8018579817708332 0.6298939921875 0.7983184895833334 0.653803876953125 0.29365296354166665 0.64974144921875 0.29336909375000003
0 0.646228880859375 0.7972868046875 0.6615665390625 0.8016182317708332 0.6721714375 0.8012727135416666 0.68270553515625 0.8020088046875 0.71174587890625 0.2911824296875 0.660789849609375 0.28544865625 0.6348540859375 0.79649196875 0.646228880859375 0.7972868046875
0 0.7000232734375 0.7966995651041667 0.71541790234375 0.7988618541666667 0.739586587890625 0.30833967447916666 0.72423455078125 0.3050938020833333 0.7000232734375 0.7966995651041667
0 0.684586052734375 0.795620859375 0.696815923828125 0.7953888854166666 0.722481806640625 0.30823100260416664 0.71289044140625 0.30756078645833335 0.684586052734375 0.795620859375
0 0.763471755859375 0.28175817708333334 0.75453441796875 0.28113366145833335 0.746505283203125 0.28165916927083334 0.72267330078125 0.8015419583333333 0.727463029296875 0.804049765625 0.742087765625 0.8050717005208333 0.748672830078125 0.8033587291666667 0.7576527578125 0.8028996588541667 0.78699123828125 0.2844882083333333 0.779764052734375 0.2818100755208333 0.772451685546875 0.28129910937499997 0.763471755859375 0.28175817708333334
0 0.82274384375 0.30763110416666667 0.811454232421875 0.30466910416666665 0.8032867890625 0.30518494791666667 0.795974421875 0.30467397916666666 0.79039382421875 0.3053705807291667 0.7681724765625 0.8047213046875 0.776212146484375 0.8074562109375 0.790794291015625 0.8095617265625 0.802938978515625 0.8114969192708333 0.814398955078125 0.8101245911458334 0.847803115234375 0.3126418489583333 0.844638357421875 0.3102475885416667 0.834931125 0.30848271614583334 0.82274384375 0.30763110416666667
0 0.82513162890625 0.8065283229166668 0.889275375 0.8120970572916667 0.918106015625 0.32733343489583333 0.85831878515625 0.31880944791666666 0.82513162890625 0.8065283229166668