0 0.0655860703125 0.7875270546875001 0.08113497265625 0.7869021640625 0.07230373046875 0.21629065364583333 0.056762029296875 0.21793607291666664 0.0655860703125 0.7875270546875001
0 0.09828168359375 0.2119947578125 0.0694291484375 0.2113232604166667 0.082498353515625 0.7958151328124999 0.106808689453125 0.8042753203125 0.09828168359375 0.2119947578125
0 0.15812491015625 0.16306052083333333 0.101159720703125 0.16173474739583335 0.114869083984375 0.8103837187499999 0.165915783203125 0.81157175 0.15812491015625 0.16306052083333333
0 0.16884917578125 0.8136136197916667 0.22064866796875 0.8138324036458333 0.217848578125 0.16541624479166667 0.163316486328125 0.16219454427083332 0.16884917578125 0.8136136197916667
0 0.222842228515625 0.8158570546875 0.280534333984375 0.8181865833333334 0.277986697265625 0.1648633125 0.2217871171875 0.1615817578125 0.222842228515625 0.8158570546875
0 0.34239814453125 0.16397399739583332 0.31423723828125 0.16570698697916666 0.28612458203125 0.16505271093749999 0.2842333359375 0.818272671875 0.34119852734375 0.8195984453124999 0.34239814453125 0.16397399739583332
0 0.34188669921875 0.8235616640625 0.36261421484375 0.8230572291666666 0.364783962890625 0.26161653385416667 0.3425768359375 0.2620865 0.34188669921875 0.8235616640625
0 0.389208564453125 0.8266366067708333 0.40332946484375 0.8220312135416666 0.40046823046875 0.13613616666666667 0.36717686328125 0.13536136197916668 0.36705309765625 0.8231605364583333 0.37957815625 0.8273992421875 0.389208564453125 0.8266366067708333
0 0.412465474609375 0.8025077604166667 0.448741841796875 0.8013784348958333 0.450769529296875 0.2507892578125 0.41450607421875 0.2509320807291667 0.412465474609375 0.8025077604166667
0 0.447937486328125 0.80629375 0.481228806640625 0.8070685520833334 0.490719169921875 0.25171902083333336 0.45764630078125 0.2513045260416667 0.447937486328125 0.80629375
0 0.554914572265625 0.2660415234375 0.495742857421875 0.263677578125 0.488588166015625 0.8102002005208333 0.544865234375 0.8075627578125001 0.554914572265625 0.2660415234375
0 0.61929068359375 0.2665529583333333 0.558613576171875 0.2661276119791667 0.546331880859375 0.8085837239583333 0.606643275390625 0.8071566718750001 0.61929068359375 0.2665529583333333
0 0.607151146484375 0.7981575234374999 0.630824919921875 0.7987084921875001 0.645766298828125 0.30560352083333336 0.619513978515625 0.3060303125 0.607151146484375 0.7981575234374999
0 0.67798455859375 0.3054175182291667 0.651364380859375 0.30381117708333333 0.635276716796875 0.7978253333333334 0.658874908203125 0.7964347005208333 0.67798455859375 0.3054175182291667
0 0.661195759765625 0.7964549583333334 0.684869630859375 0.7970059296875 0.705193208984375 0.3048161171875 0.678023302734375 0.30245798697916665 0.661195759765625 0.7964549583333334
0 0.733496017578125 0.304735828125 0.70983505859375 0.30319835677083334 0.689295599609375 0.7980957057291667 0.7114898125 0.7986122421875 0.733496017578125 0.304735828125
0 0.754094337890625 0.3140964609375 0.73485934765625 0.31364879687499997 0.71234582421875 0.7897509244791667 0.738728986328125 0.7896112994791666 0.754094337890625 0.3140964609375
0 0.740484408203125 0.7884322057291667 0.77156919921875 0.7881688854166667 0.78590609375 0.31483682812499997 0.75706647265625 0.3131788307291667 0.740484408203125 0.7884322057291667
0 0.77883815625 0.7982060677083332 0.826147056640625 0.8022675390625 0.843430259765625 0.3299908515625 0.796082615234375 0.3288889114583333 0.77883815625 0.7982060677083332
0 0.8621781484375 0.81988175 0.87552042578125 0.8182186666666666 0.8987313359375 0.28884535677083334 0.85212347265625 0.28776063281250003 0.836362322265625 0.813360125 0.848874517578125 0.8185852968749999 0.8621781484375 0.81988175
0 0.92414109765625 0.8351391119791667 0.955163380859375 0.2743698671875 0.913135623046875 0.2749281380208333 0.88725409375 0.82638615625 0.8968198828125 0.8305559869791667 0.906385767578125 0.8347258854166667 0.92414109765625 0.8351391119791667