0 0.513177169921875 0 0.264176056640625 0.11469318489583334 0.270279658203125 0.14337000260416666 0.57556644140625 0.0189683046875 0.57256894140625 0 0.513177169921875 0
0 0.269958228515625 0.1482323828125 0.272970314453125 0.1811579036458333 0.579280876953125 0.056603200520833334 0.572796349609375 0.018354622395833332 0.269958228515625 0.1482323828125
0 0.58783319140625 0.11466539583333334 0.57853486328125 0.05909479947916666 0.270616982421875 0.18405213020833333 0.27501805859375 0.2286706640625 0.58783319140625 0.11466539583333334
0 0.5989371875 0.18543693229166666 0.591948587890625 0.13417307291666666 0.28670546484375 0.25137379427083334 0.292875498046875 0.2924218333333333 0.5989371875 0.18543693229166666
0 0.610604685546875 0.283657828125 0.603016826171875 0.2349177734375 0.298277759765625 0.34122445572916665 0.30313921875 0.38214984635416666 0.610604685546875 0.283657828125
0 0.62650274609375 0.33423885937500003 0.62025229296875 0.281620453125 0.29976990234375 0.38405996354166666 0.305186955078125 0.4296625286458333 0.62650274609375 0.33423885937500003
0 0.30107946875 0.43292727864583336 0.307512498046875 0.4795138776041667 0.633621423828125 0.3892075494791667 0.626363841796875 0.33306952864583333 0.30107946875 0.43292727864583336
0 0.638630603515625 0.4287667005208333 0.6347851015625 0.3888254244791667 0.307790294921875 0.4818524635416667 0.310929048828125 0.5193142421875 0.638630603515625 0.4287667005208333
0 0.308726783203125 0.5200108098958334 0.313354146484375 0.5513967109375 0.64598666015625 0.468331734375 0.640662505859375 0.43073485677083334 0.308726783203125 0.5200108098958334
0 0.67453419140625 0.5266639401041667 0.668188505859375 0.4656753020833333 0.305599537109375 0.5542329114583333 0.3090798984375 0.6062376354166666 0.67453419140625 0.5266639401041667
0 0.31841396484375 0.6318349166666667 0.323971236328125 0.6457547708333333 0.6498535703125 0.5762254192708333 0.645226236328125 0.5448395130208333 0.318362396484375 0.6162637083333333 0.31841396484375 0.6318349166666667
0 0.658084365234375 0.6152406119791667 0.652163298828125 0.58053215625 0.3281131640625 0.6453689036458333 0.328907744140625 0.6789884453125 0.658084365234375 0.6152406119791667
0 0.3338596015625 0.7088814244791667 0.33616930078125 0.7131881666666667 0.663974330078125 0.6530520078125001 0.657346208984375 0.6165950833333333 0.33168091015625 0.6829716640625 0.32937909765625 0.7014371927083333 0.3338596015625 0.7088814244791667
0 0.672053654296875 0.6949960651041667 0.667331078125 0.6552398489583333 0.32915287890625 0.7146698906250001 0.332792826171875 0.7533118932291667 0.672053654296875 0.6949960651041667
0 0.330228330078125 0.7539975546875 0.333795998046875 0.791600171875 0.679032486328125 0.7381990755208333 0.672053654296875 0.6949960651041667 0.330228330078125 0.7539975546875
0 0.690963828125 0.7785026119791666 0.686519060546875 0.7410850625 0.3348119921875 0.7925843619791667 0.337947982421875 0.8300037552083334 0.690963828125 0.7785026119791666
0 0.337363744140625 0.8292029322916666 0.33728432421875 0.8663773125 0.697948798828125 0.8225313776041667 0.692396474609375 0.7829945703125 0.337363744140625 0.8292029322916666
0 0.704012390625 0.8656441796875001 0.698551677734375 0.8272425911458333 0.33756211328125 0.8687158203125 0.3389394453125 0.9049382734375001 0.704012390625 0.8656441796875001
0 0.340252775390625 0.9065038020833334 0.34012965625 0.9508790859374999 0.695396615234375 0.9258988359375001 0.688642115234375 0.872485984375 0.340252775390625 0.9065038020833334
0 0.52951314453125 1 0.707888234375 0.9623308802083334 0.703619431640625 0.9304532109375 0.34068525 0.9555562630208333 0.34316133203125 1 0.52951314453125 1