0 0.65225759375 0.9924302578124999 0.65852549609375 0.9590465442708332 0.33351481640625 0.8904416536458334 0.32578026953125 0.9264821276041667 0.65225759375 0.9924302578124999
0 0.65508319921875 0.9463520677083334 0.65611650390625 0.9306173619791666 0.3400784921875 0.8596756614583333 0.33712451171875 0.8832918723958333 0.65508319921875 0.9463520677083334
0 0.667918466796875 0.9319959453125 0.675095072265625 0.9102090833333333 0.280897431640625 0.8228336875000001 0.276824541015625 0.8472099921875 0.667918466796875 0.9319959453125
0 0.6790219765625 0.9094207369791666 0.6830948671875 0.8850444322916666 0.28604642578125 0.7902100677083334 0.2792083828125 0.8221019479166666 0.6790219765625 0.9094207369791666
0 0.297591669921875 0.7466646953125 0.289698908203125 0.7905475833333333 0.685585623046875 0.8786547317708333 0.689100453125 0.8429218802083334 0.297591669921875 0.7466646953125
0 0.687609521484375 0.8396979765625 0.6922311484375 0.8130698958333333 0.233279275390625 0.6963965130208334 0.228274318359375 0.7240562916666667 0.687609521484375 0.8396979765625
0 0.365021689453125 0.7036788776041667 0.36206773828125 0.7272951015625 0.699176150390625 0.799896296875 0.701581349609375 0.7785319244791666 0.365021689453125 0.7036788776041667
0 0.370487837890625 0.6774166692708333 0.367259490234375 0.7021587682291667 0.703523408203125 0.7743941041666668 0.70495383984375 0.7525844895833332 0.370487837890625 0.6774166692708333
0 0.6977363203125 0.7445014427083333 0.70206222265625 0.7152555755208333 0.33258736328125 0.6298772239583333 0.325474962890625 0.6628950807291667 0.6977363203125 0.7445014427083333
0 0.340248544921875 0.5946075260416667 0.33370630078125 0.6291171432291667 0.7124495234375 0.7147764531249999 0.713842970703125 0.6866118333333334 0.340248544921875 0.5946075260416667
0 0.715930814453125 0.6851646770833333 0.71915919140625 0.6604225885416667 0.34839843359375 0.559780765625 0.34305653125 0.5945791822916667 0.715930814453125 0.6851646770833333
0 0.3730278671875 0.48308378645833333 0.359141552734375 0.5592245729166666 0.724457916015625 0.654004625 0.732388884765625 0.5810118203125 0.3730278671875 0.48308378645833333
0 0.739780279296875 0.5834652265625 0.749782486328125 0.515600171875 0.38888308984375 0.40207607812499996 0.37611017578125 0.48192961979166665 0.739780279296875 0.5834652265625
0 0.3748553984375 0.36064075520833333 0.370803931640625 0.38876059895833337 0.75900809765625 0.5083936822916667 0.760872892578125 0.4851936171875 0.3748553984375 0.36064075520833333
0 0.757718025390625 0.4792044973958333 0.760946419921875 0.4544623333333333 0.38135620703125 0.3276224791666667 0.37738897265625 0.36173836458333336 0.757718025390625 0.4792044973958333
0 0.391464099609375 0.26949701822916666 0.3828123515625 0.32798878125 0.749967578125 0.44970601041666663 0.75659519921875 0.38476582291666667 0.391464099609375 0.26949701822916666
0 0.406765048828125 0.195213921875 0.398430505859375 0.26006703125 0.768119267578125 0.38288202343750005 0.77505032421875 0.3174610390625 0.406765048828125 0.195213921875
0 0.457072958984375 0.153523953125 0.45310705859375 0.1966185546875 0.7907037890625 0.30553043750000003 0.79178857421875 0.2740561067708333 0.457072958984375 0.153523953125
0 0.794712458984375 0.26992320833333333 0.80070599609375 0.23766538020833336 0.46777366015625 0.10961279166666667 0.4629418515625 0.14859783333333335 0.794712458984375 0.26992320833333333
0 0.439412224609375 0.011434828125 0.433842853515625 0.06877228385416666 0.809408703125 0.22281867708333333 0.814888048828125 0.16414246875 0.439412224609375 0.011434828125
0 0.46710142578125 0 0.824409439453125 0.1595537890625 0.828319486328125 0.11650551041666667 0.55939416796875 0 0.46710142578125 0