0 0.174377419921875 0.1155591328125 0.178906498046875 0.17445580729166665 0.6159886953125 0.08262292447916667 0.611142978515625 0.013946888020833333 0.174377419921875 0.1155591328125
0 0.6210430859375 0.15693951302083334 0.61530805078125 0.09466203385416666 0.18052962890625 0.19208159375 0.186496751953125 0.24716452083333332 0.6210430859375 0.15693951302083334
0 0.18858411328125 0.25040111197916665 0.192556421875 0.31296725520833335 0.616943427734375 0.23871857552083334 0.612213697265625 0.16792715364583333 0.18858411328125 0.25040111197916665
0 0.623760556640625 0.3127466588541667 0.61748447265625 0.24459383593749998 0.193097458984375 0.3188424375 0.20063792578125 0.3855037239583334 0.623760556640625 0.3127466588541667
0 0.200471357421875 0.38920105208333333 0.201738455078125 0.42239096354166666 0.624384060546875 0.3607343802083333 0.619570142578125 0.31581820312500003 0.200471357421875 0.38920105208333333
0 0.627685767578125 0.4039468203125 0.624114892578125 0.36517023177083335 0.2023877109375 0.4294413072916667 0.206197181640625 0.4672408932291667 0.627685767578125 0.4039468203125
0 0.203639078125 0.4721758697916667 0.21180183984375 0.5316705416666666 0.633853634765625 0.47092448177083335 0.62790218359375 0.4062969114583333 0.203639078125 0.4721758697916667
0 0.2110286484375 0.53298984375 0.21478454296875 0.5932058984375 0.63924835546875 0.53922159375 0.63308048828125 0.47224393229166667 0.2110286484375 0.53298984375
0 0.64019083203125 0.5688864088541666 0.638366990234375 0.5393658854166666 0.2160987109375 0.5977617890625 0.21901623046875 0.627813109375 0.64019083203125 0.5688864088541666
0 0.217365802734375 0.6309516171875 0.21809187109375 0.658266421875 0.644819943359375 0.6040187760416666 0.641288623046875 0.5710922864583333 0.217365802734375 0.6309516171875
0 0.6798961328125 0.6697349114583333 0.67581561328125 0.6059936848958333 0.21609704296875 0.6657494791666666 0.223589021484375 0.7202066692708334 0.6798961328125 0.6697349114583333
0 0.2231619921875 0.7230383593749999 0.229794095703125 0.7756269010416666 0.686275798828125 0.7336655442708334 0.681102111328125 0.6731156354166666 0.2231619921875 0.7230383593749999
0 0.6585705546875 0.7781893463541666 0.654783255859375 0.7370625885416667 0.233427767578125 0.7762247421874999 0.238096458984375 0.8172072057291667 0.6585705546875 0.7781893463541666
0 0.66739822265625 0.835189484375 0.663085591796875 0.7786428958333333 0.239286751953125 0.8301327343749999 0.24492925390625 0.8816905677083334 0.66739822265625 0.835189484375
0 0.2346460234375 0.9060365364583333 0.242236337890625 0.9787452421874999 0.714294080078125 0.9169692057291666 0.7074110625 0.8456492682291666 0.2346460234375 0.9060365364583333
0 0.522935984375 1 0.67932301171875 0.9743974505208333 0.675606359375 0.9340378359375 0.24232880859375 0.9894649010416666 0.243528982421875 1 0.522935984375 1