0 0.43766546484375 1 0.785481484375 0.8127535520833334 0.7746039140625 0.7616037213541667 0.41834474609375 0.9522042057291666 0.430095623046875 1 0.43766546484375 1
0 0.40370520703125 0.8957817057291666 0.416035267578125 0.9495547864583332 0.772874177734375 0.7577713619791666 0.766991955078125 0.7284069296875 0.76247235546875 0.7086963307291666 0.40370520703125 0.8957817057291666
0 0.75354178515625 0.6771714244791666 0.751638794921875 0.6688722265624999 0.3958113671875 0.8502217838541667 0.40355372265625 0.8876985338541666 0.75925075390625 0.7020690208333332 0.760871861328125 0.6980050885416667 0.75354178515625 0.6771714244791666
0 0.385518173828125 0.8090430338541666 0.395052591796875 0.8469126640625001 0.75325990234375 0.664808296875 0.746296943359375 0.6381531458333333 0.741043109375 0.6300855234375 0.385518173828125 0.8090430338541666
0 0.736068373046875 0.5935449557291667 0.378035458984375 0.7689873567708333 0.3764143515625 0.7730512864583333 0.384454662109375 0.8081161796875 0.74313996484375 0.6280963932291667 0.741192966796875 0.6084714661458334 0.736068373046875 0.5935449557291667
0 0.368476501953125 0.7161656354166667 0.38170360546875 0.7627170494791667 0.741040326171875 0.5892494505208333 0.73193650390625 0.553257703125 0.72830377734375 0.5411261484375 0.368476501953125 0.7161656354166667
0 0.730941 0.537782375 0.719285189453125 0.48694978645833337 0.3554580703125 0.6556792057291666 0.36938398828125 0.7089895078125 0.730941 0.537782375
0 0.716236837890625 0.4847893151041667 0.703848173828125 0.4307606536458333 0.3459197265625 0.5881023151041667 0.360978708984375 0.6463540677083334 0.716236837890625 0.4847893151041667
0 0.69195448828125 0.37889066145833333 0.68974900390625 0.37298350781249995 0.330849828125 0.5260916953125 0.3441300859375 0.5840087161458333 0.701340193359375 0.4272455390625 0.7022476796875 0.4200694088541667 0.69195448828125 0.37889066145833333
0 0.67817842578125 0.3039663046875 0.67132409765625 0.2852074375 0.263891986328125 0.44562159895833336 0.2868128359375 0.53816003125 0.6905918671875 0.3692368203125 0.68715300390625 0.34681693750000003 0.67817842578125 0.3039663046875
0 0.65782991796875 0.22264620833333335 0.650024095703125 0.19973774479166664 0.237532013671875 0.34179595312500005 0.261874501953125 0.44053434114583334 0.668513623046875 0.2840843697916667 0.665917625 0.25791779947916665 0.65782991796875 0.22264620833333335
0 0.65350418359375 0.19264728385416666 0.643037740234375 0.14700169270833333 0.266518080078125 0.2789335390625 0.276388615234375 0.3256915703125 0.65350418359375 0.19264728385416666
0 0.6405297578125 0.14348658072916667 0.6305390625 0.09991579166666666 0.253370404296875 0.22530599479166666 0.264665470703125 0.2782765859375 0.6405297578125 0.14348658072916667
0 0.63043043359375 0.09201950520833334 0.614146390625 0.013580036458333333 0.18773117578125 0.143164015625 0.207174732421875 0.22796003385416666 0.63043043359375 0.09201950520833334
0 0.443955873046875 0 0.17784678515625 0.10847695052083334 0.1837284375 0.1331300703125 0.611940904296875 0.007672877604166666 0.61043025 0 0.443955873046875 0