0 0.493454365234375 0 0.234176185546875 0.0120722578125 0.233894453125 0.02859731510416667 0.67931109375 0.03865769270833334 0.6798948203125 0 0.493454365234375 0
0 0.678415029296875 0.10622127864583332 0.677877052734375 0.051754999999999995 0.23747528125 0.029615218750000002 0.2367061484375 0.09320662239583333 0.678415029296875 0.10622127864583332
0 0.23651722265625 0.09481242708333333 0.2364973984375 0.12798204427083335 0.669016427734375 0.14603892447916667 0.669664505859375 0.11136707291666666 0.23651722265625 0.09481242708333333
0 0.237508822265625 0.13267331510416666 0.23840745703125 0.16698472135416667 0.66885841796875 0.1773153307291667 0.67059412890625 0.14686166666666667 0.237508822265625 0.13267331510416666
0 0.623674791015625 0.2213065 0.62366359765625 0.18695377604166666 0.243825083984375 0.17028620052083332 0.243677357421875 0.21014096614583333 0.623674791015625 0.2213065
0 0.244847669921875 0.20933019791666665 0.2431459765625 0.246131859375 0.625708767578125 0.2650417708333333 0.625697578125 0.23068904427083334 0.244847669921875 0.20933019791666665
0 0.243250099609375 0.28403406770833334 0.243621947265625 0.29823184114583334 0.682527751953125 0.3311027109375 0.682320583984375 0.2809186796875 0.24317696484375 0.2473150442708333 0.241866826171875 0.2651449453125 0.243250099609375 0.28403406770833334
0 0.2438810078125 0.34204975 0.246027806640625 0.35616495833333334 0.683299662109375 0.39292051562499997 0.6845505390625 0.3404852526041667 0.246377275390625 0.30165736197916665 0.243540146484375 0.32903508333333337 0.2438810078125 0.34204975
0 0.630934451171875 0.43064161458333333 0.632760125 0.39857262499999996 0.24612076953125 0.35971444270833336 0.2443570390625 0.3941497291666667 0.630934451171875 0.43064161458333333
0 0.689125484375 0.4812389557291667 0.690734259765625 0.4408878098958333 0.24714335546875 0.3987584375 0.246751677734375 0.417730125 0.247340439453125 0.4402100494791667 0.689125484375 0.4812389557291667
0 0.245576708984375 0.4746453385416667 0.24848697265625 0.4839866380208333 0.69119044921875 0.5261573281249999 0.692861203125 0.4881726380208333 0.25015773828125 0.44600178906250004 0.24596838671875 0.4556736536458333 0.245576708984375 0.4746453385416667
0 0.69392596484375 0.56275246875 0.6937400390625 0.5556535026041667 0.692697658203125 0.5497791223958334 0.69241876953125 0.5391306744791667 0.25136625 0.49214475 0.247300845703125 0.5065491276041666 0.2458978046875 0.5208295390625001 0.246238666015625 0.5338442057291667 0.692043111328125 0.5775219479166667 0.69392596484375 0.56275246875
0 0.25279166796875 0.546569625 0.250481326171875 0.5940609817708333 0.652114392578125 0.6286672291666667 0.65359920703125 0.5835835729166666 0.25279166796875 0.546569625
0 0.25412412890625 0.5974451796875 0.250988345703125 0.6473440677083333 0.652745302734375 0.6866830677083334 0.655055615234375 0.6391917161458334 0.25412412890625 0.5974451796875
0 0.25554955078125 0.6518702161458333 0.252165869140625 0.6923039218749999 0.612834833984375 0.7245264374999999 0.614585111328125 0.6884598463541667 0.25554955078125 0.6518702161458333
0 0.61311145703125 0.7678962291666668 0.61566966796875 0.7298700598958333 0.2566960859375 0.6956468020833334 0.2542308046875 0.7372222994791667 0.61311145703125 0.7678962291666668
0 0.248452548828125 0.7540756875 0.248122849609375 0.7754137499999999 0.75031627734375 0.8159992369791667 0.752482810546875 0.7969447526041668 0.248452548828125 0.7540756875
0 0.256171849609375 0.7774080833333333 0.254408123046875 0.8118434479166666 0.6638949921875 0.8459223385416667 0.666648341796875 0.8104180208333333 0.256171849609375 0.7774080833333333
0 0.266068876953125 0.8160388749999999 0.262076673828125 0.8671623515625 0.666200140625 0.8966272135416666 0.669569798828125 0.854112125 0.266068876953125 0.8160388749999999
0 0.660264083984375 0.9398360885416667 0.662822263671875 0.9018099192708333 0.267401337890625 0.8669144296875001 0.26417265625 0.9132639921875 0.660264083984375 0.9398360885416667
0 0.263378146484375 0.9168547942708334 0.260881939453125 0.9572471796875001 0.660616107421875 0.9872034791666667 0.664918216796875 0.9479115598958333 0.263378146484375 0.9168547942708334
0 0.506545630859375 1 0.6765631484375 0.9920838098958332 0.676652140625 0.9888260859375001 0.26542331640625 0.9949427864583332 0.265429318359375 1 0.506545630859375 1