0 0.078458189453125 0.7086806484375 0.123272607421875 0.7239137526041667 0.20586123046875 0.17601852864583334 0.161230048828125 0.16487634114583333 0.078458189453125 0.7086806484375
0 0.130439189453125 0.730595703125 0.164092345703125 0.7417300807291666 0.245760544921875 0.1815348020833333 0.210896947265625 0.17249907291666666 0.130439189453125 0.730595703125
0 0.16687658203125 0.7412454999999999 0.201740236328125 0.7502812447916667 0.285345419921875 0.19541260416666664 0.249949076171875 0.1838265208333333 0.16687658203125 0.7412454999999999
0 0.353303724609375 0.16357370833333332 0.2989017578125 0.14585570572916667 0.20365285546875 0.7495707630208334 0.260475681640625 0.7630916484375 0.353303724609375 0.16357370833333332
0 0.41274135546875 0.17777222135416668 0.357128953125 0.1621528046875 0.269022193359375 0.7665127786458333 0.32632563671875 0.7793664713541667 0.41274135546875 0.17777222135416668
0 0.327782072265625 0.7853602604166667 0.377995451171875 0.80078653125 0.462035748046875 0.22432006770833335 0.407997146484375 0.2103146822916667 0.327782072265625 0.7853602604166667
0 0.510991384765625 0.2731924010416667 0.466879037109375 0.25934735937500003 0.382522853515625 0.8007538125 0.427007703125 0.8120928880208332 0.510991384765625 0.2731924010416667
0 0.428015009765625 0.8113380078125 0.47125573828125 0.8249571484375 0.5551174609375 0.2881848828125 0.51447773828125 0.27409597395833335 0.428015009765625 0.8113380078125
0 0.47178842578125 0.8275074895833333 0.516070142578125 0.8401903281249999 0.603607486328125 0.2967728619791667 0.559969890625 0.2846802057291667 0.47178842578125 0.8275074895833333
0 0.521832419921875 0.8440960390625 0.600469490234375 0.869301265625 0.698084349609375 0.3106471510416667 0.61640503515625 0.2884514270833333 0.521832419921875 0.8440960390625
0 0.760193189453125 0.31968681770833335 0.7092776328125 0.302872421875 0.613180099609375 0.8689770598958333 0.66477247265625 0.8803475442708333 0.760193189453125 0.31968681770833335
0 0.667920880859375 0.8843706145833333 0.724937580078125 0.9027663098958333 0.8217128671875 0.33201268229166664 0.764889974609375 0.3184918203125 0.667920880859375 0.8843706145833333
0 0.765877892578125 0.90734621875 0.811370052734375 0.9179304088541667 0.904587171875 0.3715836744791667 0.8604907890625 0.35671800000000004 0.765877892578125 0.90734621875
0 0.97603333984375 0.3840699244791667 0.92565046875 0.3698058645833333 0.82659926953125 0.9375572916666667 0.876308755859375 0.9510896432291666 0.97603333984375 0.3840699244791667