0 0.074020265625 0.6611216171875 0.118693080078125 0.67685584375 0.21750880859375 0.12038159375 0.16987746875 0.10202513802083334 0.074020265625 0.6611216171875
0 0.264728951171875 0.137154296875 0.22005615234375 0.12141999479166667 0.122608744140625 0.6759758723958332 0.1665114375 0.6956625078125 0.264728951171875 0.137154296875
0 0.172895470703125 0.691522484375 0.20379318359375 0.7065938125 0.3047206796875 0.15971590104166666 0.272251775390625 0.14888747656249998 0.172895470703125 0.691522484375
0 0.32076379296875 0.20456736197916667 0.329514517578125 0.2068964375 0.33675850390625 0.17141425260416665 0.303928353515625 0.16056206770833334 0.20327394140625 0.7088583046875 0.225680607421875 0.7204683359374999 0.32076379296875 0.20456736197916667
0 0.224593171875 0.7373582369791666 0.263132853515625 0.7555447447916667 0.36890327734375 0.2254290651041667 0.32017433984375 0.20308899739583333 0.224593171875 0.7373582369791666
0 0.324506904296875 0.7632302161458333 0.354674634765625 0.7693373854166666 0.426199818359375 0.21040491927083335 0.3951126953125 0.2002086953125 0.324506904296875 0.7632302161458333
0 0.35866057421875 0.7722002552083334 0.39078612890625 0.7778674739583334 0.461614427734375 0.2236722109375 0.426599916015625 0.2167584296875 0.35866057421875 0.7722002552083334
0 0.494387982421875 0.23696312760416668 0.4608238359375 0.229471421875 0.38929865625 0.7884038671875001 0.42073807421875 0.7938493723958334 0.494387982421875 0.23696312760416668
0 0.524338796875 0.27641011458333337 0.49247286328125 0.2696106484375 0.42227334375 0.7944172291666667 0.45212752734375 0.80392184375 0.524338796875 0.27641011458333337
0 0.452392201171875 0.8128852578125 0.484258181640625 0.8196847838541667 0.55863209375 0.2904521380208333 0.52558803125 0.2831097447916667 0.452392201171875 0.8128852578125
0 0.60004984375 0.31470150520833334 0.55943312109375 0.30557297916666665 0.48550742578125 0.8263843776041666 0.522817751953125 0.8340996484375 0.60004984375 0.31470150520833334
0 0.523197958984375 0.8442248203124999 0.56100771875 0.8534471927083334 0.641656056640625 0.33166190104166665 0.60162890234375 0.3240117838541667 0.523197958984375 0.8442248203124999
0 0.566074740234375 0.8839885625 0.601007306640625 0.8895620000000001 0.706832802734375 0.3025169296875 0.6651789296875 0.28895291927083333 0.566074740234375 0.8839885625
0 0.60421431640625 0.8958216223958333 0.63843591015625 0.9043771614583332 0.7431274765625 0.3507403255208333 0.73869256640625 0.3538848098958333 0.731899728515625 0.3511157708333333 0.72777332421875 0.340767109375 0.721429525390625 0.331990703125 0.717632951171875 0.32425265364583333 0.714804662109375 0.3082427421875 0.70664350390625 0.30739207812499997 0.60421431640625 0.8958216223958333
0 0.64129409375 0.896079828125 0.6729004609375 0.9040115651041667 0.778319677734375 0.35518145572916665 0.742727431640625 0.34438685937499997 0.64129409375 0.896079828125
0 0.681272357421875 0.9160908828125001 0.71679438671875 0.9231426432291667 0.82671884375 0.3749109375 0.786291537109375 0.3609072734375 0.681272357421875 0.9160908828125001
0 0.868752765625 0.3697602109375 0.835707751953125 0.36000394531249996 0.72111021484375 0.9286161458333333 0.7536435859375 0.9363631666666666 0.868752765625 0.3697602109375
0 0.76226738671875 0.9515839270833334 0.79387375390625 0.9595156614583332 0.9176710625 0.3872251302083333 0.884280546875 0.375544546875 0.76226738671875 0.9515839270833334