0 0.588679173828125 0.17788397395833333 0.592485806640625 0.17851869791666666 0.595198068359375 0.17845557552083333 0.594782705078125 0.1467274296875 0.372439583984375 0.19810629427083334 0.374426658203125 0.22554614583333332 0.588679173828125 0.17788397395833333
0 0.364709853515625 0.22938888020833334 0.366696927734375 0.2568287317708333 0.59238826953125 0.21251693229166668 0.590326720703125 0.17938817968749998 0.364709853515625 0.22938888020833334
0 0.34669246484375 0.26235753125 0.3496413828125 0.28037185937500003 0.5981251796875 0.23625291927083333 0.595642982421875 0.21244118489583333 0.34669246484375 0.26235753125
0 0.583018845703125 0.28434350520833335 0.58042305078125 0.25185459375 0.360660818359375 0.2931351302083333 0.362619494140625 0.31840568750000003 0.36374226171875 0.3212728307291667 0.583018845703125 0.28434350520833335
0 0.364758029296875 0.3574151067708333 0.5819121328125 0.3241517734375 0.583435361328125 0.3161598203125 0.581506689453125 0.2931813489583333 0.35949730859375 0.3286048072916667 0.362398896484375 0.34300364583333337 0.364758029296875 0.3574151067708333
0 0.362663951171875 0.36325039322916663 0.366249986328125 0.38848307552083333 0.610536158203125 0.35531160156249997 0.60960558984375 0.32567720572916664 0.362663951171875 0.36325039322916663
0 0.53780683984375 0.3953401354166666 0.615815810546875 0.3855680963541666 0.6143427890625 0.355946328125 0.372226423828125 0.3890672994791667 0.374033640625 0.40276828645833335 0.48671221484375 0.38857277864583334 0.490499912109375 0.38776130729166663 0.4991696796875 0.38683621614583336 0.512207462890625 0.38797941666666663 0.520391576171875 0.3914055364583333 0.528537822265625 0.39193926562500003 0.53780683984375 0.3953401354166666
0 0.291142599609375 0.41265394791666665 0.29201637109375 0.43794975520833335 0.489812591796875 0.41815667447916666 0.48889338671875 0.38939045833333336 0.291142599609375 0.41265394791666665
0 0.2913763828125 0.47196061197916667 0.489219935546875 0.4557830234375 0.490191244140625 0.44708059635416664 0.489040076171875 0.44204415885416665 0.488412427734375 0.4355489036458333 0.48884128515625 0.42685910416666667 0.28941770703125 0.44669005468749995 0.2913763828125 0.47196061197916667
0 0.36480620703125 0.4854413359375 0.3665282265625 0.49263444270833334 0.586117193359375 0.4795673515625 0.58463470703125 0.4492224869791666 0.363494111328125 0.46811222916666667 0.363569841796875 0.473897015625 0.36480620703125 0.4854413359375
0 0.361949078125 0.5158872005208334 0.3631191796875 0.5223698333333333 0.58550560546875 0.5157475026041667 0.583994716796875 0.48323334375 0.361132103515625 0.4949299817708333 0.36184494921875 0.5079331223958333 0.361949078125 0.5158872005208334
0 0.363718431640625 0.526695796875 0.36628582421875 0.5570154166666667 0.612082884765625 0.5563581067708333 0.610498576171875 0.5182354348958333 0.363718431640625 0.526695796875
0 0.36419174609375 0.5628507005208333 0.3662356171875 0.594629140625 0.612080009765625 0.5975873203125001 0.61163754296875 0.5637887864583333 0.36419174609375 0.5628507005208333
0 0.36361801953125 0.6019232421874999 0.366109681640625 0.626458078125 0.613105244140625 0.6344526953125 0.6121961875 0.6064616848958333 0.36361801953125 0.6019232421874999
0 0.61357931640625 0.6706655338541667 0.6135035859375 0.6648807526041667 0.612781275390625 0.6511545130208333 0.612096830078125 0.6403206666666666 0.365091802734375 0.631602953125 0.3665174921875 0.6576092317708333 0.61357931640625 0.6706655338541667
0 0.36695294140625 0.6908717421875 0.614099962890625 0.7104359270833333 0.614614017578125 0.7082540104166667 0.61448148828125 0.6981306354166666 0.6143489609375 0.6880072630208334 0.613124103515625 0.6773420911458333 0.3654988515625 0.6626961666666666 0.36695294140625 0.6908717421875
0 0.368056779296875 0.6922926875000001 0.37006278515625 0.7211787369791667 0.617276072265625 0.7458046067708333 0.616871181640625 0.7148763541666666 0.368056779296875 0.6922926875000001
0 0.36860582421875 0.7342323749999999 0.368148568359375 0.7407528802083333 0.3698705859375 0.7479459895833332 0.372135056640625 0.75512646875 0.61839596875 0.7899009635416667 0.61795333984375 0.7560900885416667 0.370166916015625 0.7291328151041667 0.36860582421875 0.7342323749999999
0 0.3684420234375 0.7631689218750001 0.368069962890625 0.7761973125 0.368688146484375 0.78196946875 0.37147613671875 0.7876911328124999 0.6194496015625 0.8289356328125 0.618474109375 0.7958699088541666 0.37219185546875 0.7594650572916667 0.3684420234375 0.7631689218750001