0 0.759036177734375 0.9266992994791666 0.55669321484375 0.9948092109375 0.766747076171875 0.9653724765625 0.759036177734375 0.9266992994791666
0 0.5196529140625 1 0.54232192578125 0.9968231875 0.761461607421875 0.9240467057291667 0.75616853515625 0.8795534895833333 0.369621654296875 1 0.5196529140625 1
0 0.35890080859375 0.948320515625 0.364750748046875 0.9998780338541667 0.7560757265625 0.8783761484375 0.7495399375 0.8311451796874999 0.35890080859375 0.948320515625
0 0.750318595703125 0.8279959739583332 0.745073373046875 0.7727825026041667 0.351565888671875 0.87792478125 0.3595054921875 0.9446645625 0.750318595703125 0.8279959739583332
0 0.343859708984375 0.8028195130208333 0.351473080078125 0.8767474375000001 0.74823461328125 0.7675779296875 0.73779796875 0.7071021510416666 0.343859708984375 0.8028195130208333
0 0.735181875 0.7039354739583333 0.735834384765625 0.6895593515625 0.737648474609375 0.6785915781249999 0.734723474609375 0.6528128203125 0.730544142578125 0.6224482890624999 0.723481998046875 0.6008204375 0.337719603515625 0.676757859375 0.34994877734375 0.8007758489583333 0.735181875 0.7039354739583333
0 0.713036462890625 0.5022912604166666 0.70983020703125 0.4955982421875 0.32692591015625 0.5540196223958334 0.33825171484375 0.6750429713541667 0.72097326953125 0.591648890625 0.723670451171875 0.5805573567708333 0.72343980859375 0.566305 0.721535794921875 0.5534774973958333 0.71809894921875 0.5325320338541667 0.715311783203125 0.5198282916666667 0.713036462890625 0.5022912604166666
0 0.7173142578125 0.4885973645833333 0.712766509765625 0.43090545052083334 0.315732240234375 0.4913069895833333 0.320744052734375 0.5548859401041667 0.7173142578125 0.4885973645833333
0 0.308861361328125 0.4267982161458333 0.3146634765625 0.48907590364583337 0.71629905078125 0.43041040364583333 0.711563775390625 0.3742999036458334 0.308861361328125 0.4267982161458333
0 0.71175412109375 0.3501004817708333 0.709942865234375 0.33845048958333335 0.70743413671875 0.32927894010416664 0.7043206796875 0.3237631875 0.293286095703125 0.362217109375 0.298775759765625 0.4234500390625 0.709009091796875 0.3719122682291667 0.71175412109375 0.3501004817708333
0 0.69934824609375 0.3173177578125 0.701766986328125 0.30269395833333335 0.70107229296875 0.2825547239583333 0.69242953125 0.26352915885416667 0.281501537109375 0.2949275286458333 0.2875820859375 0.36073740885416666 0.69934824609375 0.3173177578125
0 0.28291352734375 0.15426322916666665 0.29553870703125 0.29177002343749997 0.697542625 0.26043175520833334 0.685752771484375 0.13352152864583333 0.28291352734375 0.15426322916666665
0 0.681995353515625 0.07452834895833334 0.678977546875 0.04757225 0.6780044765625 0.023900815104166667 0.3526950078125 0.01788903125 0.258731369140625 0.031057 0.26611853125 0.14214164062499998 0.6887283828125 0.125962109375 0.684130021484375 0.10160836718749999 0.681995353515625 0.07452834895833334