0 0.256593146484375 0 0.2539811328125 0.07047218749999999 0.691671275390625 0.049033513020833336 0.692275166015625 0.03437196354166667 0.529513140625 0 0.256593146484375 0
0 0.250655447265625 0.07576304427083333 0.2513341015625 0.115461140625 0.63724242578125 0.11419325520833333 0.639821861328125 0.06924834895833333 0.250655447265625 0.07576304427083333
0 0.65179118359375 0.16526909375 0.654854876953125 0.11677229427083334 0.250179283203125 0.11761452083333333 0.24884164453125 0.16268415104166667 0.65179118359375 0.16526909375
0 0.646240849609375 0.22155865364583335 0.65243412109375 0.17499395833333334 0.25616393359375 0.16562497135416668 0.253985240234375 0.19153472916666667 0.247516466796875 0.20814809114583332 0.646240849609375 0.22155865364583335
0 0.6274282109375 0.26440496614583336 0.63176984375 0.25813007552083334 0.640314150390625 0.24674952864583333 0.6426754375 0.22687141666666666 0.229558666015625 0.20795161458333333 0.228196953125 0.25324302604166665 0.6263170234375 0.2737593151041667 0.6274282109375 0.26440496614583336
0 0.251322376953125 0.28206820833333335 0.249413595703125 0.3284116484375 0.669955591796875 0.36807760677083334 0.672810658203125 0.3141783671875 0.251322376953125 0.28206820833333335
0 0.6715708046875 0.3696172916666667 0.24798091796875 0.3329036015625 0.2431710390625 0.35825770833333337 0.24399654296875 0.3740142161458333 0.245655376953125 0.38275495052083336 0.64431469140625 0.42499149479166665 0.640302435546875 0.41335651302083337 0.65263278125 0.40037825 0.6689735078125 0.3964218203125 0.6715708046875 0.3696172916666667
0 0.24854852734375 0.42651653906250003 0.24974701953125 0.43156430208333335 0.66210983984375 0.4946740963541667 0.666214708984375 0.4446168359375 0.252671857421875 0.38423668489583335 0.248234984375 0.398881890625 0.24854852734375 0.42651653906250003
0 0.660792365234375 0.56631359375 0.665618080078125 0.4954149635416667 0.23515858203125 0.43327803125 0.22955105859375 0.495621140625 0.660792365234375 0.56631359375
0 0.2267809765625 0.49623474218749997 0.219558240234375 0.5570381666666667 0.6521290625 0.6543813984375 0.660462986328125 0.5842236276041667 0.2267809765625 0.49623474218749997
0 0.64282284375 0.7327242656249999 0.651017875 0.6637357473958333 0.217109626953125 0.5625143203124999 0.2139506953125 0.6193814270833333 0.64282284375 0.7327242656249999
0 0.210791763671875 0.6762485390625 0.210279849609375 0.6881267760416666 0.6377629765625 0.8131626171874999 0.64346576171875 0.7424490442708334 0.2152881015625 0.62325978125 0.212188703125 0.6417832682291666 0.210791763671875 0.6762485390625
0 0.628427158203125 0.9125482317708333 0.636600234375 0.8380881770833333 0.196290650390625 0.6923642213541666 0.190829904296875 0.7307658046875 0.192159423828125 0.7574164244791667 0.628427158203125 0.9125482317708333
0 0.63089744921875 0.90880175 0.63034185546875 0.9134789270833333 0.194234958984375 0.7626492395833333 0.188409142578125 0.7889875494791667 0.18742890234375 0.8199448984375 0.189964880859375 0.8288708671874999 0.6299887578125 0.99970559375 0.64026726953125 0.9131776354166666 0.63089744921875 0.90880175
0 0.62873920703125 1 0.191302283203125 0.8327492161458333 0.18861952734375 0.8477647734375 0.18667494140625 0.8641349609375001 0.18481694921875 0.88478265625 0.463600841796875 0.9985458151041667 0.47048686328125 1 0.62873920703125 1
0 0.18315884375 0.8861663697916667 0.17361684765625 0.9373072135416667 0.460220421875 0.9978319427083333 0.18315884375 0.8861663697916667