0 0.448533052734375 0 0.302564560546875 0.06372527864583334 0.08338411328125 0.17009215625 0.102317439453125 0.23667428645833333 0.53021852734375 0.04979617708333334 0.5171875703125 0 0.448533052734375 0
0 0.105934919921875 0.24992621354166666 0.1285426328125 0.32322752604166666 0.549491125 0.13626020572916667 0.5317911796875 0.06190234895833333 0.105934919921875 0.24992621354166666
0 0.131603578125 0.3344406979166667 0.139395072265625 0.3629833046875 0.144055544921875 0.37688349479166666 0.52127462109375 0.20421126041666668 0.511465171875 0.16510374218749999 0.510120236328125 0.1601768359375 0.132228142578125 0.32721107552083334 0.131603578125 0.3344406979166667
0 0.13543539453125 0.383375640625 0.1501135 0.43397346875000004 0.53977634765625 0.25295351041666664 0.5264690078125 0.20420468749999998 0.13543539453125 0.383375640625
0 0.15811113671875 0.44740857812499996 0.172789244140625 0.4980064088541667 0.17932751171875 0.5156129973958333 0.564818390625 0.331999984375 0.56537287890625 0.32134111197916665 0.54733864453125 0.25527624479166666 0.161029873046875 0.439065609375 0.15811113671875 0.44740857812499996
0 0.19449207421875 0.5648203333333334 0.200195537109375 0.5793687864583333 0.5847835859375 0.40196601302083335 0.570789212890625 0.34435532291666665 0.181275384765625 0.5227486484375 0.1852412109375 0.5404492057291667 0.19449207421875 0.5648203333333334
0 0.197971447265625 0.5839113854166667 0.213832705078125 0.6420159817708333 0.599601853515625 0.45942234895833334 0.585681630859375 0.40525582552083333 0.197971447265625 0.5839113854166667
0 0.203961373046875 0.6502697421875 0.22149223828125 0.7144906119791666 0.685333294921875 0.4974724375 0.670304490234375 0.43924483333333336 0.203961373046875 0.6502697421875
0 0.70272605078125 0.5675324348958334 0.687423599609375 0.508302390625 0.226220740234375 0.7191224244791666 0.225387986328125 0.7287619192708333 0.241735701171875 0.7854760234375 0.70272605078125 0.5675324348958334
0 0.643125388671875 0.69817553125 0.619239458984375 0.6106741276041666 0.257339845703125 0.7791881223958333 0.27027826953125 0.8202404270833333 0.28523464453125 0.8718576354166667 0.643125388671875 0.69817553125
0 0.33273384375 1 0.679300189453125 0.8306947942708334 0.663717197265625 0.7736095729166667 0.6472811796875 0.7102269244791667 0.288573857421875 0.8840901848958334 0.291913068359375 0.8963227317708333 0.301582359375 0.9285717421875 0.310208658203125 0.9601724869791667 0.3185566875 0.9907538541666666 0.3205338125 1 0.33273384375 1
0 0.465836640625 1 0.7162253671875 0.8739595234375 0.7071039140625 0.8405448697916666 0.38797578125 1 0.465836640625 1
0 0.566122615234375 1 0.595869220703125 0.9855641614583334 0.72589670703125 0.9189061640624999 0.717965052734375 0.8835050494791666 0.489293751953125 1 0.566122615234375 1