0 0.436291708984375 0 0.768640345703125 0.17827092708333334 0.7814186328125 0.12005698177083333 0.58358571484375 0.01257765625 0.542725853515625 0 0.436291708984375 0
0 0.3626415546875 0 0.35718871875 0.017413984375 0.76077963671875 0.23399011458333333 0.774293595703125 0.18225943489583332 0.43755567578125 0 0.3626415546875 0
0 0.35765450390625 0.0199873828125 0.344540001953125 0.06941100520833333 0.767232232421875 0.2967270208333333 0.781012205078125 0.24872329687500003 0.35765450390625 0.0199873828125
0 0.758909646484375 0.3500557317708333 0.769095275390625 0.3070205859375 0.348266951171875 0.07420332291666666 0.333022529296875 0.12540132291666667 0.758909646484375 0.3500557317708333
0 0.345866681640625 0.15122531770833333 0.32483078515625 0.22008079947916667 0.6833635078125 0.41792679947916667 0.698808533203125 0.3497803359375 0.345866681640625 0.15122531770833333
0 0.664989609375 0.4924617473958333 0.6817656328125 0.4271550130208333 0.33228469921875 0.2296653515625 0.312545052734375 0.29444976041666665 0.664989609375 0.4924617473958333
0 0.2889482421875 0.36941703645833335 0.283355666015625 0.4017158567708334 0.7075166796875 0.5468630182291666 0.7135725703125 0.5194571015625 0.2889482421875 0.36941703645833335
0 0.69986044140625 0.5858168125 0.706983759765625 0.5552040807291666 0.282423318359375 0.4123638984375 0.278571333984375 0.4443518411458333 0.69986044140625 0.5858168125
0 0.2818886171875 0.4522947447916667 0.269305287109375 0.5249672630208333 0.638025109375 0.6431984427083334 0.651074447265625 0.5780892760416666 0.2818886171875 0.4522947447916667
0 0.6251760546875 0.7171337291666666 0.63822512890625 0.6470346822916667 0.269105560546875 0.5261207473958334 0.256016015625 0.5977687838541667 0.6251760546875 0.7171337291666666
0 0.25911796484375 0.5995921302083334 0.25172776953125 0.6422727265625 0.612544822265625 0.7556250052083334 0.62104965234375 0.7146485546875 0.25911796484375 0.5995921302083334
0 0.603274103515625 0.8015178645833334 0.611130068359375 0.761410578125 0.250063634765625 0.6466205052083334 0.242541568359375 0.6871643671875001 0.603274103515625 0.8015178645833334
0 0.239012724609375 0.6893893776041667 0.233619888671875 0.7205346276041666 0.63475290234375 0.8513032395833333 0.64115996484375 0.8218957786458333 0.239012724609375 0.6893893776041667
0 0.62989209765625 0.8899024036458334 0.636349931640625 0.8578698515625001 0.22942636328125 0.7289638385416667 0.223871322265625 0.7602608880208334 0.62989209765625 0.8899024036458334
0 0.22576398046875 0.760641765625 0.219372451171875 0.7975547682291667 0.62131605859375 0.9307120208333334 0.62942635546875 0.8873289348958333 0.22576398046875 0.760641765625
0 0.220703421875 0.8003945729166667 0.213047181640625 0.8393482057291667 0.614066658203125 0.9725794843750001 0.621170935546875 0.9297431953125 0.220703421875 0.8003945729166667
0 0.610828572265625 1 0.6137135625 0.9833383203125 0.213179759765625 0.8491090911458333 0.20015901171875 0.9208537239583333 0.457274146484375 1 0.610828572265625 1