0 0.1754111484375 0.85198415625 0.2064235234375 0.8491002994791667 0.1424199609375 0.1964518203125 0.11503648828125 0.20178793750000001 0.1754111484375 0.85198415625
0 0.15853533984375 0.24334623697916666 0.15206525390625 0.24376556510416666 0.205763599609375 0.8503572552083334 0.253743328125 0.8445861380208334 0.204629958984375 0.2358146953125 0.15853533984375 0.24334623697916666
0 0.23215474609375 0.2315471640625 0.20712833984375 0.23522732031250002 0.257089603515625 0.8449012265625 0.307331736328125 0.8374964036458333 0.259160921875 0.22960517187499999 0.23215474609375 0.2315471640625
0 0.3089808671875 0.8437195390625 0.342632943359375 0.8358078463541667 0.297433830078125 0.19416370833333332 0.25958758984375 0.19534880468750002 0.3089808671875 0.8437195390625
0 0.34654448046875 0.8403972734375 0.3815630546875 0.8365715494791667 0.342440498046875 0.24087655989583334 0.301647728515625 0.24385619791666668 0.34654448046875 0.8403972734375
0 0.355401650390625 0.23893116927083333 0.347517498046875 0.24078475260416665 0.384768013671875 0.8358180546875 0.419927904296875 0.8330609140625 0.388016505859375 0.23567055989583333 0.355401650390625 0.23893116927083333
0 0.436799234375 0.8544360130208334 0.451362865234375 0.8521138723958334 0.416020052734375 0.12882229166666667 0.401032474609375 0.12793867708333334 0.389532486328125 0.12843873697916666 0.384064373046875 0.12972430468749999 0.421952970703125 0.854620984375 0.436799234375 0.8544360130208334
0 0.483836408203125 0.8477846822916667 0.45330103515625 0.12336285937500001 0.4349671796875 0.12216415364583333 0.4230986875 0.12495446874999999 0.454143880859375 0.8481546223958333 0.46752898046875 0.8494149843750001 0.483836408203125 0.8477846822916667
0 0.48741866015625 0.8436370598958334 0.502547556640625 0.8455892604166667 0.536906208984375 0.8430204921875001 0.54901946875 0.8346635911458334 0.52206498828125 0.12482520572916667 0.517729505859375 0.11703002083333335 0.4920431796875 0.11645809374999999 0.4565229296875 0.12150357291666668 0.48741866015625 0.8436370598958334
0 0.52525692578125 0.11636211458333334 0.55302566796875 0.8337217213541667 0.574847111328125 0.8363040989583334 0.590494615234375 0.8359307552083334 0.606802044921875 0.8343004557291667 0.616275607421875 0.8309713854166666 0.591254248046875 0.11076224479166667 0.572779078125 0.10849495572916668 0.541248091796875 0.11370435677083333 0.52525692578125 0.11636211458333334
0 0.622783873046875 0.12428390625 0.601060595703125 0.12718748958333334 0.62853018359375 0.8236830677083334 0.696258279296875 0.8110654401041667 0.674675138671875 0.12310221614583333 0.622783873046875 0.12428390625
0 0.706579734375 0.8141478828125001 0.77162148046875 0.799958203125 0.751876796875 0.10715551822916668 0.67870527734375 0.11444205989583334 0.706579734375 0.8141478828125001
0 0.775554357421875 0.1732064088541667 0.7555406953125 0.17680986458333334 0.77230450390625 0.7920849635416666 0.78220201171875 0.7919616510416666 0.794220611328125 0.7891360442708333 0.775554357421875 0.1732064088541667
0 0.81858708984375 0.7922218880208334 0.805105568359375 0.1717678828125 0.79384155859375 0.16780522916666665 0.779583853515625 0.17115725520833333 0.79582308984375 0.7887592994791667 0.804683380859375 0.7932870703125 0.81858708984375 0.7922218880208334
0 0.854548220703125 0.789276375 0.837772517578125 0.10018290885416666 0.825329974609375 0.09980275781249999 0.804529181640625 0.1035912734375 0.824337083984375 0.7919718593749999 0.838382107421875 0.7919752630208333 0.854548220703125 0.789276375
0 0.886506837890625 0.08762353385416666 0.8478068671875 0.09341657552083334 0.86142873828125 0.7975750234375 0.88122375390625 0.7973283932291667 0.89484483203125 0.7941260416666666 0.886506837890625 0.08762353385416666
0 0.93278573828125 0.7874096536458333 0.92637950390625 0.08926744791666667 0.908846888671875 0.08788036979166668 0.8891931875 0.08919558333333333 0.897908478515625 0.7923039635416668 0.914875830078125 0.789416703125 0.93278573828125 0.7874096536458333