0 0.0872270234375 0.7378103854166667 0.132577953125 0.74989540625 0.19354742578125 0.19698791145833336 0.14854005859375 0.18897541666666665 0.0872270234375 0.7378103854166667
0 0.139996994140625 0.7560681041666667 0.174041076171875 0.7648388645833334 0.2336085859375 0.19971240104166665 0.19843809765625 0.19312188020833332 0.139996994140625 0.7560681041666667
0 0.1768024765625 0.7641606588541667 0.211973021484375 0.7707511901041667 0.273683943359375 0.2108089010416667 0.23788133203125 0.20170869791666668 0.1768024765625 0.7641606588541667
0 0.340299373046875 0.174271421875 0.28527649609375 0.16037394010416667 0.2138551328125 0.7699082161458333 0.271130806640625 0.7794454036458333 0.340299373046875 0.174271421875
0 0.4002128671875 0.18430284374999997 0.3440635859375 0.17258553645833333 0.279799892578125 0.7822654583333333 0.337529333984375 0.7911028255208333 0.4002128671875 0.18430284374999997
0 0.33921904296875 0.7969867708333332 0.3899691171875 0.8088879479166667 0.451266796875 0.2273470703125 0.396752513671875 0.21713176041666668 0.33921904296875 0.7969867708333332
0 0.50207367578125 0.2727362421875 0.45747833984375 0.26198838802083335 0.394489029296875 0.8085393463541667 0.43935799609375 0.8167586718750001 0.50207367578125 0.2727362421875
0 0.44033429296875 0.8159345338541667 0.48405033984375 0.8265176171875 0.546727763671875 0.28462899999999997 0.505590720703125 0.27339529166666665 0.44033429296875 0.8159345338541667
0 0.48468240234375 0.8290272916666667 0.529401259765625 0.8386027135416666 0.5954884296875 0.28982151562499997 0.551435978515625 0.2807905182291667 0.48468240234375 0.8290272916666667
0 0.5353089453125 0.8421009739583334 0.6148276015625 0.8617842630208333 0.69038041015625 0.2970840755208333 0.60794180859375 0.28061845572916666 0.5353089453125 0.8421009739583334
0 0.75275895703125 0.3017773203125 0.7012531796875 0.28853891927083336 0.62750806640625 0.8605735364583333 0.679476046875 0.8683282578124999 0.75275895703125 0.3017773203125
0 0.682778052734375 0.8721261145833333 0.740438681640625 0.8865179010416666 0.81467813671875 0.30979336979166666 0.7574023984375 0.3002562109375 0.682778052734375 0.8721261145833333
0 0.78150265625 0.8882346666666666 0.827347921875 0.8956298515625 0.89899210546875 0.34352705729166666 0.8543726484375 0.3317588541666667 0.78150265625 0.8882346666666666
0 0.97083046875 0.3510105885416666 0.91995675390625 0.34028185937500005 0.84332666015625 0.9141671197916666 0.893499193359375 0.9242121354166667 0.97083046875 0.3510105885416666