0 0.54272585546875 1 0.762262615234375 0.9324212604166666 0.84424841015625 0.895392078125 0.8492499609375 0.8905124765625 0.83399927734375 0.8362002473958333 0.469520673828125 1 0.54272585546875 1
0 0.45013698828125 1 0.831864328125 0.8335174296875 0.834425751953125 0.8193689401041667 0.83283943359375 0.8053838932291667 0.82972808984375 0.7874149427083333 0.822652021484375 0.7706664270833333 0.817344865234375 0.7544867395833333 0.811306056640625 0.7485522838541666 0.317730328125 0.9561536223958332 0.3276996484375 1 0.45013698828125 1
0 0.310470810546875 0.9238748880208334 0.31677966796875 0.9506632760416666 0.8094149921875 0.742454390625 0.811183470703125 0.7285499895833333 0.80984103515625 0.7111498619791666 0.805143802734375 0.6936690859375 0.798311619140625 0.6735054973958333 0.790442609375 0.6570010703125 0.2985136328125 0.8596421588541667 0.30376035546875 0.8947671458333333 0.310470810546875 0.9238748880208334
0 0.789344486328125 0.6506590885416667 0.77830283984375 0.6061845651041667 0.3023544765625 0.7949997526041667 0.31250235546875 0.8439596484375 0.789344486328125 0.6506590885416667
0 0.7684810390625 0.559107875 0.29234965625 0.7468660625 0.296986025390625 0.7688189140625 0.30255612890625 0.7913407760416667 0.777936798828125 0.6040705703125 0.773971216796875 0.5763445625 0.7684810390625 0.559107875
0 0.776410484375 0.556667 0.77244533203125 0.5434142135416666 0.313453548828125 0.71921640625 0.31505609375 0.7284715911458334 0.776410484375 0.556667
0 0.772253869140625 0.5423084557291666 0.76494193359375 0.5145505598958333 0.305819548828125 0.6847749166666667 0.31149317578125 0.7175418255208333 0.772253869140625 0.5423084557291666
0 0.76395709375 0.4992156640625 0.761150927734375 0.48783278645833333 0.29904823046875 0.6601392526041666 0.30144957421875 0.6691841666666667 0.76395709375 0.4992156640625
0 0.76078488671875 0.4857187916666667 0.754074431640625 0.45661104947916664 0.293008560546875 0.6252583489583333 0.299069720703125 0.655439796875 0.76078488671875 0.4857187916666667
0 0.73937280859375 0.4054698125 0.73327270703125 0.3895342083333333 0.255249828125 0.5567212760416667 0.266739005859375 0.62307475 0.750231435546875 0.4488873359375 0.746144126953125 0.43010547656250003 0.73937280859375 0.4054698125
0 0.732967529296875 0.382948140625 0.717838572265625 0.3196917578125 0.240486482421875 0.48110566666666665 0.253924412109375 0.5490666041666666 0.732967529296875 0.382948140625
0 0.717350376953125 0.31204869010416664 0.704112484375 0.254890203125 0.225845291015625 0.41101912760416665 0.2379380390625 0.4760348125 0.717350376953125 0.31204869010416664
0 0.7031849453125 0.24953339062500002 0.69092301953125 0.19318781249999997 0.21314359375 0.342486578125 0.22317142578125 0.4004003255208333 0.7031849453125 0.24953339062500002
0 0.681651572265625 0.19270178385416667 0.67146373046875 0.14351109895833333 0.248458330078125 0.27149575 0.25854439453125 0.32492221875 0.681651572265625 0.19270178385416667
0 0.6723175390625 0.13879493489583333 0.659018783203125 0.08610852604166667 0.2347322421875 0.2066941953125 0.244998556640625 0.26116166927083334 0.6723175390625 0.13879493489583333
0 0.650774837890625 0.0384972578125 0.64815169140625 0.028171372395833335 0.17641021484375 0.15445814583333334 0.18570569140625 0.20814233072916666 0.65815651171875 0.0763050625 0.65596026953125 0.06362109895833333 0.650774837890625 0.0384972578125
0 0.484171666015625 0 0.3755921953125 0.025143684895833334 0.160715310546875 0.09128800260416665 0.167503943359375 0.1271396640625 0.648517302734375 0.015812143229166666 0.645779412109375 0 0.484171666015625 0