0 0.52624221484375 1 0.216564072265625 0.8676638203125 0.209704646484375 0.8958120156249999 0.448342763671875 1 0.52624221484375 1
0 0.573987388671875 1 0.226818298828125 0.8480128255208333 0.2227287578125 0.865355265625 0.5287303359375 1 0.573987388671875 1
0 0.604135650390625 1 0.613530685546875 0.9676285885416666 0.202370794921875 0.7918062317708333 0.1913743046875 0.8330997473958334 0.571286603515625 1 0.604135650390625 1
0 0.613929642578125 0.9688595833333333 0.628282900390625 0.9252858854166667 0.213620267578125 0.7456431432291667 0.20234941015625 0.788062546875 0.613929642578125 0.9688595833333333
0 0.235004076171875 0.7038704296875 0.225675232421875 0.7421520703125001 0.628197287109375 0.9103111875000001 0.63832307421875 0.8743183515625 0.235004076171875 0.7038704296875
0 0.6403126875 0.868257578125 0.6549188828125 0.8198143671875 0.256225107421875 0.6430670885416666 0.24254063671875 0.6959322812500001 0.6403126875 0.868257578125
0 0.270316955078125 0.593444375 0.258793095703125 0.6407334296875 0.654327361328125 0.8145788463541667 0.66829251171875 0.7681909427083333 0.270316955078125 0.593444375
0 0.67372633203125 0.7694567473958333 0.697639958984375 0.6789881927083333 0.28823330859375 0.48544012239583334 0.2617478359375 0.5824814739583334 0.67372633203125 0.7694567473958333
0 0.311006658203125 0.3919879010416667 0.286522875 0.48096469531249997 0.702389947265625 0.6748220052083332 0.7271908984375 0.5922067057291667 0.311006658203125 0.3919879010416667
0 0.7435112890625 0.5980322083333333 0.74735258203125 0.5822691640625001 0.24413930859375 0.33687841927083334 0.2397472890625 0.35252653906250003 0.7435112890625 0.5980322083333333
0 0.74790131640625 0.5800173880208334 0.752038388671875 0.56687215625 0.24825496875 0.31998948958333334 0.24441367578125 0.33575253125 0.74790131640625 0.5800173880208334
0 0.254038255859375 0.30008876041666666 0.248666494140625 0.3183007291666667 0.75466632421875 0.5599195078125 0.75849717578125 0.5412924557291666 0.254038255859375 0.30008876041666666
0 0.76088264453125 0.5420732604166667 0.766665958984375 0.5221725442708333 0.260370349609375 0.27793595052083336 0.25374250390625 0.2974709609375 0.76088264453125 0.5420732604166667
0 0.263915853515625 0.25955526041666666 0.2600745625 0.2753183046875 0.76694036328125 0.5210465052083334 0.7714848671875 0.5048510078125 0.263915853515625 0.25955526041666666
0 0.773293806640625 0.5026375338541667 0.777135099609375 0.48687449218749995 0.268741076171875 0.23776190364583336 0.2630499296875 0.25544569791666666 0.773293806640625 0.5026375338541667
0 0.777662515625 0.4808788880208333 0.787835837890625 0.4429631770833333 0.2803999140625 0.19574307031250002 0.26967779296875 0.2359106953125 0.777662515625 0.4808788880208333
0 0.292515298828125 0.15368953385416667 0.282067580078125 0.19273112239583334 0.790052265625 0.4376994661458333 0.79869144921875 0.4016339348958333 0.292515298828125 0.15368953385416667
0 0.793700994140625 0.38824353125000005 0.81105093359375 0.3285408828125 0.378482150390625 0.11126551562499999 0.361449353515625 0.17732948437499998 0.793700994140625 0.38824353125000005
0 0.387262205078125 0.075235875 0.37930525390625 0.10788784895833332 0.80281587890625 0.3125252239583333 0.8106422265625 0.2767476380208333 0.387262205078125 0.075235875
0 0.81497406640625 0.2779589088541667 0.82318403125 0.24043736979166666 0.39882374609375 0.03262066927083333 0.3894572578125 0.0662283125 0.81497406640625 0.2779589088541667
0 0.39782398828125 0 0.39257859765625 0.022767994791666666 0.827110861328125 0.23964907552083334 0.844024955078125 0.1734680494791667 0.50216840625 0 0.39782398828125 0
0 0.510475474609375 0 0.84464965234375 0.16384596614583333 0.8544510546875 0.12782639322916667 0.559394162109375 0 0.510475474609375 0