0 0.545024197265625 1 0.276616962890625 0.9514780286458334 0.27525487109375 0.9774498177083334 0.275318146484375 0.9802725677083334 0.48690471484375 1 0.545024197265625 1
0 0.713307787109375 1 0.713205703125 0.9954460546875 0.274203728515625 0.9197169973958333 0.272794908203125 0.9465797526041667 0.561742275390625 1 0.713307787109375 1
0 0.273885427734375 0.8946759869791667 0.274497947265625 0.9141069661458333 0.715056357421875 0.9912688072916667 0.71664546484375 0.9609683854166667 0.275208033203125 0.8850122552083333 0.273885427734375 0.8946759869791667
0 0.715475857421875 0.9521597395833333 0.7183875703125 0.9121955885416666 0.276592349609375 0.8275065078125 0.275145025390625 0.8706585338541667 0.715475857421875 0.9521597395833333
0 0.717973029296875 0.9045447942708332 0.7216965625 0.8646563333333334 0.279146275390625 0.7788094010416667 0.277103134765625 0.8177670859375 0.717973029296875 0.9045447942708332
0 0.72116851171875 0.8591698541666667 0.7253065859375 0.8269321901041667 0.27527966015625 0.7436505156250001 0.27289099609375 0.7736413802083333 0.72116851171875 0.8591698541666667
0 0.723909962890625 0.8224521770833334 0.72729297265625 0.7890566640625 0.275585654296875 0.7067057682291668 0.274821107421875 0.7368388854166666 0.723909962890625 0.8224521770833334
0 0.72438621875 0.7822609557291668 0.727712474609375 0.7499475989583333 0.34078046875 0.6768984244791666 0.33914780078125 0.7080294244791667 0.72438621875 0.7822609557291668
0 0.72920533984375 0.7370373958333333 0.7309647109375 0.7034905 0.3417847734375 0.6421936822916666 0.34043639453125 0.6679039609375 0.72920533984375 0.7370373958333333
0 0.729040037109375 0.6935240078125 0.73295109765625 0.6656149765625 0.327534765625 0.6028043463541667 0.327055466796875 0.6274984921875 0.729040037109375 0.6935240078125
0 0.73247980078125 0.6590463359375 0.73384189453125 0.633074546875 0.32872659765625 0.5800790286458334 0.32766284765625 0.6003621458333334 0.73247980078125 0.6590463359375
0 0.73654385546875 0.6126649322916666 0.7394383046875 0.5574748802083334 0.3289413046875 0.5137646354166666 0.32628891015625 0.5643393151041667 0.73654385546875 0.6126649322916666
0 0.738155189453125 0.5508305494791667 0.743485095703125 0.49586756770833335 0.33206276953125 0.45424595052083333 0.32929761328125 0.5069707239583333 0.738155189453125 0.5508305494791667
0 0.744811994140625 0.48612197916666666 0.747348654296875 0.42219897395833333 0.30879575390625 0.38457251302083334 0.30562980078125 0.4449394869791667 0.744811994140625 0.48612197916666666
0 0.748217228515625 0.42119250520833335 0.7509241484375 0.35402302604166663 0.311332412109375 0.3206495078125 0.309092646484375 0.3789114869791667 0.748217228515625 0.42119250520833335
0 0.748130900390625 0.3450630026041666 0.754766146484375 0.2652103932291667 0.32080039453125 0.23344886458333333 0.31701196484375 0.305684953125 0.748130900390625 0.3450630026041666
0 0.75250094921875 0.26173684635416666 0.75511162890625 0.21195758333333334 0.34278123828125 0.1876504921875 0.3419795 0.234047921875 0.75250094921875 0.26173684635416666
0 0.756888265625 0.19363658854166665 0.762126888671875 0.10930396614583333 0.33710841796875 0.09360093489583333 0.334434546875 0.17569535416666668 0.756888265625 0.19363658854166665
0 0.340491947265625 0 0.339186087890625 0.08509505729166666 0.759333640625 0.10034394010416665 0.766156548828125 0.023594356770833335 0.556804943359375 0.0040753020833333336 0.429767240234375 0 0.340491947265625 0