0 0.4967274296875 0 0.3255350390625 0.003984231770833333 0.326865771484375 0.032773388020833336 0.725701291015625 0 0.4967274296875 0
0 0.77148870703125 0.0028961119791666664 0.7702377734375 0.0006011770833333333 0.326908369140625 0.036027294270833336 0.327632533203125 0.09134368749999999 0.77101365234375 0.05986786458333334 0.77148870703125 0.0028961119791666664
0 0.325191498046875 0.09140049739583334 0.324152021484375 0.10525800260416666 0.324996568359375 0.12314028125 0.326912541015625 0.12960548177083334 0.733078533203125 0.09980950520833333 0.7341712578125 0.09001938281249999 0.734000865234375 0.07700376041666666 0.73202273828125 0.06579072916666666 0.325191498046875 0.09140049739583334
0 0.327512150390625 0.1287778046875 0.32709358203125 0.14343458072916668 0.32726397265625 0.156450203125 0.328559037109375 0.1621161328125 0.733557759765625 0.1364159453125 0.733483212890625 0.130721609375 0.73390178125 0.11606483072916667 0.73193443359375 0.10567516145833333 0.327512150390625 0.1287778046875
0 0.325571640625 0.16706800520833334 0.3261467109375 0.21099572916666667 0.7744844453125 0.1851006171875 0.77387940625 0.1388838515625 0.325571640625 0.16706800520833334
0 0.327452423828125 0.21747513541666666 0.328016845703125 0.2605893828125 0.77578691796875 0.2379623776041667 0.775160748046875 0.19013137239583333 0.327452423828125 0.21747513541666666
0 0.7782779609375 0.2883553046875 0.77767094140625 0.24198715364583334 0.327449185546875 0.2638574921875 0.3280455546875 0.3094121692708333 0.7782779609375 0.2883553046875
0 0.32687828515625 0.31350795833333334 0.3280955625 0.35986190885416663 0.77958043359375 0.3412170677083333 0.778954599609375 0.2934116848958333 0.32687828515625 0.31350795833333334
0 0.779804072265625 0.3583000729166667 0.7784477734375 0.34795652604166666 0.327517251953125 0.3623165390625 0.328241416015625 0.4176329322916667 0.77917992578125 0.4038831536458333 0.779804072265625 0.3583000729166667
0 0.327801548828125 0.4306627604166667 0.32755337109375 0.45833515885416665 0.32958648828125 0.47374860156250004 0.78118850390625 0.4640520026041666 0.780826421875 0.4363938046875 0.780477849609375 0.4097676588541667 0.326431939453125 0.41930249479166665 0.327801548828125 0.4306627604166667
0 0.327810419921875 0.4779701614583333 0.326693158203125 0.5325156875 0.78691333984375 0.5283145833333334 0.78614817578125 0.46986621875 0.327810419921875 0.4779701614583333
0 0.3279562734375 0.5357411875 0.328190560546875 0.5536376692708334 0.328070177734375 0.5910717838541667 0.788343607421875 0.5909380625 0.788215814453125 0.5811763463541667 0.786750359375 0.5624947942708333 0.78654801953125 0.5470387421874999 0.78698969140625 0.5341467916666667 0.3279562734375 0.5357411875
0 0.33115341796875 0.5934412005208333 0.329135123046875 0.6724194244791667 0.794492962890625 0.6876281302083332 0.794659181640625 0.6070655625 0.33115341796875 0.5934412005208333
0 0.796274662109375 0.7770963307291666 0.795046734375 0.7299289010416666 0.7954120546875 0.7112047421875 0.795188416015625 0.6941217369791667 0.331618755859375 0.6756165182291666 0.32895825390625 0.7521685130208334 0.796274662109375 0.7770963307291666
0 0.33085292578125 0.7570067630208334 0.32893371484375 0.7969239166666666 0.750533974609375 0.8269843255208333 0.7512646171875 0.7895360052083333 0.33085292578125 0.7570067630208334
0 0.332038255859375 0.8009202864583332 0.329508787109375 0.840851640625 0.752468005859375 0.8814588359375 0.7525244921875 0.8391438619791667 0.332038255859375 0.8009202864583332
0 0.331414109375 0.8465033697916667 0.330126455078125 0.8880332734374999 0.75308567578125 0.92864046875 0.753787322265625 0.8889773541666667 0.331414109375 0.8465033697916667
0 0.3338838515625 0.89526934375 0.33183684765625 0.9254247812499999 0.776165767578125 0.9663483541666666 0.77575354296875 0.9348599114583332 0.3338838515625 0.89526934375
0 0.334104251953125 0.9587347057291667 0.658082990234375 0.99639703125 0.77656211328125 0.9936396171875 0.77566523828125 0.9747443411458333 0.335551646484375 0.9294069453125 0.334512169921875 0.9432644505208333 0.334104251953125 0.9587347057291667