0 0.37615515234375 0.001644546875 0.3718591171875 0.039791458333333335 0.73594261328125 0.11745612500000001 0.74340467578125 0.07752947656249999 0.37615515234375 0.001644546875
0 0.376668890625 0.054986640625 0.37198919140625 0.09224777083333334 0.725133083984375 0.17124507552083335 0.731787580078125 0.13254200520833334 0.376668890625 0.054986640625
0 0.692810400390625 0.16718441145833332 0.3692939765625 0.09727455729166667 0.3663738515625 0.12019008333333332 0.687335443359375 0.19442816666666665 0.692810400390625 0.16718441145833332
0 0.358054490234375 0.12245884375 0.35225172265625 0.16530843489583333 0.71989109765625 0.25322803906249997 0.72905351171875 0.20484032552083334 0.358054490234375 0.12245884375
0 0.70981141015625 0.3117700104166667 0.71855267578125 0.26547796875 0.718973826171875 0.263382296875 0.354516224609375 0.1736045833333333 0.348432689453125 0.21785129166666664 0.70981141015625 0.3117700104166667
0 0.35279338671875 0.22689633854166666 0.347627123046875 0.2609887838541667 0.7000595390625 0.3547061458333333 0.706948296875 0.3176322890625 0.35279338671875 0.22689633854166666
0 0.3495079609375 0.26839915364583333 0.34490323046875 0.29969736979166667 0.692862494140625 0.39331404947916665 0.69880403515625 0.3581586901041667 0.3495079609375 0.26839915364583333
0 0.35202455078125 0.3089799791666667 0.341420818359375 0.36733472916666665 0.658732439453125 0.4597353151041667 0.671404439453125 0.39388365625000005 0.35202455078125 0.3089799791666667
0 0.34186989453125 0.37348486197916664 0.331893107421875 0.434309734375 0.646444103515625 0.5264727552083334 0.657330947265625 0.46391431250000004 0.34186989453125 0.37348486197916664
0 0.69303138671875 0.5461944583333334 0.691740009765625 0.5442356692708333 0.32307165625 0.4334870859375 0.3191504765625 0.4418194401041667 0.316904341796875 0.4529963645833333 0.31462071875 0.46715474739583335 0.313282294921875 0.4794046796875 0.3148823671875 0.4882121614583333 0.682287271484375 0.6052477604166667 0.69303138671875 0.5461944583333334
0 0.6828883359375 0.6078466744791667 0.31379678515625 0.49081916666666664 0.312467919921875 0.49184183333333337 0.308265974609375 0.5015713046875 0.30616022265625 0.512049671875 0.3041573671875 0.5248109375 0.30352086328125 0.533568078125 0.305504599609375 0.54326134375 0.671608564453125 0.6695654218749999 0.6828883359375 0.6078466744791667
0 0.614571080078125 0.6738953854166666 0.618893953125 0.6523844765625 0.309135451171875 0.5475533697916667 0.306861388671875 0.5504844869791666 0.3039508203125 0.5621727447916667 0.301704685546875 0.5733496692708333 0.301975892578125 0.5831798203124999 0.30385673046875 0.5905901875 0.610284603515625 0.7008150338541667 0.611903794921875 0.6871679843749999 0.614571080078125 0.6738953854166666
0 0.289314203125 0.5958766067708333 0.27937490234375 0.6537200234375 0.647144349609375 0.7940959348958333 0.65911443359375 0.7317370677083334 0.289314203125 0.5958766067708333
0 0.63506180859375 0.865399171875 0.646404947265625 0.8005701796875 0.6368316953125 0.7978986979166667 0.277587400390625 0.6598198177083333 0.266600001953125 0.7172887838541667 0.63506180859375 0.865399171875
0 0.264763736328125 0.7264261692708334 0.25815615234375 0.7704856510416667 0.60924939453125 0.918380546875 0.618140728515625 0.8685468098958333 0.264763736328125 0.7264261692708334
0 0.630761849609375 1 0.641980876953125 0.9399714817708333 0.64201159765625 0.9398186093750001 0.25294359375 0.7768592161458333 0.239953341796875 0.8470894479166667 0.58262065234375 1 0.630761849609375 1
0 0.577280046875 1 0.241628384765625 0.849934015625 0.227491486328125 0.9202801744791667 0.45063031640625 1 0.577280046875 1