0 0.446200916015625 0 0.782945876953125 0.07382323177083333 0.78589495703125 0.05414252083333334 0.529513140625 0 0.446200916015625 0
0 0.32870095703125 0 0.328206609375 0.004161588541666666 0.762240123046875 0.10235907031250001 0.766603291015625 0.07516652083333333 0.436505162109375 0 0.32870095703125 0
0 0.75845983984375 0.12858375260416668 0.76049966796875 0.10384325520833333 0.32751212109375 0.010008015625 0.32463580078125 0.032357455729166665 0.75845983984375 0.12858375260416668
0 0.326254134765625 0.043304044270833335 0.32310309765625 0.07739880729166666 0.770123533203125 0.1741975 0.77370078515625 0.13905548958333333 0.326254134765625 0.043304044270833335
0 0.32121008984375 0.07819770833333334 0.318336900390625 0.10995397395833334 0.7646395390625 0.20701258072916665 0.77026242578125 0.17302824479166667 0.32121008984375 0.07819770833333334
0 0.75019740234375 0.2586881640625 0.75589226171875 0.21074693229166666 0.316027201171875 0.11426071875 0.3109825390625 0.16394219270833335 0.75019740234375 0.2586881640625
0 0.3097767578125 0.166879046875 0.303760419921875 0.20995780729166666 0.74485455078125 0.30698120572916665 0.751074455078125 0.25887338020833334 0.3097767578125 0.166879046875
0 0.83108107421875 0.3800498645833333 0.838208572265625 0.32761675260416667 0.299375126953125 0.20903172395833333 0.29256908203125 0.26632730208333333 0.83108107421875 0.3800498645833333
0 0.681037197265625 0.40949383854166665 0.68700984375 0.3592140989583333 0.296859162109375 0.27562370052083335 0.293357310546875 0.32896429947916667 0.681037197265625 0.40949383854166665
0 0.293239837890625 0.32879774739583334 0.28800537109375 0.3804320442708333 0.671133267578125 0.4614753020833333 0.677390083984375 0.40992230989583334 0.293239837890625 0.32879774739583334
0 0.73062469140625 0.5218491848958333 0.736041744140625 0.47624661458333334 0.28421936328125 0.3820297682291667 0.2811358671875 0.4318485 0.73062469140625 0.5218491848958333
0 0.7228769609375 0.5752309869791666 0.728775330078125 0.5298490598958333 0.2800008125 0.4326800208333333 0.275190931640625 0.4580341276041667 0.273428880859375 0.480435953125 0.7228769609375 0.5752309869791666
0 0.693895599609375 0.6039900755208333 0.696768828125 0.5722337395833333 0.266134669921875 0.48129273958333335 0.2636423984375 0.5125263359375 0.693895599609375 0.6039900755208333
0 0.27027789453125 0.5145308046875 0.2651902265625 0.5422234218750001 0.681053322265625 0.6288464921875 0.684109095703125 0.6031219557291666 0.27027789453125 0.5145308046875
0 0.26477352734375 0.5457313411458333 0.26000726953125 0.5782864947916667 0.7133484375 0.6720923072916666 0.718072216796875 0.6426572083333334 0.26477352734375 0.5457313411458333
0 0.707202341796875 0.7038891770833334 0.7108137109375 0.6734874635416667 0.259729482421875 0.5806250052083334 0.256717390625 0.6135506041666666 0.707202341796875 0.7038891770833334
0 0.261102623046875 0.6144766744791667 0.256328537109375 0.6698041093749999 0.6962563671875 0.7660380494791666 0.7024003828125 0.706470859375 0.261102623046875 0.6144766744791667
0 0.67317594140625 0.8465322031250001 0.678541416015625 0.816500921875 0.681458296875 0.7919456380208333 0.6805454921875 0.7617871015625001 0.2569277734375 0.6723278281249999 0.247863607421875 0.7183588697916666 0.243696646484375 0.7534377526041666 0.2431331640625 0.7808871953125 0.668227154296875 0.8730555598958333 0.67317594140625 0.8465322031250001
0 0.669362494140625 1 0.682668837890625 0.8952833619791667 0.24008527734375 0.7838394661458333 0.23338237890625 0.8099925520833334 0.2282947109375 0.8376851666666667 0.224361853515625 0.8632244791666667 0.22781982421875 0.8806808333333334 0.655112490234375 1 0.669362494140625 1