0 0.13488262109375 0.5256909713541666 0.106914138671875 0.5352593177083333 0.10770402734375 0.5372896979166667 0.240602140625 0.8285493125 0.260535234375 0.8206778723958333 0.13488262109375 0.5256909713541666
0 0.265415111328125 0.8247741223958333 0.285968798828125 0.8175040234375 0.164798201171875 0.5186410234375 0.138274982421875 0.5264393671875 0.265415111328125 0.8247741223958333
0 0.20787333984375 0.4883049479166666 0.1724216171875 0.49945359635416664 0.17265891015625 0.5016006770833333 0.29476308984375 0.8083228854166666 0.32087023828125 0.7969504244791666 0.20787333984375 0.4883049479166666
0 0.3256068671875 0.79521775 0.35270058984375 0.7829045468750001 0.247824396484375 0.47327654166666666 0.2127222578125 0.48728095572916663 0.3256068671875 0.79521775
0 0.3561695390625 0.7843691666666667 0.397642892578125 0.7682868906250001 0.317818556640625 0.48925588541666665 0.26850560546875 0.5040641380208334 0.3561695390625 0.7843691666666667
0 0.376716134765625 0.4672967838541667 0.32675290625 0.4807775677083333 0.404888392578125 0.7645595989583334 0.42758496875 0.7568369661458334 0.444107490234375 0.7526153541666667 0.376716134765625 0.4672967838541667
0 0.450594533203125 0.7563722031250001 0.48000088671875 0.7450354140625 0.403443451171875 0.3825536901041667 0.3663496484375 0.39331671875 0.450594533203125 0.7563722031250001
0 0.482621125 0.7393552994791667 0.5120858515625 0.7331329609375 0.448216009765625 0.3665070859375 0.412486455078125 0.37478482291666665 0.482621125 0.7393552994791667
0 0.516318640625 0.7410278411458333 0.546854814453125 0.734579234375 0.496160681640625 0.38641042708333334 0.458834587890625 0.3950253203125 0.516318640625 0.7410278411458333
0 0.550689744140625 0.7345017760416667 0.580069599609375 0.7275649609375 0.540540765625 0.3763058776041666 0.502689845703125 0.38503160416666665 0.550689744140625 0.7345017760416667
0 0.583225560546875 0.7217717135416667 0.61322601171875 0.7154362395833332 0.58094267578125 0.36044986458333333 0.543892455078125 0.3712036927083333 0.583225560546875 0.7217717135416667
0 0.61697606640625 0.7146443072916666 0.64759711328125 0.7089101744791666 0.6261077109375 0.338461203125 0.585514435546875 0.34703366145833336 0.61697606640625 0.7146443072916666
0 0.6749698125 0.3244805598958333 0.631597982421875 0.33730177343749995 0.631719548828125 0.3394732916666667 0.655717818359375 0.7079276432291667 0.687044330078125 0.7035093255208333 0.6749698125 0.3244805598958333
0 0.7079321171875 0.6851827213541667 0.738664529296875 0.6757630885416667 0.727184109375 0.3017356380208333 0.68704069921875 0.3138750755208333 0.7079321171875 0.6851827213541667
0 0.7483636015625 0.6737148463541667 0.7807031796875 0.6639558098958334 0.791972330078125 0.2734057786458333 0.7514232109375 0.2870956848958333 0.7483636015625 0.6737148463541667
0 0.806614091796875 0.6555543776041667 0.817073923828125 0.6511482864583333 0.84619165234375 0.2582937942708333 0.803963650390625 0.27160585416666666 0.785805791015625 0.6606810546875 0.78865414453125 0.6615443359375001 0.806614091796875 0.6555543776041667
0 0.86387091796875 0.32853236458333335 0.844584912109375 0.33260516927083333 0.8433437265625 0.3314024869791667 0.81924330859375 0.6462957786458333 0.834609513671875 0.6415859609375 0.86387091796875 0.32853236458333335
0 0.85502533984375 0.6424013385416667 0.865851154296875 0.6364531692708334 0.911040552734375 0.24020467447916669 0.90593794140625 0.2434794296875 0.891728052734375 0.248677453125 0.87954586328125 0.251250078125 0.8420831328125 0.6444020677083333 0.85502533984375 0.6424013385416667
0 0.924414587890625 0.2359155625 0.923362166015625 0.23760260677083334 0.873096654296875 0.6327258776041667 0.8796950625 0.6327972265625 0.88792713671875 0.6281291953125 0.896244080078125 0.6241756380208333 0.9542059453125 0.22449746874999998 0.94856761328125 0.22788535677083332 0.938022908203125 0.23157697395833332 0.924414587890625 0.2359155625