0 0.686713052734375 1 0.687601001953125 0.9887356432291666 0.68938815234375 0.9749618333333333 0.68763379296875 0.9616266692708333 0.353623544921875 0.9101445234375 0.35187162109375 0.914573765625 0.34855123046875 0.9300026093749999 0.347457802734375 0.9438736354166667 0.34753694140625 0.9606650624999999 0.602686078125 1 0.686713052734375 1
0 0.686392134765625 0.9595827630208333 0.6915750078125 0.9472197760416666 0.69274133203125 0.9324240130208333 0.69357840625 0.9129073567708333 0.35763281640625 0.8592836302083334 0.355079044921875 0.8738849583333334 0.3530003125 0.8913577083333334 0.352386720703125 0.9080392994791667 0.686392134765625 0.9595827630208333
0 0.397353630859375 0.8358665911458334 0.395866271484375 0.8636326197916667 0.396408431640625 0.8656525546874999 0.694199234375 0.9139293072916667 0.696677671875 0.8824883125 0.397353630859375 0.8358665911458334
0 0.698138013671875 0.8817580130208333 0.70185810546875 0.8523609192708334 0.40045289453125 0.805447546875 0.398893220703125 0.8341309739583332 0.698138013671875 0.8817580130208333
0 0.390881681640625 0.7667082213541666 0.390928916015625 0.7928020130208333 0.393002955078125 0.7931841119791666 0.706191712890625 0.7706925677083333 0.70523919921875 0.7471853177083333 0.390881681640625 0.7667082213541666
0 0.37013799609375 0.7273381484375 0.36960262890625 0.7608227109375 0.3709094921875 0.7620394375 0.70808698828125 0.746649453125 0.705928046875 0.7117537265624999 0.37013799609375 0.7273381484375
0 0.713518900390625 0.6866388828125 0.710304197265625 0.6740340182291668 0.3719579375 0.6864553619791667 0.371825439453125 0.7237269114583333 0.711842310546875 0.7079077916666666 0.712352576171875 0.7014346458333334 0.713518900390625 0.6866388828125
0 0.723082798828125 0.6720849973958334 0.72245709375 0.635534234375 0.3356607578125 0.6486454401041667 0.334214357421875 0.6847895598958332 0.723082798828125 0.6720849973958334
0 0.725596462890625 0.6312994270833333 0.725664482421875 0.5948458828125 0.339634765625 0.6071295703125 0.33840791796875 0.6404884791666666 0.725596462890625 0.6312994270833333
0 0.7288038515625 0.590611078125 0.727484423828125 0.5539630989583334 0.34167339453125 0.5634725807291666 0.3395349296875 0.5994983854166667 0.7288038515625 0.590611078125
0 0.34509946875 0.5200100260416667 0.344349302734375 0.5562194869791667 0.34419193359375 0.5582158229166666 0.731317515625 0.5498255130208333 0.730618916015625 0.5141994843750001 0.34509946875 0.5200100260416667
0 0.733210353515625 0.5080179921875 0.73302201953125 0.4659188177083333 0.39317531640625 0.45288622395833333 0.390126669921875 0.49156080468749996 0.733210353515625 0.5080179921875
0 0.734701046875 0.4624143125 0.737068921875 0.42347821874999997 0.3984966640625 0.3853805546875 0.39683678515625 0.4242328307291667 0.734701046875 0.4624143125
0 0.470895375 0.3656080130208333 0.4704026875 0.389653515625 0.470023072265625 0.39446923958333335 0.72472769140625 0.41987882812500005 0.726075033203125 0.3938890260416667 0.470895375 0.3656080130208333
0 0.473700623046875 0.3211235052083333 0.470179755859375 0.35689088541666664 0.470018193359375 0.35894043229166667 0.73344963671875 0.3893127916666667 0.73691337890625 0.35427007031249996 0.473700623046875 0.3211235052083333
0 0.74592446875 0.3022406875 0.43144907421875 0.2609752786458333 0.43043098046875 0.2916859765625 0.428643828125 0.3054597864583333 0.433499892578125 0.30614030989583335 0.7425712890625 0.3447785078125 0.74592446875 0.3022406875
0 0.436845755859375 0.2103092760416667 0.43274362890625 0.25345045572916663 0.43195933984375 0.2545021328125 0.747676390625 0.2978114453125 0.751941978515625 0.2525966380208333 0.436845755859375 0.2103092760416667
0 0.7466837734375 0.24811995572916667 0.74861671484375 0.23249667447916667 0.746570771484375 0.22286045052083334 0.419133318359375 0.17697370052083336 0.41625030078125 0.18685413541666665 0.41663587890625 0.19975809375 0.4157048046875 0.2026718515625 0.7466837734375 0.24811995572916667
0 0.421830439453125 0.14275849739583332 0.419296166015625 0.15711250520833334 0.418949861328125 0.1704033359375 0.74901641796875 0.2185284296875 0.75050955078125 0.19068915625000002 0.421830439453125 0.14275849739583332
0 0.430806302734375 0.10007368489583333 0.4278374921875 0.13773546354166666 0.426357255859375 0.13871813020833332 0.751421958984375 0.18801216666666667 0.755323072265625 0.14742103385416666 0.430806302734375 0.10007368489583333
0 0.435071888671875 0.05485887760416667 0.430789431640625 0.091390015625 0.42992912109375 0.09340610416666667 0.75499382421875 0.142700140625 0.758201212890625 0.10201179427083333 0.435071888671875 0.05485887760416667
0 0.767290072265625 0.08458648437499999 0.769112453125 0.061468101562499995 0.428310796875 0.0071638515625 0.4265833046875 0.029078526041666667 0.767290072265625 0.08458648437499999