0 0.33920173046875 0 0.33762584765625 0.024932971354166666 0.758363498046875 0.09023484895833334 0.763659365234375 0.039409486979166665 0.522935982421875 0 0.33920173046875 0
0 0.336528095703125 0.0271387734375 0.3299273828125 0.09881677083333333 0.74890226171875 0.16382997916666667 0.75429698046875 0.0955328671875 0.336528095703125 0.0271387734375
0 0.721705443359375 0.23571436979166668 0.7272083671875 0.16624225260416667 0.33048409765625 0.10248615104166665 0.325564298828125 0.1767508125 0.721705443359375 0.23571436979166668
0 0.32246101171875 0.17989504427083333 0.321178181640625 0.20354029947916666 0.700966517578125 0.26706990104166667 0.702331025390625 0.24208460937499998 0.32246101171875 0.17989504427083333
0 0.7312015078125 0.31718409114583335 0.7347723828125 0.2784075 0.316446751953125 0.2063440234375 0.313202880859375 0.2468794895833333 0.7312015078125 0.31718409114583335
0 0.31618492578125 0.24804786718750002 0.311732654296875 0.2866801588541667 0.72885612890625 0.35953052343749997 0.73165004296875 0.32202855989583334 0.31618492578125 0.24804786718750002
0 0.704392111328125 0.4237220546875 0.7125548515625 0.36422745833333336 0.309537091796875 0.2910917578125 0.306232650390625 0.3546228984375 0.704392111328125 0.4237220546875
0 0.302704294921875 0.3555751197916666 0.298840197265625 0.41696617708333333 0.698116025390625 0.49187487760416665 0.70572202734375 0.42871081770833336 0.302704294921875 0.3555751197916666
0 0.71160008203125 0.5203231822916666 0.71410459375 0.5028416875 0.296752837890625 0.42020277083333335 0.292888732421875 0.4815939036458334 0.70802920703125 0.5590997708333333 0.71160008203125 0.5203231822916666
0 0.7011963828125 0.6235831276041667 0.708477755859375 0.5639442421874999 0.29090958984375 0.4836553333333333 0.2848606015625 0.5439676979166667 0.7011963828125 0.6235831276041667
0 0.285839470703125 0.5484272708333333 0.280104421875 0.6107049088541666 0.676736169921875 0.6851806588541667 0.6832443828125 0.6242224765625001 0.285839470703125 0.5484272708333333
0 0.6696869375 0.7520140286458333 0.67729292578125 0.6888501276041666 0.27801707421875 0.6139413411458333 0.274152962890625 0.6753325572916666 0.6696869375 0.7520140286458333
0 0.271416359375 0.6856193359375 0.26240367578125 0.7640589375000001 0.65486069140625 0.8450078697916666 0.665187591796875 0.7620123828124999 0.271416359375 0.6856193359375
0 0.656764744140625 0.9311986015625 0.665437115234375 0.8467393645833333 0.2671508203125 0.7708000260416666 0.25920532421875 0.8546144244791667 0.656764744140625 0.9311986015625
0 0.65042542578125 1 0.657429701171875 0.9336929036458333 0.26068973046875 0.86039215625 0.249930029296875 0.948087984375 0.551334236328125 1 0.65042542578125 1