0 0.4539557890625 0 0.261460798828125 0.06399252083333333 0.2682702578125 0.100407515625 0.578023408203125 0 0.4539557890625 0
0 0.61693021875 0 0.270240853515625 0.1064604765625 0.283039291015625 0.16593237239583333 0.682392259765625 0.036526565104166665 0.679643625 0.008372052083333333 0.678078083984375 0 0.61693021875 0
0 0.286582189453125 0.18487876041666665 0.293075185546875 0.22408662239583332 0.30036244921875 0.25408635416666664 0.695176791015625 0.12283532552083333 0.691643162109375 0.08599769270833334 0.682385306640625 0.04994499739583333 0.28224502734375 0.17514049739583334 0.286582189453125 0.18487876041666665
0 0.313353078125 0.32355644791666666 0.318475234375 0.34197783333333337 0.71013337890625 0.20730400260416668 0.70836656640625 0.18888518750000002 0.704237818359375 0.15783544531250002 0.698173083984375 0.13437342447916667 0.3025275546875 0.265664703125 0.313353078125 0.32355644791666666
0 0.318866572265625 0.34855579947916665 0.325950052734375 0.3909213880208333 0.720173912109375 0.2565126302083333 0.7143169609375 0.22070616145833333 0.318866572265625 0.34855579947916665
0 0.329303078125 0.39539676822916664 0.33579607421875 0.43460462499999997 0.72883201171875 0.3072988359375 0.723966033203125 0.26782138020833335 0.329303078125 0.39539676822916664
0 0.340927501953125 0.43513476822916664 0.344074427734375 0.4564488151041666 0.67492884765625 0.346460453125 0.673408572265625 0.3293600625 0.340927501953125 0.43513476822916664
0 0.34466491015625 0.45960654687499997 0.349981578125 0.4835533177083333 0.6786639375 0.37540503906249995 0.675716158203125 0.3506707630208334 0.34466491015625 0.45960654687499997
0 0.348990486328125 0.4917088671875 0.35804687890625 0.5356546067708333 0.727396275390625 0.4117510651041667 0.72115669921875 0.36492802083333337 0.348990486328125 0.4917088671875
0 0.357648587890625 0.5424950729166667 0.3676914375 0.5872308880208333 0.736448033203125 0.46464242708333336 0.7285772421875 0.4180665286458333 0.357648587890625 0.5424950729166667
0 0.371046779296875 0.5872334557291666 0.374983333984375 0.608285 0.718272666015625 0.4975168385416667 0.715381482421875 0.47308521875000004 0.371046779296875 0.5872334557291666
0 0.374981017578125 0.6127578125 0.3799017109375 0.6390722421875 0.724770298828125 0.527779078125 0.721032890625 0.503307296875 0.374981017578125 0.6127578125
0 0.3852508828125 0.6452520338541666 0.38737652734375 0.6880157968749999 0.78056757421875 0.6422731770833333 0.77749310546875 0.6034057890625 0.3852508828125 0.6452520338541666
0 0.405318041015625 0.7705061510416668 0.41121823828125 0.8110290885416668 0.796346298828125 0.7087123697916667 0.791674583984375 0.665788578125 0.405318041015625 0.7705061510416668
0 0.413980779296875 0.812346734375 0.420274630859375 0.8549748255208334 0.803823435546875 0.7531831145833333 0.797923240234375 0.7126601770833334 0.413980779296875 0.812346734375
0 0.813676412109375 0.783447921875 0.811760236328125 0.7642303671874999 0.4242158203125 0.86708075 0.42499849609375 0.8802366796875 0.42953248828125 0.8910275234374999 0.813676412109375 0.783447921875
0 0.81859710546875 0.8097623515625 0.8154945234375 0.7976558593749999 0.429527849609375 0.8999731432291668 0.433858060546875 0.92312984375 0.8197780703125 0.8160778151041667 0.81859710546875 0.8097623515625
0 0.444095419921875 0.9733910442708332 0.825078513671875 0.8713342630208333 0.824101328125 0.8526529453124999 0.81824442578125 0.8258171588541666 0.437998396484375 0.9318155312499999 0.44055483984375 0.9499718437500001 0.444095419921875 0.9733910442708332
0 0.5460442109375 1 0.832051271484375 0.9049205755208334 0.830452896484375 0.8866192760416666 0.451586462890625 0.9910249244791666 0.452872888671875 1 0.5460442109375 1