0 0.34756208203125 0.10923033854166668 0.33144518359375 0.16860905468749998 0.765022677734375 0.39326033072916666 0.78257538671875 0.33398821875 0.34756208203125 0.10923033854166668
0 0.747107080078125 0.4470869895833333 0.76201953515625 0.3923723645833333 0.332626619140625 0.16706464843750002 0.31609466015625 0.23191199739583335 0.747107080078125 0.4470869895833333
0 0.314341685546875 0.23483860677083335 0.30181516015625 0.2833448333333333 0.739673150390625 0.503148296875 0.751383431640625 0.46273957031249996 0.314341685546875 0.23483860677083335
0 0.725965181640625 0.5531988541666667 0.73750511328125 0.5115435416666666 0.300151890625 0.28675483333333335 0.289334908203125 0.3355332838541667 0.725965181640625 0.5531988541666667
0 0.297615705078125 0.34506464322916663 0.287956880859375 0.3854967708333333 0.66923335546875 0.5742111302083334 0.67901798828125 0.5410358307291666 0.297615705078125 0.34506464322916663
0 0.28771599609375 0.38642954687500003 0.277162671875 0.42123388802083334 0.6583240625 0.6181379895833333 0.670540642578125 0.5799236432291667 0.28771599609375 0.38642954687500003
0 0.694533869140625 0.6900625338541667 0.706314669921875 0.6474745026041667 0.26946625390625 0.4177004348958333 0.255156611328125 0.46788126041666667 0.694533869140625 0.6900625338541667
0 0.25479471875 0.4714822994791667 0.241350638671875 0.5174804635416667 0.676290462890625 0.7335235703124999 0.68821377734375 0.690291203125 0.25479471875 0.4714822994791667
0 0.663206763671875 0.781064296875 0.67568726953125 0.7387973645833333 0.243208744140625 0.5193768958333334 0.22972159765625 0.5663727786458334 0.663206763671875 0.781064296875
0 0.228319318359375 0.5709718463541666 0.217983884765625 0.6079630989583333 0.650136744140625 0.8247995755208333 0.6591345625 0.7938024557291666 0.228319318359375 0.5709718463541666
0 0.640126900390625 0.8643749244791666 0.649498779296875 0.8311149166666666 0.21960107421875 0.6107924348958333 0.210090064453125 0.6457244479166667 0.640126900390625 0.8643749244791666
0 0.20878387109375 0.6496492395833333 0.1975308203125 0.6841324713541667 0.629735744140625 0.9037979791666667 0.639622109375 0.86936015625 0.20878387109375 0.6496492395833333
0 0.61822853125 0.9461409635416667 0.628781865234375 0.9113366276041667 0.2010061953125 0.6888581328125 0.189663685546875 0.7281539791666667 0.61822853125 0.9461409635416667
0 0.188525689453125 0.7311250625 0.178889904296875 0.7684375260416667 0.61063410546875 0.9810977421875 0.620545427734375 0.9492915338541666 0.188525689453125 0.7311250625
0 0.52707457421875 0.9627227421875001 0.530229236328125 0.9474764609375 0.17812121484375 0.7774752135416666 0.172946580078125 0.7962201614583333 0.52707457421875 0.9627227421875001