0 0.119921736328125 0.8064094947916667 0.157068384765625 0.812490875 0.194303408203125 0.24792686197916666 0.156726939453125 0.2384954609375 0.119921736328125 0.8064094947916667
0 0.15929263671875 0.8150414479166667 0.196340109375 0.8221998125000001 0.242557203125 0.2580130572916667 0.20489357421875 0.24966060677083335 0.15929263671875 0.8150414479166667
0 0.19927271875 0.8259595703125 0.244806375 0.8388801015624999 0.29999142578125 0.2663225546875 0.25032515234375 0.2549118984375 0.19927271875 0.8259595703125
0 0.250657482421875 0.8376515677083334 0.29680031640625 0.852858265625 0.36591183203125 0.28039422135416664 0.311613921875 0.26603886979166663 0.250657482421875 0.8376515677083334
0 0.34070478515625 0.8567663307291666 0.403979310546875 0.29427887760416666 0.386411876953125 0.2892164296875 0.3737247421875 0.2860461640625 0.31193102734375 0.848776046875 0.32132392578125 0.8535934374999999 0.34070478515625 0.8567663307291666
0 0.39794065234375 0.8672297890624999 0.424688513671875 0.8705155390625 0.43113762890625 0.36431812760416665 0.40499894921875 0.363318546875 0.39794065234375 0.8672297890624999
0 0.42974619921875 0.8779028541666666 0.464966126953125 0.8782027135416667 0.470267826171875 0.34885988020833336 0.43933644140625 0.348168890625 0.42974619921875 0.8779028541666666
0 0.48935115625 0.35526371875 0.476133048828125 0.35637939843750005 0.47061887890625 0.8791281406250001 0.5029203125 0.884416296875 0.50691858984375 0.36032616666666667 0.48935115625 0.35526371875
0 0.505257857421875 0.8946379479166667 0.534725859375 0.8950893645833333 0.545496439453125 0.31526060156249996 0.511891580078125 0.31522514583333333 0.505257857421875 0.8946379479166667
0 0.5850656953125 0.3217385911458333 0.58022048046875 0.32094536979166666 0.56710155078125 0.3209840677083333 0.55102998046875 0.31944616666666664 0.541186146484375 0.8961469947916667 0.57136250390625 0.89780759375 0.5850656953125 0.3217385911458333
0 0.647189490234375 0.2969260703125 0.6012507109375 0.2904985234375 0.5740399296875 0.9310424661458333 0.61178164453125 0.9306619583333333 0.6192478203125 0.929697828125 0.647189490234375 0.2969260703125
0 0.66497983203125 0.9404643958333333 0.707046322265625 0.30563217708333335 0.69251067578125 0.3032525078125 0.65840162109375 0.3020412942708333 0.622293724609375 0.9411286640625001 0.649948298828125 0.9434696354166667 0.66497983203125 0.9404643958333333
0 0.691288634765625 0.9218139010416667 0.729331193359375 0.35738209114583336 0.722771728515625 0.35740144270833335 0.70654065625 0.35802386458333335 0.669499283203125 0.926992453125 0.68181067578125 0.926821546875 0.691288634765625 0.9218139010416667
0 0.756589056640625 0.36403098958333335 0.733680521484375 0.3635602239583333 0.69249287890625 0.9176381822916667 0.71025866796875 0.9205466666666666 0.717923203125 0.9174285755208333 0.756589056640625 0.36403098958333335
0 0.723802541015625 0.9336961510416667 0.7493320390625 0.9324095651041667 0.796937251953125 0.41545844531250004 0.7678659609375 0.4106991041666667 0.723802541015625 0.9336961510416667
0 0.754078076171875 0.9342797708333334 0.77860168359375 0.9350149453125001 0.83902829296875 0.4212560677083333 0.80572096875 0.417989671875 0.754078076171875 0.9342797708333334
0 0.894266861328125 0.3821977265625 0.851522134765625 0.3773863072916666 0.781732650390625 0.9366207395833334 0.804343654296875 0.9403224505208333 0.817561759765625 0.9392067682291666 0.894266861328125 0.3821977265625
0 0.853778623046875 0.9473223671875001 0.954610625 0.3953564244791667 0.944821017578125 0.3948469609375 0.91371781640625 0.38756853124999996 0.8205704765625 0.9429789869791666 0.839044623046875 0.9470966588541666 0.853778623046875 0.9473223671875001