0 0.52293598828125 1 0.726925666015625 0.9666042890625 0.811365287109375 0.9412044218750001 0.816721982421875 0.9370486223958333 0.80581272265625 0.8809084140625 0.407097185546875 1 0.52293598828125 1
0 0.37735409765625 1 0.80389979296875 0.8779427421875 0.807556373046875 0.86422875 0.807075123046875 0.8500992265625 0.8053895234375 0.8317950807291666 0.799665240234375 0.8141521145833334 0.7956555859375 0.7973213958333334 0.79011509765625 0.7905778151041667 0.28296804296875 0.9282516067708334 0.29329653125 1 0.37735409765625 1
0 0.278278828125 0.8951379322916666 0.282453013671875 0.92265884375 0.7887124453125 0.7842497630208333 0.791561291015625 0.7706680078125 0.791590314453125 0.7531761041666667 0.788289244140625 0.7351364296875 0.783075240234375 0.7141310911458333 0.77654322265625 0.6966203619791668 0.271422763671875 0.8295905859375 0.27388707421875 0.8652543984375001 0.278278828125 0.8951379322916666
0 0.7759483046875 0.6901600755208334 0.76845378515625 0.6443902994791667 0.280310296875 0.7658376015625 0.286564306640625 0.8159436119791666 0.7759483046875 0.6901600755208334
0 0.7623764296875 0.5962026223958333 0.2741337890625 0.7165732083333333 0.277023736328125 0.7390519765625 0.280797693359375 0.7622267760416667 0.76825548046875 0.6422368697916666 0.76648523828125 0.6141100598958333 0.7623764296875 0.5962026223958333
0 0.77045379296875 0.5948802552083333 0.76754933203125 0.5811474427083333 0.297289703125 0.692016296875 0.298157896484375 0.7014441302083334 0.77045379296875 0.5948802552083333
0 0.76744560546875 0.5800210572916666 0.762349841796875 0.5513961484375 0.292397611328125 0.6566995208333334 0.2954713515625 0.6900776692708334 0.76744560546875 0.5800210572916666
0 0.76257259765625 0.5360079999999999 0.7606741796875 0.5242963802083334 0.287594732421875 0.6312550859375 0.289273833984375 0.6405851302083333 0.76257259765625 0.5360079999999999
0 0.760475873046875 0.5221429505208334 0.756084119140625 0.49225941927083333 0.284322685546875 0.5957235078124999 0.287984525390625 0.6265843697916667 0.760475873046875 0.5221429505208334
0 0.7454723203125 0.43934935416666665 0.7406549296875 0.42265086979166666 0.252143853515625 0.52229940625 0.258368224609375 0.5898906484375 0.7528676875 0.4840424140625 0.75027519921875 0.4647937890625 0.7454723203125 0.43934935416666665
0 0.74086774609375 0.41605834635416666 0.73078073828125 0.3510399453125 0.24338937109375 0.4450404401041667 0.251425796875 0.5145019427083334 0.74086774609375 0.41605834635416666
0 0.730894404296875 0.34337070833333333 0.722210046875 0.28468035937499997 0.234322916015625 0.37329727864583334 0.24125242578125 0.4396421822916667 0.730894404296875 0.34337070833333333
0 0.721707544921875 0.27922361979166666 0.713930078125 0.22147775 0.2270635 0.30336990625 0.232496171875 0.3623639895833333 0.721707544921875 0.27922361979166666
0 0.7047475234375 0.21970220833333332 0.698471861328125 0.16936110156249998 0.267750201171875 0.23768983333333335 0.273592572265625 0.29222933333333334 0.7047475234375 0.21970220833333332
0 0.69969072265625 0.16478977083333332 0.6905952421875 0.11053851822916666 0.259179509765625 0.17133024739583333 0.265119533203125 0.226930171875 0.69969072265625 0.16478977083333332
0 0.686129005859375 0.06203909895833334 0.6843297421875 0.051404190104166664 0.205272091796875 0.11125193750000001 0.21030800390625 0.16593755729166668 0.69050625 0.10066858333333334 0.6893164140625 0.08774801041666667 0.686129005859375 0.06203909895833334
0 0.529392935546875 0 0.41350071484375 0.010406122395833333 0.194615474609375 0.046240427083333334 0.19855628125 0.082841828125 0.685662267578125 0.039163619791666666 0.682055751953125 0 0.529392935546875 0