0 0.649259208984375 1 0.65132221875 0.9775974973958333 0.2782182578125 0.8979355234374999 0.27347515625 0.9494414739583333 0.491702173828125 1 0.649259208984375 1
0 0.653929220703125 0.967094828125 0.657781673828125 0.9163570104166667 0.254082890625 0.8305933255208333 0.25024812890625 0.8811390442708333 0.653929220703125 0.967094828125
0 0.65989291015625 0.9112379114583334 0.66235721875 0.8755740989583334 0.259069560546875 0.7942495078124999 0.2544984453125 0.8260807526041667 0.65989291015625 0.9112379114583334
0 0.668323345703125 0.8820155651041667 0.673167326171875 0.8205106041666667 0.23414097265625 0.7355210286458332 0.229500541015625 0.7859120755208333 0.668323345703125 0.8820155651041667
0 0.672954505859375 0.8139180807291666 0.678308765625 0.7557754973958333 0.239792689453125 0.6741483020833333 0.23475694921875 0.7288320572916667 0.672954505859375 0.8139180807291666
0 0.6790028359375 0.7482384973958333 0.681962912109375 0.7071911093750001 0.225889458984375 0.629247234375 0.22183213671875 0.6644026666666667 0.6790028359375 0.7482384973958333
0 0.68397499609375 0.7031487265625 0.688436876953125 0.6546965755208333 0.2537756875 0.5846299453125 0.250640703125 0.6275767083333333 0.68397499609375 0.7031487265625
0 0.688025751953125 0.6502574817708333 0.690574703125 0.6047710000000001 0.262276251953125 0.5368389791666667 0.258235458984375 0.58071846875 0.688025751953125 0.6502574817708333
0 0.692586787109375 0.6007286171875 0.696127267578125 0.5444749921875 0.257030787109375 0.4780540338541666 0.251290962890625 0.53147996875 0.692586787109375 0.6007286171875
0 0.698337658203125 0.5382791770833334 0.702076443359375 0.4798721223958333 0.262796169921875 0.424350546875 0.2585595546875 0.47035649739583335 0.698337658203125 0.5382791770833334
0 0.69902929296875 0.468443796875 0.703590328125 0.4189149322916667 0.32632194140625 0.3844749609375 0.321576255859375 0.4271054453125 0.69902929296875 0.468443796875
0 0.702185775390625 0.4163600364583333 0.707653701171875 0.36588669270833335 0.32947842578125 0.332391203125 0.32674780078125 0.3798504947916667 0.702185775390625 0.4163600364583333
0 0.7076391875 0.3571407395833333 0.713871310546875 0.28056177604166666 0.31400082421875 0.2511651354166667 0.309501091796875 0.32673895572916667 0.7076391875 0.3571407395833333
0 0.7168894375 0.27449820052083335 0.7220018515625 0.19227119010416668 0.32002012890625 0.1679936484375 0.312999904296875 0.2442271796875 0.7168894375 0.27449820052083335
0 0.72431139453125 0.18499866406249998 0.726279939453125 0.15471842187499998 0.313401037109375 0.13302865885416668 0.310943740234375 0.15971276041666668 0.72431139453125 0.18499866406249998
0 0.727385134765625 0.151620515625 0.729452833984375 0.12026355989583333 0.31818940234375 0.09883827083333334 0.315710580078125 0.12575613020833334 0.727385134765625 0.151620515625
0 0.443161171875 0.10399648177083333 0.713310697265625 0.031166768229166666 0.651538525390625 0.021053875 0.388235115234375 0.09500438541666667 0.38834878125 0.102673625 0.426708990234375 0.10458189322916667 0.443161171875 0.10399648177083333
0 0.579029294921875 0.009183190104166667 0.390912244140625 0.06593309635416666 0.39360069140625 0.09016018229166667 0.6461879609375 0.020177919270833334 0.579029294921875 0.009183190104166667
0 0.4523054921875 0 0.388813083984375 0.017499768229166667 0.389565205078125 0.04494657291666667 0.545847603515625 0.003750924479166667 0.52293598046875 0 0.4523054921875 0