0 0.54698538671875 1 0.179828623046875 0.8535519192708333 0.167308119140625 0.9042196171875 0.174959353515625 0.9072511692708334 0.4539557890625 1 0.54698538671875 1
0 0.606354287109375 1 0.61214544140625 0.9688995703125 0.191649994140625 0.8050168697916668 0.180043419921875 0.8524032552083334 0.555576982421875 1 0.606354287109375 1
0 0.202177767578125 0.7536114713541666 0.190785990234375 0.7998491953125 0.6138489296875 0.9648934218749999 0.62419937890625 0.9152031223958333 0.202177767578125 0.7536114713541666
0 0.625023498046875 0.9149231979166667 0.634050041015625 0.8764400052083333 0.21529526171875 0.7068031067708334 0.205834232421875 0.7438459713541666 0.625023498046875 0.9149231979166667
0 0.228834982421875 0.6551031875000001 0.21701358203125 0.7036383098958333 0.6340476171875 0.8715587526041667 0.645238529296875 0.8296031276041668 0.228834982421875 0.6551031875000001
0 0.64221015625 0.8279078828125 0.652952751953125 0.7753538333333333 0.23807152734375 0.60570884375 0.2264649375 0.6530952239583333 0.64221015625 0.8279078828125
0 0.653599521484375 0.7767889947916666 0.665083685546875 0.7234770338541666 0.24989530859375 0.5620550364583333 0.24817447265625 0.5663634140625 0.24022674609375 0.6088655390625001 0.653599521484375 0.7767889947916666
0 0.669287400390625 0.7075771432291668 0.683898818359375 0.639227671875 0.264721548828125 0.4925567473958334 0.251186521484375 0.5600440624999999 0.669287400390625 0.7075771432291668
0 0.28148340625 0.4176014921875 0.266225162109375 0.4845158619791667 0.68928091015625 0.63491628125 0.702383935546875 0.5648451276041667 0.28148340625 0.4176014921875
0 0.703677533203125 0.5677154739583333 0.710980845703125 0.5286594947916666 0.2816766328125 0.37252147916666667 0.272220509765625 0.41330192187500003 0.703677533203125 0.5677154739583333
0 0.289411958984375 0.3360492578125 0.2808150234375 0.372235046875 0.712701693359375 0.5243511223958334 0.7208690390625 0.4904626640625 0.289411958984375 0.3360492578125
0 0.722157841796875 0.48357052083333335 0.72839430859375 0.4649017395833333 0.73225840625 0.43934377343750003 0.73764356640625 0.4000349375 0.312417501953125 0.2570690390625 0.294579228515625 0.33288660416666666 0.722157841796875 0.48357052083333335
0 0.74235894140625 0.39511718229166665 0.761056443359375 0.3147046458333333 0.33062691796875 0.17615904687499997 0.31327434765625 0.24759283072916669 0.74235894140625 0.39511718229166665
0 0.345733626953125 0.12295076302083334 0.339296703125 0.17205581770833334 0.77617808984375 0.24778603645833333 0.781455560546875 0.19093377343749998 0.345733626953125 0.12295076302083334
0 0.353036939453125 0.08389478385416667 0.34745205078125 0.11376114062499999 0.790066908203125 0.1840356145833333 0.7936581796875 0.148925375 0.353036939453125 0.08389478385416667
0 0.79930826171875 0.1444036796875 0.801014669921875 0.11080783333333333 0.360168587890625 0.03970781510416667 0.3549701875 0.07355634114583333 0.79930826171875 0.1444036796875
0 0.36578453125 0 0.3616242890625 0.028184026041666668 0.80984078515625 0.1027608359375 0.81195207421875 0.088397703125 0.54604420703125 0 0.36578453125 0