0 0.279805224609375 0.09032941666666666 0.285445234375 0.11660641927083333 0.561984173828125 0.0340805 0.557670173828125 0.005359408854166667 0.279805224609375 0.09032941666666666
0 0.283701892578125 0.11705824739583333 0.288978515625 0.14704746875 0.563943509765625 0.06613554427083333 0.562323013671875 0.036404734375000004 0.283701892578125 0.11705824739583333
0 0.597791322265625 0.09354397135416666 0.592006466796875 0.06006834895833333 0.287404587890625 0.148661375 0.2909378203125 0.17910252083333333 0.597791322265625 0.09354397135416666
0 0.289727341796875 0.17700419270833334 0.2957061796875 0.2056053515625 0.6016276015625 0.12263283854166666 0.596750228515625 0.09260772916666667 0.289727341796875 0.17700419270833334
0 0.61091298046875 0.12149997135416667 0.2957061796875 0.2056053515625 0.29323595703125 0.21348172916666666 0.293864501953125 0.23020328645833332 0.295583306640625 0.23578799218750002 0.30253585546875 0.24790191145833332 0.61684268359375 0.16217421354166667 0.61091298046875 0.12149997135416667
0 0.30444229296875 0.2841452760416667 0.307735013671875 0.2881159973958333 0.62257839453125 0.20772284635416668 0.617012109375 0.16333637239583335 0.298318568359375 0.24834542447916666 0.3019009921875 0.26671346875 0.30444229296875 0.2841452760416667
0 0.616039556640625 0.231126109375 0.614345359375 0.21950492968750002 0.61107720703125 0.20949766666666667 0.307735013671875 0.2881159973958333 0.305095376953125 0.294830296875 0.306958998046875 0.3076136328125 0.309863732421875 0.3213331302083333 0.311921376953125 0.3292420729166667 0.6187167265625 0.25350209635416665 0.616039556640625 0.231126109375
0 0.624655419921875 0.29643086458333334 0.622961212890625 0.28480960677083333 0.622477525390625 0.2752867473958333 0.61923396875 0.2592429322916667 0.311388515625 0.3317922291666667 0.31320871875 0.35523147135416666 0.313517236328125 0.3650093619791666 0.624655419921875 0.29643086458333334
0 0.644701294921875 0.33465255468750005 0.642766552734375 0.2965610416666667 0.299570509765625 0.3686239869791667 0.304206248046875 0.4026641119791667 0.644701294921875 0.33465255468750005
0 0.64944506640625 0.3671920130208333 0.646783474609375 0.3365249609375 0.30465312109375 0.4034876796875 0.30922745703125 0.43486490364583336 0.64944506640625 0.3671920130208333
0 0.624792505859375 0.43388282552083335 0.61806484375 0.37532494270833333 0.318283 0.43493 0.328133970703125 0.4962965260416667 0.624792505859375 0.43388282552083335
0 0.63290010546875 0.4957011875 0.626003015625 0.4359811484375 0.32917503515625 0.49723277604166666 0.336152880859375 0.5535588671875 0.63290010546875 0.4957011875
0 0.632025841796875 0.5393449088541666 0.6262655390625 0.4998326640625 0.331713732421875 0.5580823125 0.335561255859375 0.5968841510416667 0.632025841796875 0.5393449088541666
0 0.335561255859375 0.5968841510416667 0.339941650390625 0.6331359088541667 0.635703927734375 0.5769845130208333 0.6313235859375 0.5407329010416667 0.335561255859375 0.5968841510416667
0 0.34185440625 0.6338461588541667 0.344879365234375 0.6608008333333334 0.658050552734375 0.6061677604166666 0.653984482421875 0.5782769296875 0.34185440625 0.6338461588541667
0 0.6998637109375 0.6447781197916667 0.696185623046875 0.607138515625 0.3418763984375 0.6712273411458334 0.345492234375 0.7063334713541667 0.6998637109375 0.6447781197916667
0 0.346426150390625 0.7086411927083334 0.349765408203125 0.7439566380208333 0.701829626953125 0.6803028776041667 0.69550534375 0.6459076927083334 0.346426150390625 0.7086411927083334
0 0.7080915859375 0.7198317265625 0.70458290625 0.6833540442708333 0.350079654296875 0.752317421875 0.358003744140625 0.78533096875 0.7080915859375 0.7198317265625
0 0.3610945625 0.7844375546875 0.363635861328125 0.8018693619791667 0.365305521484375 0.819527078125 0.36770195703125 0.8297603515624999 0.37009842578125 0.8399934505208333 0.373705388671875 0.8523249583333333 0.695007115234375 0.8041048645833334 0.685258669921875 0.7245434348958333 0.3610945625 0.7844375546875
0 0.38670183984375 0.9344147500000001 0.704231150390625 0.8981187552083334 0.69433362890625 0.8054074296875 0.377530921875 0.8537456171875001 0.37610182421875 0.8625582317708332 0.374309328125 0.8750829869791666 0.37634238671875 0.8890285625000001 0.378714271484375 0.9052982916666666 0.380916720703125 0.9204057838541666 0.38670183984375 0.9344147500000001