0 0.610012203125 1 0.23862276953125 0.902614671875 0.23660444921875 0.9116212421875001 0.440605833984375 1 0.610012203125 1
0 0.61164748046875 0.9695467630208333 0.618376552734375 0.9313994140625 0.2600326015625 0.82178046875 0.2492683203125 0.8694638958333334 0.61164748046875 0.9695467630208333
0 0.624548603515625 0.9306514270833333 0.6313762890625 0.9096562005208333 0.280500916015625 0.8009915885416666 0.27601487109375 0.8264231536458334 0.624548603515625 0.9306514270833333
0 0.645036642578125 0.9132929713541666 0.65207630078125 0.8844051901041667 0.277730357421875 0.7667131380208333 0.27149612109375 0.7958071666666666 0.645036642578125 0.9132929713541666
0 0.651553744140625 0.8830381770833333 0.658070845703125 0.8527833854166667 0.286278513671875 0.7316351145833333 0.27927242578125 0.760385140625 0.651553744140625 0.8830381770833333
0 0.648975431640625 0.8374367447916667 0.658470083984375 0.7879406276041667 0.314230150390625 0.6696037656249999 0.30043819140625 0.7262001458333334 0.648975431640625 0.8374367447916667
0 0.659475748046875 0.7838138020833334 0.67076976171875 0.7339565859375 0.32623896484375 0.6097905807291667 0.31500441796875 0.6629151354166667 0.659475748046875 0.7838138020833334
0 0.673323369140625 0.7305003671875 0.68388285546875 0.6871686979166666 0.340338 0.5554454427083334 0.32883574609375 0.6061572057291666 0.673323369140625 0.7305003671875
0 0.312046095703125 0.5135323541666666 0.305555498046875 0.5401670234375 0.69007462890625 0.6898511354166666 0.693673349609375 0.6891289427083334 0.699436201171875 0.6619692682291667 0.312046095703125 0.5135323541666666
0 0.700713005859375 0.6602411614583333 0.706475857421875 0.6330814869791667 0.355674396484375 0.49251134635416666 0.3497084765625 0.520504328125 0.700713005859375 0.6602411614583333
0 0.36449369140625 0.4598320442708333 0.358529765625 0.48781683854166663 0.709552021484375 0.6309922838541667 0.713826099609375 0.6134532734375 0.713515515625 0.6041937057291666 0.36449369140625 0.4598320442708333
0 0.37149390234375 0.4240834140625 0.3652806171875 0.45309147135416666 0.711967572265625 0.6035230963541667 0.71956923046875 0.582863171875 0.718233255859375 0.5743000078125 0.37149390234375 0.4240834140625
0 0.7318541640625 0.5710759296875 0.746860251953125 0.49545184375 0.366258388671875 0.3191588541666667 0.34697382421875 0.401805921875 0.7318541640625 0.5710759296875
0 0.7496455546875 0.48753349739583335 0.768270083984375 0.414617640625 0.390473244140625 0.23383672916666667 0.3719078828125 0.317043859375 0.7496455546875 0.48753349739583335
0 0.74477979296875 0.40215977604166664 0.754333611328125 0.36295492968750004 0.42343846484375 0.19336804947916666 0.41296388671875 0.23986266145833335 0.74477979296875 0.40215977604166664
0 0.762265578125 0.35498500000000005 0.76972917578125 0.3103121067708333 0.437517779296875 0.13559248697916668 0.42551828515625 0.1848333515625 0.762265578125 0.35498500000000005
0 0.795132185546875 0.2973641979166667 0.803951478515625 0.2646848958333333 0.4332731875 0.0687378984375 0.423951060546875 0.10348061458333334 0.795132185546875 0.2973641979166667
0 0.8049768671875 0.2639884947916667 0.813776439453125 0.22787876822916667 0.4433101171875 0.024039216145833334 0.434083123046875 0.06190290625 0.8049768671875 0.2639884947916667
0 0.439755724609375 0 0.438567671875 0.004875265625 0.435299259765625 0.018287447916666668 0.79802586328125 0.218773953125 0.801314 0.20879219270833335 0.804079578125 0.19744341927083334 0.8032464375 0.18681684375 0.48828976953125 0 0.439755724609375 0
0 0.833495671875 0.16100479427083333 0.84121693359375 0.1220930234375 0.575531689453125 0.006991200520833333 0.833495671875 0.16100479427083333