0 0.2134587578125 0.8260128359375 0.25942907421875 0.8156062135416667 0.216729779296875 0.42431071354166666 0.17653551953125 0.4292625807291666 0.2134587578125 0.8260128359375
0 0.261835119140625 0.812721140625 0.3038863359375 0.8025763828125 0.258973220703125 0.4169429609375 0.218571484375 0.4228910026041666 0.261835119140625 0.812721140625
0 0.375474916015625 0.781761015625 0.29457815234375 0.41299198697916667 0.26354530859375 0.42129672916666666 0.342653830078125 0.7970519427083333 0.375474916015625 0.781761015625
0 0.379045826171875 0.7868662317708334 0.41077738671875 0.7718576770833333 0.327913451171875 0.40510619010416665 0.295334669921875 0.4143035911458333 0.379045826171875 0.7868662317708334
0 0.44105602734375 0.7662717864583333 0.34959824609375 0.3715939869791667 0.325607255859375 0.37785378645833334 0.415104861328125 0.7782745390625 0.44105602734375 0.7662717864583333
0 0.444188076171875 0.7722446067708333 0.470033380859375 0.7595154296875001 0.37521922265625 0.36416663541666666 0.352094908203125 0.37320842708333335 0.444188076171875 0.7722446067708333
0 0.474027888671875 0.7675262630208333 0.48339442578125 0.7658525156249999 0.49801187890625 0.7575410286458334 0.3940411015625 0.3351988411458333 0.37824354296875 0.3392931536458333 0.372307708984375 0.34419537760416663 0.370586595703125 0.34881603385416665 0.474027888671875 0.7675262630208333
0 0.42149014453125 0.3295924427083333 0.409399869140625 0.33197208854166665 0.40154640234375 0.3362690130208333 0.40022984765625 0.33887175520833335 0.399669849609375 0.34278609375 0.399987541015625 0.34496527083333334 0.501370994140625 0.7611934609375001 0.514006033203125 0.7586726536458334 0.522737189453125 0.7526405520833334 0.52428077734375 0.7477174661458333 0.42149014453125 0.3295924427083333
0 0.4284428515625 0.34539826562500003 0.525249125 0.7504818489583333 0.53331439453125 0.7476377317708334 0.54029016796875 0.7450759296874999 0.54967194921875 0.7396290677083334 0.454976220703125 0.3382520546875 0.45237365625 0.33591120572916666 0.4440965625 0.33730257031250005 0.435698373046875 0.3417406875 0.4284428515625 0.34539826562500003
0 0.472952787109375 0.33359300000000003 0.46595560546875 0.334017875 0.46411573046875 0.3388986953125 0.552925208984375 0.7425551223958333 0.561308162109375 0.7418901562500001 0.571885322265625 0.736887296875 0.5778928203125 0.7315610963541667 0.489628037109375 0.32776353645833334 0.485164197265625 0.32816660937500003 0.47709893359375 0.33101074999999996 0.472952787109375 0.33359300000000003
0 0.592479763671875 0.7307959453125 0.5981542578125 0.7270637265625001 0.534113994140625 0.36146433854166665 0.51418411328125 0.36628613541666666 0.57843754296875 0.7314199166666667 0.584747427734375 0.7320460989583334 0.592479763671875 0.7307959453125
0 0.6005450234375 0.7279517760416666 0.60936680859375 0.726419265625 0.61939924609375 0.7215575833333333 0.620488767578125 0.7212752083333333 0.55863676171875 0.35559421093750004 0.55078931640625 0.355634859375 0.53956145703125 0.36005250000000005 0.6005450234375 0.7279517760416666
0 0.62297019140625 0.7266627890625 0.644003384765625 0.7197038619791667 0.576961658203125 0.323486765625 0.5587343515625 0.3286989895833333 0.62297019140625 0.7266627890625
0 0.644003390625 0.7197039114583333 0.663673783203125 0.7139472942708333 0.664370716796875 0.7159328619791667 0.598500634765625 0.3183926536458333 0.578889822265625 0.3234752604166667 0.644003390625 0.7197039114583333
0 0.6176726171875 0.31417758854166666 0.59893953125 0.31752502604166666 0.664370716796875 0.7159328619791667 0.68480391015625 0.7092247343750001 0.6176726171875 0.31417758854166666
0 0.70018748046875 0.7134346614583333 0.736140615234375 0.7041165520833333 0.6580318125 0.22703343489583336 0.623758111328125 0.23570869010416665 0.70018748046875 0.7134346614583333
0 0.777102318359375 0.6942542187499999 0.701096607421875 0.21943378385416668 0.668932751953125 0.22503723177083335 0.74202691015625 0.7018371666666666 0.777102318359375 0.6942542187499999
0 0.774757328125 0.6820466614583333 0.786408783203125 0.6805346328124999 0.725679716796875 0.31147202864583334 0.715740943359375 0.312129890625 0.774757328125 0.6820466614583333
0 0.789132478515625 0.6798287239583334 0.812329400390625 0.6760781770833333 0.75255656640625 0.3048497578125 0.730955494140625 0.30927565104166665 0.789132478515625 0.6798287239583334
0 0.7719259453125 0.27872221354166665 0.75500517578125 0.2823167604166667 0.818760494140625 0.6736575963541668 0.826053927734375 0.6732750052083333 0.835102814453125 0.6694220963541667 0.7719259453125 0.27872221354166665
0 0.83705475 0.6711776927083334 0.853835900390625 0.6660746458333333 0.7893889453125 0.27506345833333334 0.770942322265625 0.279730984375 0.83705475 0.6711776927083334
0 0.8546077265625 0.6636130729166666 0.87585271484375 0.6581069270833334 0.80927694921875 0.2707380442708333 0.789781376953125 0.2771099088541667 0.8546077265625 0.6636130729166666
0 0.87589656640625 0.6580203932291667 0.896702724609375 0.6533817942708333 0.829697404296875 0.2674433619791667 0.80954186328125 0.27266715104166667 0.87589656640625 0.6580203932291667