0 0.199458658203125 1 0.060303634765625 0.46208223697916667 0.014365263671875 0.46959479427083334 0.162191505859375 1 0.199458658203125 1
0 0.071861685546875 0.4303316067708333 0.067946021484375 0.4332568203125 0.211411806640625 0.99149453125 0.214168630859375 0.9942651354166667 0.22717280859375 0.9929240442708333 0.23914478515625 0.9895849088541667 0.249392138671875 0.9854732135416667 0.114788859375 0.4255747786458333 0.089120283203125 0.43148048958333335 0.071861685546875 0.4303316067708333
0 0.253647068359375 0.9868673567708334 0.26307587109375 0.9905791822916666 0.27677247265625 0.9880126067708334 0.288517931640625 0.982524453125 0.1533251640625 0.36247116145833336 0.111441380859375 0.3692239375 0.108899373046875 0.3697002786458334 0.253647068359375 0.9868673567708334
0 0.210451412109375 0.39778718750000003 0.197560494140625 0.4002027890625 0.17972222265625 0.40244972916666666 0.16824083984375 0.401314 0.16602562109375 0.4050163046875 0.290934978515625 0.9820715260416667 0.296335369140625 0.9865382239583332 0.30600355859375 0.9847265234374999 0.31567174609375 0.9829148229166668 0.32533993359375 0.9811031223958334 0.33121909765625 0.9745227760416667 0.217589294921875 0.39535390364583334 0.210451412109375 0.39778718750000003
0 0.251278638671875 0.3408286770833333 0.231829001953125 0.34337756770833333 0.214141267578125 0.3455963020833333 0.21421725 0.3477735286458334 0.336745615234375 0.9723914401041666 0.341214197265625 0.9836071458333334 0.351335423828125 0.986093484375 0.3626149765625 0.9839798333333333 0.37953430859375 0.9808093567708333 0.38552673046875 0.9753035182291666 0.269809333984375 0.3373562526041667 0.251278638671875 0.3408286770833333
0 0.38930288671875 0.9877447083333334 0.412554419921875 0.9822919244791667 0.304000638671875 0.32656628645833335 0.2743559140625 0.3321213463541667 0.38930288671875 0.9877447083333334
0 0.418899486328125 0.9723370703124999 0.43973396875 0.9673372109375 0.341641193359375 0.3173214401041667 0.310394095703125 0.32317676562500003 0.418899486328125 0.9723370703124999
0 0.4480173125 0.9679764791666666 0.458830958984375 0.9692373333333334 0.47033703125 0.9692727005208334 0.483227951171875 0.9668570989583333 0.386875208984375 0.23981395833333333 0.3356073046875 0.250516671875 0.3348456328125 0.25285086458333333 0.4480173125 0.9679764791666666
0 0.487181705078125 0.9420100885416667 0.49119725 0.9489277552083334 0.514322654296875 0.9500730052083334 0.527905994140625 0.9464319192708334 0.542760921875 0.9392653541666666 0.46986049609375 0.22426352864583332 0.429916154296875 0.2350358098958333 0.396388248046875 0.24241426302083333 0.487181705078125 0.9420100885416667
0 0.493438279296875 0.3600991692708333 0.555978751953125 0.9477458255208333 0.565520814453125 0.9525321562500001 0.58784053515625 0.9538283776041667 0.605792068359375 0.9526559479166666 0.624788666015625 0.9458090182291666 0.634582982421875 0.9373992864583333 0.589788828125 0.3409485234375 0.555484263671875 0.35066397916666664 0.493438279296875 0.3600991692708333
0 0.61597477734375 0.3009781354166667 0.600685947265625 0.3016516119791667 0.637970439453125 0.9071797265625 0.646820078125 0.9131915416666666 0.65729394921875 0.9112288645833333 0.670877291015625 0.9075877812500001 0.678707595703125 0.9039290104166667 0.65361533203125 0.29173329166666667 0.642562296875 0.29599596093749997 0.6264486484375 0.29901546093750003 0.61597477734375 0.3009781354166667
0 0.786978591796875 0.2930402395833333 0.78167859375 0.29732059375000003 0.76948009765625 0.2985107083333333 0.746002048828125 0.3018144765625 0.722637259765625 0.3061927526041667 0.70296110546875 0.306592625 0.676260326171875 0.3105002890625 0.659942251953125 0.3102708984375 0.68239459375 0.9065253125 0.689746126953125 0.9139135885416666 0.707458271484375 0.9182646796874999 0.723106015625 0.9186196822916667 0.747276486328125 0.9140904322916666 0.76707876953125 0.9070925260416667 0.781820439453125 0.8988514531249999 0.79100700390625 0.2922853645833333 0.786978591796875 0.2930402395833333
0 0.898162763671875 0.27220568489583336 0.882049115234375 0.2752251848958333 0.85615401953125 0.278981875 0.83267597265625 0.28228564322916666 0.81541686328125 0.2822325911458333 0.7938319609375 0.28627733854166665 0.78219881640625 0.8790573567708333 0.792773080078125 0.8858417317708334 0.807615140625 0.8863477109375001 0.830400767578125 0.8842694296875 0.8465144140625 0.8812499296874999 0.86228828515625 0.8750068984375 0.869086388671875 0.8693500859375001 0.903689279296875 0.2700743489583333 0.898162763671875 0.27220568489583336